Epoch	AUC-12	AUC-13	AUC-14	AUC-15	AUC-16	AUC-Avg	AUC-Mid	AUC-Best	
1.000000	0.374042	0.388485	0.507559	0.402892	0.592230	0.453042	0.402892	0.453042	
10.000000	0.626117	0.552067	0.619769	0.560489	0.618800	0.595448	0.618800	0.595448	
20.000000	0.602421	0.447785	0.597946	0.632688	0.602854	0.576739	0.602421	0.595448	
30.000000	0.676959	0.565705	0.617727	0.614541	0.600919	0.615170	0.614541	0.615170	
40.000000	0.723693	0.558308	0.659225	0.651425	0.578035	0.634137	0.651425	0.634137	
50.000000	0.746417	0.590155	0.696349	0.661526	0.571319	0.653153	0.661526	0.653153	
60.000000	0.767887	0.640106	0.746004	0.658764	0.540447	0.670642	0.658764	0.670642	
70.000000	0.775648	0.648772	0.744266	0.655250	0.499795	0.664746	0.655250	0.670642	
80.000000	0.757391	0.619364	0.745530	0.609396	0.538242	0.653984	0.619364	0.670642	
90.000000	0.760359	0.659513	0.785201	0.612130	0.513502	0.666141	0.659513	0.670642	
100.000000	0.762770	0.620062	0.769063	0.650352	0.523561	0.665162	0.650352	0.670642	
110.000000	0.745366	0.586885	0.759148	0.649220	0.546522	0.657428	0.649220	0.670642	
120.000000	0.721968	0.573659	0.742315	0.622096	0.513069	0.634621	0.622096	0.670642	
130.000000	0.751104	0.604919	0.760501	0.621861	0.514931	0.650663	0.621861	0.670642	
140.000000	0.750587	0.623487	0.758178	0.622798	0.513658	0.653742	0.623487	0.670642	
150.000000	0.752825	0.607171	0.765044	0.603616	0.508203	0.647372	0.607171	0.670642	
160.000000	0.737383	0.589650	0.729140	0.607712	0.515153	0.635808	0.607712	0.670642	
170.000000	0.784327	0.623013	0.686249	0.597248	0.498479	0.637863	0.623013	0.670642	
180.000000	0.764834	0.625970	0.683596	0.587081	0.522732	0.636843	0.625970	0.670642	
190.000000	0.741631	0.607010	0.668100	0.587706	0.511426	0.623175	0.607010	0.670642	
200.000000	0.782607	0.663577	0.703851	0.552954	0.493872	0.639372	0.663577	0.670642	
210.000000	0.745142	0.683515	0.664336	0.563711	0.485662	0.628473	0.664336	0.670642	
220.000000	0.746916	0.688918	0.663913	0.587801	0.481368	0.633783	0.663913	0.670642	
230.000000	0.706989	0.627201	0.599969	0.543454	0.477230	0.590968	0.599969	0.670642	
240.000000	0.681611	0.611719	0.617732	0.561420	0.467841	0.588064	0.611719	0.670642	
250.000000	0.719181	0.632575	0.611679	0.550134	0.505018	0.603717	0.611679	0.670642	
260.000000	0.722840	0.662824	0.641203	0.556462	0.543161	0.625298	0.641203	0.670642	
270.000000	0.735732	0.674638	0.657496	0.561231	0.541805	0.634180	0.657496	0.670642	
280.000000	0.725561	0.676621	0.670801	0.546719	0.531565	0.630253	0.670801	0.670642	
290.000000	0.755421	0.678542	0.698511	0.576997	0.571892	0.656273	0.678542	0.670642	
300.000000	0.745389	0.650816	0.721792	0.586255	0.537514	0.648353	0.650816	0.670642	
310.000000	0.766820	0.690858	0.708450	0.586410	0.559059	0.662320	0.690858	0.670642	
320.000000	0.789159	0.693688	0.729936	0.593207	0.529090	0.667016	0.693688	0.670642	
330.000000	0.785842	0.706107	0.749206	0.578167	0.520389	0.667942	0.706107	0.670642	
340.000000	0.786118	0.690853	0.706616	0.600998	0.505867	0.658090	0.690853	0.670642	
350.000000	0.771499	0.698607	0.715991	0.614599	0.481855	0.656510	0.698607	0.670642	
360.000000	0.726904	0.641851	0.651962	0.600715	0.453762	0.615039	0.641851	0.670642	
370.000000	0.668406	0.676649	0.668206	0.552856	0.378782	0.588980	0.668206	0.670642	
380.000000	0.677876	0.723271	0.703900	0.584177	0.377851	0.613415	0.677876	0.670642	
390.000000	0.663960	0.679660	0.682809	0.603388	0.344660	0.594896	0.663960	0.670642	
400.000000	0.595322	0.647162	0.650239	0.621964	0.400614	0.583060	0.621964	0.670642	
410.000000	0.577442	0.578065	0.572542	0.642026	0.406618	0.555339	0.577442	0.670642	
420.000000	0.549722	0.544473	0.556922	0.653644	0.455268	0.552006	0.549722	0.670642	
430.000000	0.575112	0.517985	0.540556	0.648830	0.447793	0.546055	0.540556	0.670642	
440.000000	0.569162	0.511017	0.514637	0.642336	0.436611	0.534753	0.514637	0.670642	
450.000000	0.652444	0.535958	0.633656	0.673475	0.420387	0.583184	0.633656	0.670642	
460.000000	0.714259	0.593315	0.642725	0.630161	0.388535	0.593799	0.630161	0.670642	
470.000000	0.712081	0.632315	0.648729	0.620497	0.388259	0.600376	0.632315	0.670642	
480.000000	0.743363	0.682402	0.694349	0.631862	0.366808	0.623757	0.682402	0.670642	
490.000000	0.738133	0.646975	0.670330	0.612021	0.361734	0.605839	0.646975	0.670642	
500.000000	0.705865	0.624387	0.654037	0.588043	0.394411	0.593349	0.624387	0.670642	
510.000000	0.691293	0.609917	0.643956	0.607321	0.390046	0.588507	0.609917	0.670642	
520.000000	0.697974	0.509356	0.588491	0.621436	0.354073	0.554266	0.588491	0.670642	
530.000000	0.708206	0.549504	0.625277	0.615950	0.381023	0.575992	0.615950	0.670642	
540.000000	0.724442	0.546726	0.658776	0.578657	0.395554	0.580831	0.578657	0.670642	
550.000000	0.763474	0.564190	0.676462	0.627655	0.398661	0.606089	0.627655	0.670642	
560.000000	0.791131	0.640782	0.710285	0.617103	0.405491	0.632958	0.640782	0.670642	
570.000000	0.801682	0.631124	0.726018	0.612731	0.403527	0.635016	0.631124	0.670642	
580.000000	0.793787	0.610164	0.672797	0.607824	0.434585	0.623831	0.610164	0.670642	
590.000000	0.746551	0.597557	0.668068	0.622495	0.441915	0.615317	0.622495	0.670642	
600.000000	0.745165	0.593834	0.660625	0.623702	0.430388	0.610743	0.623702	0.670642	
610.000000	0.758458	0.560292	0.680272	0.610832	0.474909	0.616952	0.610832	0.670642	
620.000000	0.783960	0.590313	0.688132	0.610350	0.438300	0.622211	0.610350	0.670642	
630.000000	0.770303	0.561944	0.699881	0.560974	0.474380	0.613497	0.561944	0.670642	
640.000000	0.727347	0.523419	0.636763	0.580580	0.451254	0.583873	0.580580	0.670642	
650.000000	0.731609	0.531070	0.599793	0.575779	0.468083	0.581267	0.575779	0.670642	
660.000000	0.731776	0.508718	0.620152	0.572746	0.457888	0.578256	0.572746	0.670642	
670.000000	0.732292	0.568084	0.665259	0.557516	0.493282	0.603287	0.568084	0.670642	
680.000000	0.806914	0.658696	0.660943	0.570361	0.481471	0.635677	0.658696	0.670642	
690.000000	0.804975	0.680849	0.671103	0.572510	0.497045	0.645297	0.671103	0.670642	
700.000000	0.795789	0.649704	0.672677	0.586595	0.435338	0.628021	0.649704	0.670642	
710.000000	0.786990	0.646811	0.680738	0.565970	0.440759	0.624254	0.646811	0.670642	
720.000000	0.780753	0.652880	0.644381	0.573744	0.434598	0.617271	0.644381	0.670642	
730.000000	0.754506	0.621944	0.616486	0.549594	0.435172	0.595541	0.616486	0.670642	
740.000000	0.735452	0.630901	0.654958	0.570540	0.370385	0.592447	0.630901	0.670642	
750.000000	0.748080	0.645181	0.615062	0.574108	0.393452	0.595176	0.615062	0.670642	
760.000000	0.760854	0.607264	0.709918	0.595506	0.410425	0.616794	0.607264	0.670642	
770.000000	0.764596	0.624899	0.748100	0.603362	0.389937	0.626179	0.624899	0.670642	
780.000000	0.801109	0.633534	0.780008	0.618043	0.402303	0.647000	0.633534	0.670642	
790.000000	0.768265	0.657094	0.751693	0.638977	0.423988	0.648003	0.657094	0.670642	
800.000000	0.757761	0.666107	0.776293	0.632269	0.453354	0.657157	0.666107	0.670642	
810.000000	0.805817	0.696244	0.761290	0.614012	0.423621	0.660197	0.696244	0.670642	
820.000000	0.833260	0.713366	0.784371	0.609897	0.417562	0.671691	0.713366	0.671691	
830.000000	0.815931	0.718127	0.734616	0.576421	0.433019	0.655623	0.718127	0.671691	
840.000000	0.835382	0.757312	0.753067	0.535482	0.415572	0.659363	0.753067	0.671691	
850.000000	0.790919	0.682559	0.707642	0.567785	0.439219	0.637625	0.682559	0.671691	
860.000000	0.778242	0.661095	0.690206	0.608354	0.434942	0.634568	0.661095	0.671691	
870.000000	0.746848	0.679367	0.721926	0.624004	0.448753	0.644180	0.679367	0.671691	
880.000000	0.733232	0.699390	0.700580	0.593304	0.453590	0.636019	0.699390	0.671691	
890.000000	0.752820	0.733044	0.708260	0.618016	0.467997	0.656028	0.708260	0.671691	
900.000000	0.789552	0.725390	0.750054	0.596507	0.474723	0.667245	0.725390	0.671691	
910.000000	0.730568	0.679967	0.717158	0.609559	0.455862	0.638623	0.679967	0.671691	
920.000000	0.775940	0.688208	0.758679	0.634260	0.459940	0.663406	0.688208	0.671691	
930.000000	0.789200	0.692252	0.752223	0.622960	0.473993	0.666126	0.692252	0.671691	
940.000000	0.789744	0.696890	0.770787	0.583775	0.457389	0.659717	0.696890	0.671691	
950.000000	0.819079	0.675413	0.733566	0.563846	0.465644	0.651509	0.675413	0.671691	
960.000000	0.842358	0.686423	0.758178	0.577814	0.441871	0.661329	0.686423	0.671691	
970.000000	0.821482	0.718103	0.760765	0.573948	0.435172	0.661894	0.718103	0.671691	
980.000000	0.828715	0.696568	0.739589	0.626858	0.446868	0.667720	0.696568	0.671691	
990.000000	0.833003	0.710112	0.767534	0.618428	0.413128	0.668441	0.710112	0.671691	
1000.000000	0.835166	0.700909	0.753163	0.629673	0.412425	0.666267	0.700909	0.671691	
1010.000000	0.841597	0.681123	0.762550	0.632314	0.439036	0.671324	0.681123	0.671691	
1020.000000	0.834822	0.708494	0.749731	0.585428	0.464639	0.668623	0.708494	0.671691	
1030.000000	0.861402	0.710642	0.778057	0.570743	0.483048	0.680778	0.710642	0.680778	
1040.000000	0.823527	0.680034	0.783245	0.600043	0.521432	0.681656	0.680034	0.681656	
1050.000000	0.780796	0.611691	0.710075	0.551769	0.554588	0.641784	0.611691	0.681656	
1060.000000	0.771996	0.578862	0.715050	0.518756	0.515978	0.620128	0.578862	0.681656	
1070.000000	0.799613	0.610272	0.730693	0.528355	0.530216	0.639830	0.610272	0.681656	
1080.000000	0.743957	0.484936	0.668569	0.521505	0.561006	0.595994	0.561006	0.681656	
1090.000000	0.708376	0.459577	0.632925	0.582295	0.599301	0.596495	0.599301	0.681656	
1100.000000	0.755012	0.501466	0.676241	0.599517	0.603046	0.627057	0.603046	0.681656	
1110.000000	0.755742	0.552422	0.699422	0.622512	0.599522	0.645924	0.622512	0.681656	
1120.000000	0.786297	0.528286	0.729677	0.591863	0.590244	0.645273	0.591863	0.681656	
1130.000000	0.748477	0.586797	0.724599	0.580926	0.564757	0.641111	0.586797	0.681656	
1140.000000	0.778228	0.667053	0.776173	0.529419	0.588816	0.667938	0.667053	0.681656	
1150.000000	0.782677	0.642753	0.757597	0.575236	0.556389	0.662931	0.642753	0.681656	
1160.000000	0.798704	0.686806	0.766436	0.546074	0.570597	0.673723	0.686806	0.681656	
1170.000000	0.788700	0.641595	0.702341	0.585636	0.561331	0.655921	0.641595	0.681656	
1180.000000	0.740604	0.561851	0.678767	0.590804	0.511189	0.616643	0.590804	0.681656	
1190.000000	0.769103	0.531321	0.658197	0.569958	0.515816	0.608879	0.569958	0.681656	
1200.000000	0.735664	0.548018	0.627949	0.585875	0.516074	0.602716	0.585875	0.681656	
1210.000000	0.727749	0.571641	0.607145	0.559908	0.461603	0.585609	0.571641	0.681656	
1220.000000	0.729114	0.565186	0.605897	0.614410	0.462467	0.595415	0.605897	0.681656	
1230.000000	0.713060	0.526470	0.567787	0.632768	0.499963	0.588010	0.567787	0.681656	
1240.000000	0.758188	0.600576	0.624691	0.640122	0.532144	0.631144	0.624691	0.681656	
1250.000000	0.771777	0.647851	0.683877	0.626034	0.468362	0.639580	0.647851	0.681656	
1260.000000	0.787991	0.668566	0.672108	0.616948	0.472931	0.643709	0.668566	0.681656	
1270.000000	0.790342	0.651566	0.733307	0.641031	0.447642	0.652777	0.651566	0.681656	
1280.000000	0.823852	0.729309	0.806252	0.631860	0.428825	0.684020	0.729309	0.684020	
1290.000000	0.816805	0.725963	0.791814	0.645299	0.452927	0.686562	0.725963	0.686562	
1300.000000	0.851599	0.744900	0.816411	0.647433	0.468122	0.705693	0.744900	0.705693	
1310.000000	0.840389	0.698635	0.779924	0.659433	0.460351	0.687746	0.698635	0.705693	
1320.000000	0.834942	0.679845	0.762265	0.642766	0.460741	0.676112	0.679845	0.705693	
1330.000000	0.808001	0.649629	0.738969	0.650612	0.468550	0.663152	0.650612	0.705693	
1340.000000	0.832892	0.642030	0.736306	0.673543	0.449057	0.666766	0.673543	0.705693	
1350.000000	0.831978	0.668645	0.750078	0.664808	0.470393	0.677180	0.668645	0.705693	
1360.000000	0.813714	0.634713	0.744758	0.656957	0.504184	0.670865	0.656957	0.705693	
1370.000000	0.811780	0.636646	0.722312	0.678191	0.500896	0.669965	0.678191	0.705693	
1380.000000	0.744546	0.544750	0.680596	0.712704	0.542632	0.645046	0.680596	0.705693	
1390.000000	0.749807	0.552417	0.650462	0.677885	0.558209	0.637756	0.650462	0.705693	
1400.000000	0.745476	0.548255	0.669564	0.661991	0.576591	0.640375	0.661991	0.705693	
1410.000000	0.726814	0.548786	0.647327	0.640052	0.543790	0.621354	0.640052	0.705693	
1420.000000	0.828639	0.647970	0.717779	0.647711	0.460383	0.660497	0.647970	0.705693	
1430.000000	0.833078	0.653566	0.754746	0.637213	0.406580	0.657037	0.653566	0.705693	
1440.000000	0.802348	0.593679	0.729867	0.624632	0.465475	0.643200	0.624632	0.705693	
1450.000000	0.788782	0.595995	0.688083	0.625879	0.460714	0.631891	0.625879	0.705693	
1460.000000	0.809525	0.555236	0.731802	0.597022	0.442033	0.627124	0.597022	0.705693	
1470.000000	0.750401	0.521925	0.676273	0.618503	0.471426	0.607706	0.618503	0.705693	
1480.000000	0.756364	0.522410	0.637867	0.598754	0.469959	0.597071	0.598754	0.705693	
1490.000000	0.719746	0.473356	0.619117	0.620996	0.499960	0.586635	0.619117	0.705693	
1500.000000	0.722129	0.492166	0.666172	0.691729	0.518543	0.618148	0.666172	0.705693	
1510.000000	0.693388	0.506516	0.652677	0.692090	0.533013	0.615537	0.652677	0.705693	
1520.000000	0.734056	0.507876	0.656710	0.733941	0.526940	0.631905	0.656710	0.705693	
1530.000000	0.746647	0.519576	0.662516	0.725624	0.530809	0.637035	0.662516	0.705693	
1540.000000	0.736234	0.532944	0.664414	0.710613	0.524292	0.633700	0.664414	0.705693	
1550.000000	0.702766	0.522047	0.629728	0.701217	0.520419	0.615236	0.629728	0.705693	
1560.000000	0.717270	0.476015	0.611168	0.652982	0.516566	0.594800	0.611168	0.705693	
1570.000000	0.727717	0.543288	0.664805	0.659336	0.533134	0.625656	0.659336	0.705693	
1580.000000	0.743983	0.602415	0.710575	0.657098	0.496880	0.642190	0.657098	0.705693	
1590.000000	0.743229	0.613726	0.695587	0.678087	0.533125	0.652751	0.678087	0.705693	
1600.000000	0.737727	0.624058	0.700766	0.654436	0.530496	0.649497	0.654436	0.705693	
1610.000000	0.759756	0.617869	0.689919	0.652304	0.522132	0.648396	0.652304	0.705693	
1620.000000	0.720398	0.598005	0.678007	0.664512	0.487718	0.629728	0.664512	0.705693	
1630.000000	0.752330	0.665715	0.743837	0.685073	0.506242	0.670639	0.685073	0.705693	
1640.000000	0.757169	0.655963	0.719838	0.683387	0.499482	0.663168	0.683387	0.705693	
1650.000000	0.728200	0.628836	0.700450	0.675909	0.498988	0.646477	0.675909	0.705693	
1660.000000	0.666182	0.557639	0.638924	0.720024	0.548427	0.626239	0.638924	0.705693	
1670.000000	0.668844	0.520107	0.601205	0.706694	0.570203	0.613411	0.601205	0.705693	
1680.000000	0.664236	0.510249	0.618531	0.716182	0.542656	0.610371	0.618531	0.705693	
1690.000000	0.692287	0.505440	0.633770	0.715756	0.537907	0.617032	0.633770	0.705693	
1700.000000	0.722508	0.492817	0.657027	0.717304	0.569911	0.631913	0.657027	0.705693	
1710.000000	0.702286	0.472936	0.624624	0.678344	0.548908	0.605420	0.624624	0.705693	
1720.000000	0.726003	0.528155	0.658471	0.673642	0.522605	0.621775	0.658471	0.705693	
1730.000000	0.788989	0.597757	0.707131	0.675701	0.513564	0.656628	0.675701	0.705693	
1740.000000	0.762133	0.539181	0.667002	0.650117	0.473730	0.618433	0.650117	0.705693	
1750.000000	0.730602	0.529994	0.654589	0.624279	0.509216	0.609736	0.624279	0.705693	
1760.000000	0.692073	0.533542	0.613802	0.628780	0.545470	0.602733	0.613802	0.705693	
1770.000000	0.677503	0.505567	0.603408	0.627774	0.560086	0.594867	0.603408	0.705693	
1780.000000	0.683925	0.530922	0.627483	0.635009	0.559795	0.607427	0.627483	0.705693	
1790.000000	0.661692	0.532674	0.602912	0.606811	0.551794	0.591177	0.602912	0.705693	
1800.000000	0.712622	0.554174	0.632359	0.597294	0.572073	0.613704	0.597294	0.705693	
1810.000000	0.654131	0.519313	0.590196	0.592122	0.576131	0.586379	0.590196	0.705693	
1820.000000	0.684427	0.571491	0.643071	0.619322	0.569781	0.617618	0.619322	0.705693	
1830.000000	0.712096	0.582385	0.637329	0.613832	0.566532	0.622435	0.613832	0.705693	
1840.000000	0.664705	0.573464	0.655009	0.626858	0.561041	0.616215	0.626858	0.705693	
1850.000000	0.665035	0.559519	0.639694	0.601606	0.533603	0.599891	0.601606	0.705693	
1860.000000	0.641722	0.589521	0.621225	0.624908	0.541315	0.603738	0.621225	0.705693	
1870.000000	0.627529	0.594223	0.631311	0.593547	0.587809	0.606884	0.594223	0.705693	
1880.000000	0.639465	0.578648	0.649060	0.618913	0.551333	0.607484	0.618913	0.705693	
1890.000000	0.646726	0.587076	0.672311	0.608785	0.556742	0.614328	0.608785	0.705693	
1900.000000	0.666818	0.600695	0.659563	0.651112	0.525865	0.620811	0.651112	0.705693	
1910.000000	0.693689	0.625179	0.675677	0.647660	0.533240	0.635089	0.647660	0.705693	
1920.000000	0.629756	0.560930	0.673693	0.646144	0.547999	0.611704	0.629756	0.705693	
1930.000000	0.659955	0.603230	0.683078	0.671932	0.530837	0.629806	0.659955	0.705693	
1940.000000	0.664161	0.682456	0.711009	0.658350	0.511396	0.645474	0.664161	0.705693	
1950.000000	0.746105	0.711994	0.752558	0.644755	0.471564	0.665395	0.711994	0.705693	
1960.000000	0.761752	0.715454	0.738510	0.662424	0.466327	0.668893	0.715454	0.705693	
1970.000000	0.793761	0.719781	0.758978	0.678375	0.513582	0.692895	0.719781	0.705693	
1980.000000	0.787647	0.678064	0.756182	0.648823	0.496729	0.673489	0.678064	0.705693	
1990.000000	0.753793	0.665604	0.769351	0.656909	0.518157	0.672763	0.665604	0.705693	
2000.000000	0.763842	0.627589	0.730642	0.615449	0.541439	0.655792	0.627589	0.705693	
2010.000000	0.760218	0.622076	0.735063	0.612029	0.506667	0.647211	0.622076	0.705693	
2020.000000	0.756545	0.602062	0.697751	0.649908	0.488315	0.638916	0.649908	0.705693	
2030.000000	0.784311	0.568714	0.704601	0.629275	0.494976	0.636375	0.629275	0.705693	
2040.000000	0.751072	0.547729	0.720690	0.652302	0.509140	0.636186	0.652302	0.705693	
2050.000000	0.732667	0.500247	0.698753	0.633847	0.509946	0.615092	0.633847	0.705693	
2060.000000	0.742329	0.513596	0.666954	0.628289	0.484679	0.607169	0.628289	0.705693	
2070.000000	0.740126	0.499469	0.696637	0.667843	0.503206	0.621456	0.667843	0.705693	
2080.000000	0.753310	0.531422	0.706259	0.680289	0.491934	0.632643	0.680289	0.705693	
2090.000000	0.737322	0.524563	0.679727	0.658529	0.514181	0.622865	0.658529	0.705693	
2100.000000	0.758628	0.567468	0.706208	0.654692	0.501063	0.637612	0.654692	0.705693	
2110.000000	0.756420	0.620488	0.733629	0.662013	0.501800	0.654870	0.662013	0.705693	
2120.000000	0.736319	0.574531	0.696578	0.638352	0.529485	0.635053	0.638352	0.705693	
2130.000000	0.757222	0.598807	0.702910	0.619434	0.579184	0.651511	0.619434	0.705693	
2140.000000	0.748063	0.581565	0.702300	0.603727	0.543152	0.635762	0.603727	0.705693	
2150.000000	0.783602	0.623774	0.751852	0.585456	0.557275	0.660392	0.623774	0.705693	
2160.000000	0.777584	0.635519	0.746181	0.603962	0.536368	0.659923	0.635519	0.705693	
2170.000000	0.798506	0.652671	0.767789	0.593169	0.567830	0.675993	0.652671	0.705693	
2180.000000	0.790757	0.624298	0.740068	0.598912	0.568372	0.664481	0.624298	0.705693	
2190.000000	0.804591	0.628402	0.736165	0.622818	0.569537	0.672303	0.628402	0.705693	
2200.000000	0.791249	0.630798	0.743073	0.664453	0.563974	0.678709	0.664453	0.705693	
2210.000000	0.755169	0.618973	0.727393	0.679058	0.546705	0.665460	0.679058	0.705693	
2220.000000	0.784016	0.626701	0.750020	0.679402	0.560081	0.680044	0.679402	0.705693	
2230.000000	0.791457	0.610020	0.728049	0.671781	0.555373	0.671336	0.671781	0.705693	
2240.000000	0.784982	0.602405	0.750831	0.670650	0.542768	0.670327	0.670650	0.705693	
2250.000000	0.768035	0.570293	0.723280	0.677695	0.554848	0.658830	0.677695	0.705693	
2260.000000	0.756964	0.562908	0.695299	0.641532	0.526961	0.636733	0.641532	0.705693	
2270.000000	0.716566	0.525989	0.647862	0.622275	0.550118	0.612562	0.622275	0.705693	
2280.000000	0.699774	0.470203	0.625331	0.638578	0.560837	0.598945	0.625331	0.705693	
2290.000000	0.714737	0.474868	0.626557	0.636774	0.591016	0.608791	0.626557	0.705693	
2300.000000	0.712056	0.487280	0.658798	0.635908	0.601405	0.619089	0.635908	0.705693	
2310.000000	0.685280	0.483036	0.596786	0.621123	0.590490	0.595343	0.596786	0.705693	
2320.000000	0.717275	0.490606	0.663117	0.646861	0.595774	0.622727	0.646861	0.705693	
2330.000000	0.720510	0.517500	0.638935	0.673082	0.578930	0.625792	0.638935	0.705693	
2340.000000	0.765248	0.588885	0.690797	0.668214	0.564085	0.655446	0.668214	0.705693	
2350.000000	0.738284	0.595300	0.720043	0.641447	0.560380	0.651091	0.641447	0.705693	
2360.000000	0.738900	0.624756	0.717847	0.634256	0.562698	0.655691	0.634256	0.705693	
2370.000000	0.734342	0.597893	0.686422	0.629234	0.574645	0.644507	0.629234	0.705693	
2380.000000	0.692334	0.561010	0.650105	0.603238	0.574775	0.616292	0.603238	0.705693	
2390.000000	0.707923	0.554204	0.650969	0.625315	0.580073	0.623697	0.625315	0.705693	
2400.000000	0.734422	0.541797	0.654758	0.629611	0.570971	0.626312	0.629611	0.705693	
2410.000000	0.739242	0.553992	0.677611	0.617154	0.554916	0.628583	0.617154	0.705693	
2420.000000	0.766224	0.572912	0.689888	0.615577	0.549091	0.638738	0.615577	0.705693	
2430.000000	0.753814	0.566770	0.670301	0.567245	0.524004	0.616427	0.567245	0.705693	
2440.000000	0.751944	0.506338	0.651954	0.605203	0.546318	0.612351	0.605203	0.705693	
2450.000000	0.742197	0.499967	0.626589	0.625266	0.547928	0.608389	0.625266	0.705693	
2460.000000	0.695774	0.490047	0.594238	0.613229	0.521337	0.582925	0.594238	0.705693	
2470.000000	0.726979	0.488744	0.602027	0.610139	0.524614	0.590501	0.602027	0.705693	
2480.000000	0.757867	0.542394	0.639340	0.576788	0.507492	0.604776	0.576788	0.705693	
2490.000000	0.740678	0.536710	0.652110	0.552745	0.489013	0.594251	0.552745	0.705693	
2500.000000	0.756717	0.551352	0.685738	0.558745	0.541743	0.618859	0.558745	0.705693	
2510.000000	0.730749	0.523833	0.641309	0.568125	0.544199	0.601643	0.568125	0.705693	
2520.000000	0.702684	0.505595	0.647170	0.542302	0.548052	0.589160	0.548052	0.705693	
2530.000000	0.698252	0.474683	0.617671	0.532863	0.567976	0.578289	0.567976	0.705693	
2540.000000	0.676254	0.459708	0.595359	0.524718	0.606035	0.572415	0.595359	0.705693	
2550.000000	0.652795	0.444055	0.593518	0.523426	0.575828	0.557924	0.575828	0.705693	
2560.000000	0.710654	0.490921	0.618335	0.518172	0.578570	0.583331	0.578570	0.705693	
2570.000000	0.735255	0.528846	0.642408	0.572458	0.580847	0.611963	0.580847	0.705693	
2580.000000	0.725219	0.509856	0.640932	0.575823	0.596938	0.609754	0.596938	0.705693	
2590.000000	0.754515	0.594227	0.682116	0.572567	0.635872	0.647860	0.635872	0.705693	
2600.000000	0.763851	0.623950	0.701140	0.570784	0.593225	0.650590	0.623950	0.705693	
2610.000000	0.756170	0.627799	0.708453	0.569600	0.579940	0.648392	0.627799	0.705693	
2620.000000	0.769619	0.654219	0.734426	0.596630	0.573555	0.665690	0.654219	0.705693	
2630.000000	0.792521	0.693620	0.705033	0.562846	0.541170	0.659038	0.693620	0.705693	
2640.000000	0.762287	0.681342	0.707070	0.569064	0.528683	0.649689	0.681342	0.705693	
2650.000000	0.736096	0.637950	0.701909	0.573614	0.595514	0.649016	0.637950	0.705693	
2660.000000	0.718889	0.642274	0.642841	0.586423	0.573908	0.632867	0.642274	0.705693	
2670.000000	0.747543	0.623278	0.646856	0.587973	0.568664	0.634863	0.623278	0.705693	
2680.000000	0.754499	0.627722	0.658430	0.614676	0.561369	0.643339	0.627722	0.705693	
2690.000000	0.772484	0.645975	0.668798	0.566075	0.573669	0.645400	0.645975	0.705693	
2700.000000	0.728047	0.570845	0.620614	0.568454	0.585930	0.614778	0.585930	0.705693	
2710.000000	0.660436	0.513359	0.594255	0.551389	0.624924	0.588872	0.594255	0.705693	
2720.000000	0.669009	0.475813	0.583894	0.589043	0.652227	0.593997	0.589043	0.705693	
2730.000000	0.662688	0.503956	0.608545	0.598140	0.624724	0.599611	0.608545	0.705693	
2740.000000	0.687535	0.516231	0.601146	0.593330	0.616635	0.602975	0.601146	0.705693	
2750.000000	0.650460	0.514374	0.614117	0.627362	0.619148	0.605092	0.619148	0.705693	
2760.000000	0.682545	0.520977	0.606141	0.608715	0.646881	0.613052	0.608715	0.705693	
2770.000000	0.692315	0.559731	0.632815	0.606509	0.620430	0.622360	0.620430	0.705693	
2780.000000	0.736997	0.576581	0.638504	0.613964	0.599679	0.633145	0.613964	0.705693	
2790.000000	0.707031	0.580234	0.639042	0.620502	0.612278	0.631817	0.620502	0.705693	
2800.000000	0.724454	0.543764	0.646582	0.617109	0.624116	0.631205	0.624116	0.705693	
2810.000000	0.716021	0.569478	0.647906	0.617084	0.622488	0.634596	0.622488	0.705693	
2820.000000	0.715767	0.581749	0.645950	0.614767	0.618232	0.635293	0.618232	0.705693	
2830.000000	0.732236	0.590794	0.679304	0.621972	0.618751	0.648611	0.621972	0.705693	
2840.000000	0.729435	0.627217	0.695052	0.595506	0.598071	0.649056	0.627217	0.705693	
2850.000000	0.728810	0.639883	0.693633	0.597633	0.600897	0.652171	0.639883	0.705693	
2860.000000	0.711890	0.617763	0.654609	0.607368	0.567571	0.631840	0.617763	0.705693	
2870.000000	0.722265	0.662877	0.696918	0.618164	0.572256	0.654496	0.662877	0.705693	
2880.000000	0.727349	0.624811	0.673926	0.625761	0.586264	0.647622	0.625761	0.705693	
2890.000000	0.720644	0.643897	0.700585	0.629038	0.583619	0.655557	0.643897	0.705693	
2900.000000	0.728393	0.650545	0.699136	0.642362	0.534754	0.651038	0.650545	0.705693	
2910.000000	0.755044	0.686203	0.737285	0.642172	0.538604	0.671861	0.686203	0.705693	
2920.000000	0.768681	0.675766	0.715898	0.641273	0.535957	0.667515	0.675766	0.705693	
2930.000000	0.773386	0.696686	0.717004	0.649749	0.542895	0.675944	0.696686	0.705693	
2940.000000	0.777905	0.684008	0.708936	0.631962	0.570219	0.674606	0.684008	0.705693	
2950.000000	0.756170	0.688593	0.725759	0.621819	0.572300	0.672928	0.688593	0.705693	
2960.000000	0.763950	0.703516	0.730163	0.634912	0.569840	0.680476	0.703516	0.705693	
2970.000000	0.769275	0.730931	0.741807	0.651797	0.592121	0.697186	0.730931	0.705693	
2980.000000	0.733465	0.664101	0.697693	0.640759	0.594664	0.666136	0.664101	0.705693	
2990.000000	0.734076	0.642594	0.683500	0.670580	0.605940	0.667338	0.670580	0.705693	
3000.000000	0.712923	0.642349	0.669607	0.667129	0.621936	0.662789	0.667129	0.705693	
3010.000000	0.699430	0.631482	0.668278	0.638659	0.603607	0.648291	0.638659	0.705693	
3020.000000	0.748298	0.654494	0.689793	0.665412	0.566421	0.664884	0.665412	0.705693	
3030.000000	0.759080	0.688732	0.713366	0.661407	0.550423	0.674602	0.688732	0.705693	
3040.000000	0.761413	0.697633	0.734742	0.640718	0.530771	0.673055	0.697633	0.705693	
3050.000000	0.711665	0.679095	0.713448	0.626671	0.540745	0.654325	0.679095	0.705693	
3060.000000	0.749628	0.675155	0.737195	0.640902	0.507415	0.662059	0.675155	0.705693	
3070.000000	0.738934	0.682479	0.745330	0.639086	0.532522	0.667670	0.682479	0.705693	
3080.000000	0.738632	0.686389	0.751324	0.637174	0.501280	0.662960	0.686389	0.705693	
3090.000000	0.721711	0.687271	0.739765	0.636998	0.554136	0.667976	0.687271	0.705693	
3100.000000	0.724708	0.652793	0.707827	0.635828	0.566359	0.657503	0.652793	0.705693	
3110.000000	0.746871	0.654988	0.706555	0.633933	0.564142	0.661298	0.654988	0.705693	
3120.000000	0.788938	0.677953	0.710988	0.643785	0.549196	0.674172	0.677953	0.705693	
3130.000000	0.795925	0.673053	0.717156	0.613489	0.533314	0.666587	0.673053	0.705693	
3140.000000	0.818402	0.653164	0.701928	0.603609	0.533668	0.662154	0.653164	0.705693	
3150.000000	0.825193	0.667037	0.725371	0.637732	0.542372	0.679541	0.667037	0.705693	
3160.000000	0.801816	0.655330	0.725204	0.627437	0.537496	0.669457	0.655330	0.705693	
3170.000000	0.798511	0.643571	0.678273	0.622612	0.561644	0.660922	0.643571	0.705693	
3180.000000	0.789518	0.639006	0.712556	0.619390	0.536696	0.659433	0.639006	0.705693	
3190.000000	0.757737	0.613374	0.668862	0.647036	0.523186	0.642039	0.647036	0.705693	
3200.000000	0.759801	0.591765	0.660161	0.631523	0.511556	0.630961	0.631523	0.705693	
3210.000000	0.787590	0.637789	0.679143	0.644730	0.526223	0.655095	0.644730	0.705693	
3220.000000	0.794839	0.640268	0.675976	0.635510	0.535210	0.656361	0.640268	0.705693	
3230.000000	0.807216	0.633144	0.691496	0.657153	0.535045	0.664811	0.657153	0.705693	
3240.000000	0.802641	0.627177	0.708611	0.606754	0.557661	0.660569	0.627177	0.705693	
3250.000000	0.774685	0.599038	0.674735	0.625844	0.513525	0.637566	0.625844	0.705693	
3260.000000	0.735404	0.568531	0.657914	0.635912	0.546856	0.628923	0.635912	0.705693	
3270.000000	0.737677	0.575319	0.656734	0.609351	0.535014	0.622819	0.609351	0.705693	
3280.000000	0.730095	0.611484	0.653563	0.607809	0.490896	0.618769	0.611484	0.705693	
3290.000000	0.741834	0.597684	0.677845	0.632403	0.488185	0.627590	0.632403	0.705693	
3300.000000	0.767563	0.623069	0.678089	0.650621	0.491484	0.642165	0.650621	0.705693	
3310.000000	0.752054	0.598301	0.677484	0.629465	0.505464	0.632554	0.629465	0.705693	
3320.000000	0.736237	0.596470	0.667460	0.630944	0.467590	0.619740	0.630944	0.705693	
3330.000000	0.732115	0.613612	0.646228	0.624273	0.517646	0.626775	0.624273	0.705693	
3340.000000	0.751110	0.616443	0.661656	0.645604	0.484088	0.631780	0.645604	0.705693	
3350.000000	0.774717	0.616691	0.666365	0.651461	0.482972	0.638441	0.651461	0.705693	
3360.000000	0.761535	0.621273	0.667670	0.657391	0.501514	0.641877	0.657391	0.705693	
3370.000000	0.764961	0.619314	0.694493	0.664457	0.462938	0.641233	0.664457	0.705693	
3380.000000	0.768509	0.625698	0.681051	0.629031	0.458021	0.632462	0.629031	0.705693	
3390.000000	0.777071	0.659727	0.686942	0.623883	0.445693	0.638663	0.659727	0.705693	
3400.000000	0.774229	0.645095	0.707852	0.617033	0.405068	0.629855	0.645095	0.705693	
3410.000000	0.797907	0.685786	0.747645	0.637346	0.431674	0.660072	0.685786	0.705693	
3420.000000	0.773061	0.656542	0.719076	0.587147	0.476576	0.642480	0.656542	0.705693	
3430.000000	0.780367	0.657897	0.706037	0.589819	0.475047	0.641833	0.657897	0.705693	
3440.000000	0.753373	0.666032	0.731783	0.600243	0.495698	0.649426	0.666032	0.705693	
3450.000000	0.732012	0.651473	0.728556	0.574580	0.489902	0.635304	0.651473	0.705693	
3460.000000	0.766075	0.676029	0.725328	0.561703	0.494981	0.644823	0.676029	0.705693	
3470.000000	0.768881	0.674605	0.732543	0.552353	0.458719	0.637420	0.674605	0.705693	
3480.000000	0.778626	0.721744	0.749425	0.537548	0.464415	0.650352	0.721744	0.705693	
3490.000000	0.791207	0.721674	0.742530	0.552077	0.454242	0.652346	0.721674	0.705693	
3500.000000	0.774347	0.715197	0.713333	0.580022	0.447568	0.646093	0.713333	0.705693	
3510.000000	0.738260	0.706874	0.697898	0.571031	0.432331	0.629279	0.697898	0.705693	
3520.000000	0.745082	0.672404	0.702031	0.569412	0.466488	0.631083	0.672404	0.705693	
3530.000000	0.725085	0.667757	0.670846	0.571392	0.468686	0.620753	0.667757	0.705693	
3540.000000	0.719421	0.643482	0.648712	0.561280	0.437949	0.602169	0.643482	0.705693	
3550.000000	0.705379	0.650376	0.637664	0.538466	0.413881	0.589153	0.637664	0.705693	
3560.000000	0.652263	0.646343	0.645935	0.579756	0.467333	0.598326	0.645935	0.705693	
3570.000000	0.655899	0.643661	0.638576	0.594547	0.436705	0.593878	0.638576	0.705693	
3580.000000	0.657199	0.633811	0.647142	0.607463	0.460636	0.601250	0.633811	0.705693	
3590.000000	0.693205	0.670619	0.680465	0.610040	0.475934	0.626052	0.670619	0.705693	
3600.000000	0.707884	0.682390	0.671082	0.599314	0.445465	0.621227	0.671082	0.705693	
3610.000000	0.696530	0.683203	0.677398	0.592962	0.477707	0.625560	0.677398	0.705693	
3620.000000	0.690818	0.654461	0.675638	0.627115	0.490730	0.627752	0.654461	0.705693	
3630.000000	0.689131	0.673039	0.682309	0.632577	0.518024	0.639016	0.673039	0.705693	
3640.000000	0.712275	0.690715	0.704364	0.671510	0.526815	0.661136	0.690715	0.705693	
3650.000000	0.731248	0.696815	0.717630	0.689833	0.512911	0.669687	0.696815	0.705693	
3660.000000	0.741686	0.688407	0.698946	0.690139	0.504281	0.664692	0.690139	0.705693	
3670.000000	0.751053	0.733449	0.731509	0.686068	0.497580	0.679932	0.731509	0.705693	
3680.000000	0.756528	0.738037	0.731362	0.702438	0.463452	0.678364	0.731362	0.705693	
3690.000000	0.739516	0.700228	0.724841	0.703049	0.487111	0.670949	0.703049	0.705693	
3700.000000	0.751784	0.685996	0.730718	0.684957	0.469690	0.664629	0.685996	0.705693	
3710.000000	0.776419	0.691652	0.755594	0.687662	0.456015	0.673468	0.691652	0.705693	
3720.000000	0.813584	0.698621	0.738512	0.702390	0.451945	0.681011	0.702390	0.705693	
3730.000000	0.803366	0.676678	0.704348	0.680959	0.432223	0.659515	0.680959	0.705693	
3740.000000	0.803757	0.671686	0.693963	0.701959	0.400921	0.654457	0.693963	0.705693	
3750.000000	0.776633	0.682587	0.685556	0.679494	0.415995	0.648053	0.682587	0.705693	
3760.000000	0.752347	0.652185	0.640822	0.652528	0.427632	0.625103	0.652185	0.705693	
3770.000000	0.745015	0.641544	0.611388	0.632793	0.404808	0.607109	0.632793	0.705693	
3780.000000	0.740753	0.627484	0.628037	0.621101	0.410236	0.605522	0.627484	0.705693	
3790.000000	0.752797	0.669335	0.688293	0.656298	0.432469	0.639838	0.669335	0.705693	
3800.000000	0.765194	0.678447	0.684641	0.622517	0.371522	0.624464	0.678447	0.705693	
3810.000000	0.781713	0.696016	0.730339	0.610626	0.398825	0.643504	0.696016	0.705693	
3820.000000	0.757246	0.666326	0.745913	0.616929	0.421352	0.641553	0.666326	0.705693	
3830.000000	0.777782	0.671777	0.741104	0.600644	0.439033	0.646068	0.671777	0.705693	
3840.000000	0.761766	0.674977	0.719323	0.589489	0.428087	0.634728	0.674977	0.705693	
3850.000000	0.766023	0.659036	0.712129	0.609902	0.430875	0.635593	0.659036	0.705693	
3860.000000	0.745866	0.653801	0.692078	0.596696	0.446230	0.626934	0.653801	0.705693	
3870.000000	0.716747	0.655607	0.696916	0.599389	0.468526	0.627437	0.655607	0.705693	
3880.000000	0.714151	0.636658	0.669513	0.612692	0.456559	0.617914	0.636658	0.705693	
3890.000000	0.723959	0.637499	0.683186	0.628299	0.486501	0.631889	0.637499	0.705693	
3900.000000	0.730169	0.617581	0.651014	0.620158	0.512072	0.626199	0.620158	0.705693	
3910.000000	0.725581	0.635173	0.679392	0.609408	0.468980	0.623707	0.635173	0.705693	
3920.000000	0.745733	0.659152	0.688589	0.626395	0.496056	0.643185	0.659152	0.705693	
3930.000000	0.759990	0.652997	0.711975	0.606580	0.477689	0.641846	0.652997	0.705693	
3940.000000	0.761561	0.659288	0.703411	0.611721	0.455049	0.638206	0.659288	0.705693	
3950.000000	0.770634	0.656319	0.688462	0.604803	0.473234	0.638690	0.656319	0.705693	
3960.000000	0.750676	0.640879	0.692324	0.607240	0.469461	0.632116	0.640879	0.705693	
3970.000000	0.752914	0.663671	0.720173	0.609522	0.464430	0.642142	0.663671	0.705693	
3980.000000	0.781022	0.703613	0.736011	0.616880	0.459695	0.659444	0.703613	0.705693	
3990.000000	0.823475	0.735932	0.777114	0.636419	0.455661	0.685720	0.735932	0.705693	
4000.000000	0.827843	0.762034	0.795058	0.676837	0.433244	0.699003	0.762034	0.705693	
4010.000000	0.816190	0.791182	0.790821	0.649571	0.451866	0.699926	0.790821	0.705693	
4020.000000	0.831961	0.781025	0.812418	0.658757	0.440335	0.704899	0.781025	0.705693	
4030.000000	0.824278	0.790797	0.811703	0.653140	0.442279	0.704439	0.790797	0.705693	
4040.000000	0.827332	0.797886	0.824736	0.667476	0.428291	0.709144	0.797886	0.709144	
4050.000000	0.822309	0.782842	0.819660	0.652051	0.416972	0.698767	0.782842	0.709144	
4060.000000	0.835378	0.785737	0.822887	0.644175	0.441469	0.705929	0.785737	0.709144	
4070.000000	0.815646	0.735902	0.793357	0.631778	0.498088	0.694954	0.735902	0.709144	
4080.000000	0.808477	0.744661	0.791660	0.645115	0.507589	0.699500	0.744661	0.709144	
4090.000000	0.814381	0.729665	0.788135	0.652074	0.480984	0.693048	0.729665	0.709144	
4100.000000	0.798402	0.691797	0.793814	0.646181	0.504033	0.686845	0.691797	0.709144	
4110.000000	0.787166	0.702248	0.769676	0.639141	0.475111	0.674668	0.702248	0.709144	
4120.000000	0.836581	0.700812	0.794308	0.654850	0.500185	0.697347	0.700812	0.709144	
4130.000000	0.836464	0.706737	0.791083	0.663121	0.497529	0.698987	0.706737	0.709144	
4140.000000	0.840006	0.699982	0.788101	0.666775	0.508531	0.700679	0.699982	0.709144	
4150.000000	0.835832	0.709448	0.780228	0.652571	0.516006	0.698817	0.709448	0.709144	
4160.000000	0.838556	0.685917	0.758591	0.653898	0.497538	0.686900	0.685917	0.709144	
4170.000000	0.831219	0.707258	0.777463	0.658137	0.496673	0.694150	0.707258	0.709144	
4180.000000	0.789242	0.675601	0.745803	0.671116	0.519573	0.680267	0.675601	0.709144	
4190.000000	0.814559	0.697914	0.765269	0.659554	0.499762	0.687412	0.697914	0.709144	
4200.000000	0.816433	0.717234	0.780204	0.639686	0.503649	0.691441	0.717234	0.709144	
4210.000000	0.824889	0.710281	0.755164	0.665641	0.536179	0.698431	0.710281	0.709144	
4220.000000	0.823066	0.706369	0.735161	0.620164	0.542730	0.685498	0.706369	0.709144	
4230.000000	0.858967	0.698057	0.741837	0.625449	0.567527	0.698368	0.698057	0.709144	
4240.000000	0.833512	0.688422	0.748304	0.599251	0.538481	0.681594	0.688422	0.709144	
4250.000000	0.840733	0.716990	0.744931	0.597842	0.509686	0.682037	0.716990	0.709144	
4260.000000	0.822456	0.707634	0.745078	0.621338	0.476501	0.674601	0.707634	0.709144	
4270.000000	0.829146	0.691257	0.741735	0.612634	0.493090	0.673573	0.691257	0.709144	
4280.000000	0.808679	0.651752	0.745862	0.592624	0.482402	0.656264	0.651752	0.709144	
4290.000000	0.806837	0.649474	0.732672	0.608201	0.499133	0.659263	0.649474	0.709144	
4300.000000	0.806698	0.635880	0.733246	0.593006	0.501208	0.654008	0.635880	0.709144	
4310.000000	0.765450	0.580552	0.689136	0.597334	0.520894	0.630673	0.597334	0.709144	
4320.000000	0.777358	0.574767	0.678019	0.635639	0.464143	0.625985	0.635639	0.709144	
4330.000000	0.767279	0.586984	0.688430	0.629294	0.496310	0.633659	0.629294	0.709144	
4340.000000	0.723551	0.558360	0.669600	0.631098	0.508487	0.618219	0.631098	0.709144	
4350.000000	0.705005	0.552915	0.657161	0.627737	0.511579	0.610879	0.627737	0.709144	
4360.000000	0.758644	0.607433	0.662274	0.644651	0.491049	0.632810	0.644651	0.709144	
4370.000000	0.776352	0.645953	0.722576	0.613712	0.502389	0.652197	0.645953	0.709144	
4380.000000	0.743997	0.667385	0.696530	0.615156	0.519418	0.648497	0.667385	0.709144	
4390.000000	0.727966	0.655027	0.689361	0.628166	0.527436	0.645591	0.655027	0.709144	
4400.000000	0.776029	0.654179	0.689212	0.614487	0.505848	0.647951	0.654179	0.709144	
4410.000000	0.743681	0.643012	0.662486	0.605299	0.508147	0.632525	0.643012	0.709144	
4420.000000	0.742849	0.662067	0.684378	0.600460	0.514474	0.640845	0.662067	0.709144	
4430.000000	0.777401	0.684476	0.725150	0.616992	0.477508	0.656305	0.684476	0.709144	
4440.000000	0.783020	0.700166	0.725551	0.643889	0.470986	0.664722	0.700166	0.709144	
4450.000000	0.758237	0.677316	0.725781	0.618142	0.469321	0.649759	0.677316	0.709144	
4460.000000	0.744282	0.661518	0.714813	0.629728	0.448203	0.639709	0.661518	0.709144	
4470.000000	0.728295	0.632157	0.701166	0.625138	0.425543	0.622460	0.632157	0.709144	
4480.000000	0.709587	0.648229	0.702143	0.628018	0.442580	0.626111	0.648229	0.709144	
4490.000000	0.740072	0.655995	0.719570	0.603466	0.453692	0.634559	0.655995	0.709144	
4500.000000	0.725943	0.640020	0.724086	0.590538	0.465630	0.629243	0.640020	0.709144	
4510.000000	0.715425	0.627183	0.694245	0.567088	0.464952	0.613779	0.627183	0.709144	
4520.000000	0.713951	0.639569	0.718851	0.568786	0.479705	0.624172	0.639569	0.709144	
4530.000000	0.734785	0.652865	0.741834	0.536382	0.488840	0.630941	0.652865	0.709144	
4540.000000	0.766867	0.675341	0.725622	0.580534	0.487765	0.647226	0.675341	0.709144	
4550.000000	0.769237	0.683628	0.734308	0.570789	0.493477	0.650288	0.683628	0.709144	
4560.000000	0.772835	0.668498	0.712435	0.569126	0.487742	0.642127	0.668498	0.709144	
4570.000000	0.798869	0.676306	0.711203	0.577455	0.460950	0.644957	0.676306	0.709144	
4580.000000	0.778661	0.692147	0.723575	0.563843	0.478174	0.647280	0.692147	0.709144	
4590.000000	0.741814	0.642140	0.669871	0.559756	0.495506	0.621817	0.642140	0.709144	
4600.000000	0.751880	0.654241	0.710092	0.587619	0.503977	0.641562	0.654241	0.709144	
4610.000000	0.757699	0.671127	0.725844	0.612603	0.524577	0.658370	0.671127	0.709144	
4620.000000	0.760838	0.699058	0.771881	0.595223	0.504274	0.666255	0.699058	0.709144	
4630.000000	0.774924	0.707305	0.750227	0.593818	0.519409	0.669137	0.707305	0.709144	
4640.000000	0.743493	0.652953	0.698412	0.581130	0.564506	0.648099	0.652953	0.709144	
4650.000000	0.754476	0.634485	0.743989	0.573773	0.527540	0.646853	0.634485	0.709144	
4660.000000	0.759415	0.622538	0.699456	0.564775	0.534823	0.636201	0.622538	0.709144	
4670.000000	0.775221	0.668921	0.720190	0.591865	0.524631	0.656166	0.668921	0.709144	
4680.000000	0.761926	0.589199	0.670530	0.559312	0.563020	0.628798	0.589199	0.709144	
4690.000000	0.748810	0.582979	0.674275	0.608720	0.591542	0.641265	0.608720	0.709144	
4700.000000	0.777173	0.606450	0.703110	0.616168	0.560625	0.652705	0.616168	0.709144	
4710.000000	0.774580	0.623086	0.693310	0.585788	0.581202	0.651593	0.623086	0.709144	
4720.000000	0.782861	0.626596	0.703809	0.640948	0.583225	0.667488	0.640948	0.709144	
4730.000000	0.779080	0.649563	0.723128	0.617343	0.566422	0.667107	0.649563	0.709144	
4740.000000	0.773603	0.626534	0.734299	0.590470	0.567676	0.658516	0.626534	0.709144	
4750.000000	0.789503	0.644896	0.748766	0.599593	0.538533	0.664258	0.644896	0.709144	
4760.000000	0.780943	0.657112	0.749038	0.577878	0.557614	0.664517	0.657112	0.709144	
4770.000000	0.801481	0.661994	0.775931	0.591460	0.568422	0.679858	0.661994	0.709144	
4780.000000	0.812018	0.673464	0.783995	0.608696	0.523827	0.680400	0.673464	0.709144	
4790.000000	0.820535	0.724324	0.804840	0.618302	0.487988	0.691198	0.724324	0.709144	
4800.000000	0.808691	0.689305	0.782045	0.607964	0.563546	0.690310	0.689305	0.709144	
4810.000000	0.814397	0.685014	0.789654	0.582181	0.536507	0.681551	0.685014	0.709144	
4820.000000	0.789519	0.701771	0.794229	0.588570	0.531695	0.681157	0.701771	0.709144	
4830.000000	0.782801	0.694607	0.784598	0.581200	0.528463	0.674334	0.694607	0.709144	
4840.000000	0.750516	0.695034	0.768584	0.577366	0.528212	0.663942	0.695034	0.709144	
4850.000000	0.754999	0.672644	0.754326	0.580154	0.549164	0.662257	0.672644	0.709144	
4860.000000	0.747196	0.655703	0.741507	0.566078	0.569116	0.655920	0.655703	0.709144	
4870.000000	0.756500	0.674807	0.778758	0.570234	0.571777	0.670415	0.674807	0.709144	
4880.000000	0.753216	0.675933	0.779212	0.577065	0.541604	0.665406	0.675933	0.709144	
4890.000000	0.740779	0.668526	0.784862	0.550730	0.523978	0.653775	0.668526	0.709144	
4900.000000	0.716870	0.667076	0.767595	0.552091	0.544487	0.649624	0.667076	0.709144	
4910.000000	0.724385	0.682739	0.756358	0.552295	0.524577	0.648071	0.682739	0.709144	
4920.000000	0.742207	0.685310	0.744338	0.543957	0.546631	0.652489	0.685310	0.709144	
4930.000000	0.731248	0.666509	0.748598	0.530783	0.546813	0.644790	0.666509	0.709144	
4940.000000	0.731437	0.675559	0.743124	0.545152	0.524542	0.643963	0.675559	0.709144	
4950.000000	0.729467	0.656804	0.720703	0.523875	0.530245	0.632219	0.656804	0.709144	
4960.000000	0.724656	0.670389	0.750327	0.522438	0.507678	0.635098	0.670389	0.709144	
4970.000000	0.731219	0.649443	0.713719	0.530475	0.518867	0.628745	0.649443	0.709144	
4980.000000	0.722853	0.678408	0.727050	0.526153	0.501564	0.631206	0.678408	0.709144	
4990.000000	0.744101	0.666664	0.755091	0.526798	0.504435	0.639417	0.666664	0.709144	
5000.000000	0.766638	0.665898	0.755665	0.594133	0.516302	0.659727	0.665898	0.709144	
