Epoch	AUC-21	AUC-22	AUC-23	AUC-24	AUC-25	AUC-26	AUC-Avg	AUC-Mid	AUC-Best	
1.000000	0.542707	0.480499	0.510221	0.531972	0.593432	0.505093	0.527320	0.521096	0.527320	
10.000000	0.589098	0.503905	0.577073	0.584995	0.688820	0.537253	0.580191	0.581034	0.580191	
20.000000	0.587155	0.537948	0.578256	0.586365	0.695897	0.541441	0.587844	0.582310	0.587844	
30.000000	0.586519	0.555138	0.562432	0.585423	0.705667	0.560756	0.592656	0.573928	0.592656	
40.000000	0.614953	0.540323	0.566235	0.596857	0.721903	0.582165	0.603739	0.589511	0.603739	
50.000000	0.610594	0.579151	0.571841	0.603219	0.731682	0.579336	0.612637	0.591277	0.612637	
60.000000	0.604520	0.582722	0.591274	0.618421	0.740863	0.571424	0.618204	0.597897	0.618204	
70.000000	0.638526	0.559613	0.603857	0.623876	0.750129	0.587502	0.627250	0.613867	0.627250	
80.000000	0.653758	0.556662	0.606185	0.626401	0.760716	0.596151	0.633312	0.616293	0.633312	
90.000000	0.646152	0.569023	0.607164	0.618937	0.756520	0.596193	0.632331	0.613050	0.633312	
100.000000	0.659715	0.565582	0.612323	0.635788	0.773046	0.605007	0.641910	0.624056	0.641910	
110.000000	0.667009	0.552447	0.619817	0.635020	0.775405	0.607555	0.642876	0.627419	0.642876	
120.000000	0.665443	0.571019	0.622861	0.645071	0.772744	0.613455	0.648432	0.633966	0.648432	
130.000000	0.664583	0.591102	0.609050	0.654557	0.777229	0.629506	0.654338	0.642032	0.654338	
140.000000	0.664639	0.596545	0.613110	0.650120	0.777940	0.627463	0.654969	0.638792	0.654969	
150.000000	0.671552	0.591623	0.621794	0.651633	0.787256	0.629145	0.658834	0.640389	0.658834	
160.000000	0.668721	0.572568	0.621526	0.636966	0.775260	0.623009	0.649675	0.629987	0.658834	
170.000000	0.677045	0.573182	0.623083	0.643644	0.770328	0.613710	0.650165	0.633363	0.658834	
180.000000	0.671166	0.583304	0.619101	0.661476	0.788187	0.628653	0.658648	0.645064	0.658834	
190.000000	0.676316	0.596935	0.617676	0.665212	0.787722	0.635009	0.663145	0.650110	0.663145	
200.000000	0.671871	0.602353	0.619092	0.654652	0.763553	0.633095	0.657436	0.643874	0.663145	
210.000000	0.662253	0.601795	0.628456	0.664196	0.750903	0.624138	0.655290	0.645355	0.663145	
220.000000	0.677813	0.599576	0.640172	0.665846	0.788634	0.624861	0.666150	0.653009	0.666150	
230.000000	0.685021	0.585784	0.640364	0.665558	0.783057	0.618146	0.662988	0.652961	0.666150	
240.000000	0.679484	0.573616	0.637460	0.668545	0.780897	0.628278	0.661380	0.653002	0.666150	
250.000000	0.688362	0.580552	0.641935	0.677215	0.795176	0.628752	0.668665	0.659575	0.668665	
260.000000	0.684823	0.579554	0.634347	0.667717	0.792949	0.628075	0.664578	0.651032	0.668665	
270.000000	0.692495	0.582151	0.637163	0.665760	0.791383	0.628997	0.666325	0.651461	0.668665	
280.000000	0.693554	0.589652	0.635276	0.662864	0.788011	0.632055	0.666902	0.649070	0.668665	
290.000000	0.694320	0.588034	0.640798	0.664832	0.798208	0.636512	0.670451	0.652815	0.670451	
300.000000	0.697768	0.593514	0.638306	0.669828	0.797277	0.631832	0.671421	0.654067	0.671421	
310.000000	0.701110	0.601516	0.638231	0.658584	0.794648	0.641462	0.672592	0.650023	0.672592	
320.000000	0.708429	0.615271	0.635076	0.659517	0.792949	0.635159	0.674400	0.647338	0.674400	
330.000000	0.710093	0.600552	0.643164	0.663468	0.802731	0.646144	0.677692	0.654806	0.677692	
340.000000	0.702253	0.594592	0.647634	0.669715	0.808324	0.639021	0.676923	0.658675	0.677692	
350.000000	0.706620	0.586999	0.646981	0.679357	0.820100	0.649114	0.681528	0.664235	0.681528	
360.000000	0.708755	0.590830	0.641125	0.666866	0.825183	0.648033	0.680132	0.657450	0.681528	
370.000000	0.706800	0.595609	0.636768	0.668277	0.820465	0.648858	0.679463	0.658567	0.681528	
380.000000	0.705526	0.587644	0.630188	0.667287	0.814231	0.654160	0.676506	0.660723	0.681528	
390.000000	0.705270	0.604702	0.637812	0.677564	0.821732	0.649405	0.682748	0.663484	0.682748	
400.000000	0.711463	0.606438	0.637462	0.669489	0.816892	0.651052	0.682132	0.660270	0.682748	
410.000000	0.695035	0.626274	0.639344	0.670472	0.808739	0.647403	0.681211	0.658937	0.682748	
420.000000	0.706359	0.624098	0.650963	0.689160	0.818703	0.654623	0.690651	0.671891	0.690651	
430.000000	0.709120	0.624284	0.643477	0.687055	0.813998	0.649925	0.687977	0.668490	0.690651	
440.000000	0.713991	0.610647	0.645873	0.684129	0.817106	0.653815	0.687593	0.668972	0.690651	
450.000000	0.717393	0.617992	0.651373	0.687536	0.825145	0.656041	0.692580	0.671788	0.692580	
460.000000	0.726811	0.604603	0.655411	0.692692	0.825906	0.657136	0.693760	0.674914	0.693760	
470.000000	0.724445	0.616263	0.659935	0.694006	0.825220	0.658607	0.696413	0.676971	0.696413	
480.000000	0.712585	0.638659	0.660512	0.697677	0.828240	0.654727	0.698733	0.679094	0.698733	
490.000000	0.696394	0.636260	0.661182	0.701200	0.835889	0.647471	0.696399	0.678788	0.698733	
500.000000	0.726578	0.620094	0.653069	0.692967	0.833436	0.654657	0.696800	0.673812	0.698733	
510.000000	0.719524	0.632658	0.655695	0.689389	0.831788	0.648582	0.696273	0.672542	0.698733	
520.000000	0.728894	0.618935	0.663773	0.686530	0.828120	0.651230	0.696247	0.675151	0.698733	
530.000000	0.708486	0.618197	0.670472	0.695903	0.813381	0.655600	0.693673	0.683188	0.698733	
540.000000	0.704575	0.609153	0.670964	0.707362	0.824069	0.654323	0.695074	0.687769	0.698733	
550.000000	0.715762	0.598776	0.675020	0.713601	0.831782	0.656691	0.698605	0.694310	0.698733	
560.000000	0.721954	0.604411	0.676405	0.702637	0.823333	0.668622	0.699560	0.689521	0.699560	
570.000000	0.725197	0.621612	0.674952	0.699079	0.823031	0.660298	0.700695	0.687016	0.700695	
580.000000	0.718796	0.632869	0.667864	0.695658	0.826328	0.657897	0.699902	0.681761	0.700695	
590.000000	0.707483	0.635467	0.665122	0.704112	0.824006	0.659411	0.699267	0.684617	0.700695	
600.000000	0.712325	0.625381	0.663811	0.699729	0.823843	0.657868	0.697159	0.681770	0.700695	
610.000000	0.719255	0.618228	0.667534	0.700069	0.828290	0.657791	0.698528	0.683801	0.700695	
620.000000	0.732120	0.624234	0.679288	0.704868	0.824113	0.661303	0.704321	0.692078	0.704321	
630.000000	0.737294	0.634332	0.680086	0.705813	0.822918	0.661111	0.706926	0.692949	0.706926	
640.000000	0.731853	0.626875	0.675446	0.710469	0.825013	0.662156	0.705302	0.692957	0.706926	
650.000000	0.739704	0.627464	0.675464	0.705466	0.825428	0.661931	0.705909	0.690465	0.706926	
660.000000	0.728181	0.630043	0.678422	0.714633	0.822673	0.660710	0.705777	0.696527	0.706926	
670.000000	0.729692	0.630005	0.678614	0.711725	0.823667	0.656969	0.705112	0.695170	0.706926	
680.000000	0.726933	0.636657	0.675101	0.708482	0.830435	0.657326	0.705822	0.691791	0.706926	
690.000000	0.742347	0.623844	0.674340	0.705466	0.828743	0.662599	0.706223	0.689903	0.706926	
700.000000	0.736193	0.636328	0.669194	0.707716	0.823453	0.662637	0.705920	0.688455	0.706926	
710.000000	0.741139	0.634983	0.667894	0.707161	0.823434	0.652308	0.704487	0.687528	0.706926	
720.000000	0.732540	0.641498	0.658540	0.713307	0.832901	0.666402	0.707531	0.689855	0.707531	
730.000000	0.728153	0.641963	0.679123	0.715169	0.832153	0.661731	0.709715	0.697146	0.709715	
740.000000	0.680207	0.631778	0.680540	0.717383	0.827202	0.657405	0.699086	0.680373	0.709715	
750.000000	0.729939	0.631679	0.675362	0.726671	0.794535	0.666700	0.704148	0.701016	0.709715	
760.000000	0.725704	0.626733	0.681858	0.729641	0.834468	0.649048	0.707908	0.703781	0.709715	
770.000000	0.721244	0.612978	0.680593	0.717524	0.837556	0.648935	0.703138	0.699059	0.709715	
780.000000	0.736511	0.622486	0.686290	0.728986	0.847011	0.668252	0.714923	0.707638	0.714923	
790.000000	0.742561	0.637001	0.679809	0.728130	0.847634	0.667741	0.717146	0.703969	0.717146	
800.000000	0.738496	0.627631	0.679823	0.734808	0.846225	0.660346	0.714555	0.707315	0.717146	
810.000000	0.745095	0.631518	0.676407	0.723726	0.845181	0.663776	0.714284	0.700066	0.717146	
820.000000	0.737497	0.605843	0.676914	0.712919	0.850779	0.665115	0.708178	0.694916	0.717146	
830.000000	0.749574	0.615848	0.676054	0.713409	0.834908	0.673608	0.710567	0.694732	0.717146	
840.000000	0.744152	0.618185	0.682412	0.715918	0.848351	0.669541	0.713093	0.699165	0.717146	
850.000000	0.733367	0.641560	0.677942	0.719951	0.842281	0.659109	0.712368	0.698947	0.717146	
860.000000	0.727018	0.646172	0.673064	0.713844	0.836267	0.663466	0.709972	0.693454	0.717146	
870.000000	0.725889	0.648980	0.673330	0.721739	0.841752	0.666254	0.712991	0.697534	0.717146	
880.000000	0.727227	0.649655	0.672725	0.720702	0.825956	0.667184	0.710575	0.696714	0.717146	
890.000000	0.739018	0.653901	0.670978	0.720832	0.830152	0.666973	0.713642	0.695905	0.717146	
900.000000	0.747549	0.647523	0.688750	0.732731	0.840714	0.678011	0.722547	0.710741	0.722547	
910.000000	0.743342	0.647616	0.682298	0.727256	0.835260	0.669643	0.717569	0.704777	0.722547	
920.000000	0.741131	0.660627	0.683415	0.734285	0.829649	0.671908	0.720169	0.708850	0.722547	
930.000000	0.732510	0.650374	0.683272	0.724716	0.822711	0.667632	0.713536	0.703994	0.722547	
940.000000	0.735133	0.653567	0.691598	0.739893	0.835694	0.655381	0.718544	0.713366	0.722547	
950.000000	0.747703	0.646240	0.691533	0.729654	0.838280	0.667377	0.720131	0.710594	0.722547	
960.000000	0.735440	0.652408	0.680051	0.719439	0.834795	0.663957	0.714348	0.699745	0.722547	
970.000000	0.744829	0.642217	0.680259	0.727688	0.841708	0.675337	0.718673	0.703973	0.722547	
980.000000	0.749359	0.650635	0.678517	0.726020	0.845162	0.677802	0.721249	0.702269	0.722547	
990.000000	0.749177	0.631183	0.684988	0.726543	0.850823	0.679209	0.720321	0.705766	0.722547	
1000.000000	0.742531	0.642992	0.680294	0.728422	0.838443	0.679045	0.718621	0.704358	0.722547	
1010.000000	0.738148	0.646568	0.675175	0.720279	0.838066	0.673558	0.715299	0.697727	0.722547	
1020.000000	0.745644	0.650684	0.677681	0.726490	0.832115	0.671210	0.717304	0.702085	0.722547	
1030.000000	0.751196	0.648068	0.686405	0.729983	0.838264	0.677930	0.721974	0.708194	0.722547	
1040.000000	0.744859	0.642322	0.690296	0.731190	0.840425	0.678457	0.721258	0.710743	0.722547	
1050.000000	0.747123	0.650145	0.684941	0.731954	0.833348	0.676927	0.720739	0.708447	0.722547	
1060.000000	0.746670	0.654583	0.685624	0.738354	0.836808	0.670123	0.722027	0.711989	0.722547	
1070.000000	0.740333	0.647597	0.685113	0.730894	0.839651	0.669451	0.718840	0.708004	0.722547	
1080.000000	0.729643	0.647040	0.677812	0.729207	0.834820	0.677037	0.715926	0.703509	0.722547	
1090.000000	0.747447	0.650157	0.687441	0.732733	0.832096	0.676964	0.721140	0.710087	0.722547	
1100.000000	0.741713	0.660540	0.690267	0.727600	0.824862	0.676651	0.720272	0.708934	0.722547	
1110.000000	0.750289	0.641380	0.693584	0.728678	0.845074	0.686205	0.724202	0.711131	0.724202	
1120.000000	0.755621	0.627941	0.695147	0.736002	0.842212	0.676629	0.722259	0.715574	0.724202	
1130.000000	0.756799	0.633272	0.694992	0.743987	0.845734	0.674601	0.724898	0.719490	0.724898	
1140.000000	0.758530	0.636514	0.695508	0.738352	0.842318	0.662198	0.722237	0.716930	0.724898	
1150.000000	0.749423	0.651447	0.693346	0.736129	0.840639	0.674398	0.724230	0.714738	0.724898	
1160.000000	0.717945	0.631338	0.692353	0.731736	0.834487	0.600935	0.701466	0.705149	0.724898	
1170.000000	0.744941	0.639483	0.693130	0.713966	0.824755	0.672923	0.714866	0.703548	0.724898	
1180.000000	0.748093	0.632993	0.695014	0.728654	0.838682	0.665701	0.718190	0.711834	0.724898	
1190.000000	0.737495	0.649649	0.699181	0.737473	0.842369	0.665097	0.721877	0.718327	0.724898	
1200.000000	0.745791	0.660466	0.702623	0.739657	0.845382	0.675284	0.728200	0.721140	0.728200	
1210.000000	0.756755	0.649823	0.705326	0.743113	0.851987	0.673602	0.730101	0.724219	0.730101	
1220.000000	0.749094	0.643215	0.700554	0.744362	0.845275	0.680245	0.727124	0.722458	0.730101	
1230.000000	0.751576	0.644393	0.698163	0.741965	0.837821	0.675384	0.724883	0.720064	0.730101	
1240.000000	0.747248	0.644139	0.697138	0.736943	0.831153	0.675849	0.722078	0.717041	0.730101	
1250.000000	0.739586	0.647424	0.694263	0.739939	0.831933	0.679502	0.722108	0.716925	0.730101	
1260.000000	0.752824	0.659778	0.697432	0.735278	0.837654	0.680046	0.727169	0.716355	0.730101	
1270.000000	0.753355	0.650963	0.693090	0.728692	0.839758	0.674440	0.723383	0.710891	0.730101	
1280.000000	0.749472	0.658365	0.688850	0.721040	0.837594	0.649817	0.717523	0.704945	0.730101	
1290.000000	0.738713	0.670260	0.680831	0.728858	0.837689	0.675858	0.722035	0.704844	0.730101	
1300.000000	0.741355	0.660813	0.685993	0.728493	0.831543	0.676874	0.720845	0.707243	0.730101	
1310.000000	0.753153	0.674010	0.693750	0.735160	0.830020	0.666638	0.725455	0.714455	0.730101	
1320.000000	0.737508	0.671441	0.687608	0.731572	0.830278	0.667436	0.720974	0.709590	0.730101	
1330.000000	0.744187	0.651812	0.689153	0.738620	0.836940	0.669127	0.721640	0.713887	0.730101	
1340.000000	0.733095	0.670471	0.698611	0.748801	0.845508	0.667006	0.727248	0.715853	0.730101	
1350.000000	0.753978	0.656722	0.698553	0.746555	0.845514	0.676669	0.729665	0.722554	0.730101	
1360.000000	0.752282	0.670867	0.696595	0.745636	0.851176	0.669528	0.731014	0.721115	0.731014	
1370.000000	0.749391	0.688800	0.698626	0.749229	0.828246	0.681673	0.732661	0.723928	0.732661	
1380.000000	0.754791	0.675622	0.689657	0.748049	0.838978	0.680320	0.731236	0.718853	0.732661	
1390.000000	0.748002	0.671016	0.691236	0.749101	0.845439	0.678089	0.730480	0.719619	0.732661	
1400.000000	0.758839	0.663299	0.700241	0.754408	0.825541	0.683020	0.730891	0.727325	0.732661	
1410.000000	0.766331	0.671447	0.696435	0.749668	0.849333	0.674894	0.734685	0.723052	0.734685	
1420.000000	0.749805	0.677729	0.690126	0.747171	0.827661	0.678693	0.728531	0.718649	0.734685	
1430.000000	0.754937	0.687294	0.691840	0.738477	0.838079	0.681219	0.731974	0.715158	0.734685	
1440.000000	0.762319	0.677054	0.690962	0.721209	0.851585	0.689590	0.732120	0.706086	0.734685	
1450.000000	0.745292	0.678857	0.694780	0.735063	0.784489	0.681900	0.720063	0.714921	0.734685	
1460.000000	0.742710	0.671444	0.679014	0.729016	0.836776	0.681179	0.723357	0.705098	0.734685	
1470.000000	0.750276	0.672739	0.688109	0.732393	0.830429	0.686656	0.726767	0.710251	0.734685	
1480.000000	0.758743	0.665406	0.697840	0.740203	0.832681	0.691675	0.731091	0.719021	0.734685	
1490.000000	0.715538	0.668822	0.684812	0.733379	0.816495	0.681336	0.716730	0.700175	0.734685	
1500.000000	0.746431	0.681771	0.691137	0.726895	0.822572	0.670571	0.723229	0.709016	0.734685	
1510.000000	0.739661	0.676651	0.696199	0.734783	0.828951	0.669438	0.724280	0.715491	0.734685	
1520.000000	0.738538	0.676607	0.695839	0.735685	0.830096	0.676257	0.725504	0.715762	0.734685	
1530.000000	0.749451	0.671704	0.702660	0.744607	0.832109	0.682752	0.730547	0.723633	0.734685	
1540.000000	0.754687	0.677407	0.708339	0.747494	0.831605	0.678424	0.732993	0.727917	0.734685	
1550.000000	0.749317	0.654528	0.700156	0.737003	0.829429	0.682917	0.725558	0.718580	0.734685	
1560.000000	0.748823	0.668127	0.694372	0.740429	0.826057	0.685721	0.727255	0.717401	0.734685	
1570.000000	0.743371	0.673979	0.697132	0.735536	0.827177	0.679711	0.726151	0.716334	0.734685	
1580.000000	0.762038	0.675640	0.698924	0.742365	0.832159	0.684523	0.732608	0.720645	0.734685	
1590.000000	0.746745	0.679397	0.701749	0.745139	0.836802	0.686912	0.732791	0.723444	0.734685	
1600.000000	0.757984	0.670167	0.706734	0.752113	0.830813	0.683964	0.733629	0.729424	0.734685	
1610.000000	0.766788	0.684260	0.706158	0.755847	0.838670	0.695802	0.741254	0.731002	0.741254	
1620.000000	0.744221	0.665611	0.707545	0.749506	0.834015	0.690291	0.731865	0.725883	0.741254	
1630.000000	0.738410	0.674624	0.705829	0.751560	0.845816	0.680650	0.732815	0.722120	0.741254	
1640.000000	0.756242	0.692643	0.709960	0.747669	0.833832	0.683737	0.737347	0.728815	0.741254	
1650.000000	0.761660	0.685490	0.708427	0.742231	0.829674	0.685514	0.735499	0.725329	0.741254	
1660.000000	0.765533	0.669070	0.711169	0.742312	0.830102	0.690020	0.734701	0.726741	0.741254	
1670.000000	0.764095	0.672498	0.697402	0.731348	0.829184	0.687491	0.730336	0.714375	0.741254	
1680.000000	0.750080	0.675423	0.707178	0.730540	0.828800	0.684603	0.729438	0.718859	0.741254	
1690.000000	0.770413	0.664743	0.709360	0.736050	0.830800	0.685090	0.732743	0.722705	0.741254	
1700.000000	0.768200	0.536014	0.685755	0.734415	0.822144	0.690108	0.706106	0.712261	0.741254	
1710.000000	0.769185	0.683172	0.709071	0.737767	0.816873	0.689630	0.734283	0.723419	0.741254	
1720.000000	0.659206	0.685186	0.705244	0.724505	0.809745	0.661909	0.707633	0.695215	0.741254	
1730.000000	0.757742	0.689553	0.697079	0.717614	0.817647	0.688450	0.728014	0.707347	0.741254	
1740.000000	0.759550	0.699084	0.708207	0.746802	0.839236	0.665708	0.736431	0.727504	0.741254	
1750.000000	0.744511	0.699623	0.688346	0.748419	0.839098	0.659308	0.729884	0.722067	0.741254	
1760.000000	0.773695	0.681188	0.713745	0.751785	0.841343	0.698754	0.743418	0.732765	0.743418	
1770.000000	0.763971	0.662530	0.702247	0.742314	0.838607	0.697553	0.734537	0.722281	0.743418	
1780.000000	0.777358	0.677655	0.713998	0.755456	0.849112	0.699092	0.745445	0.734727	0.745445	
1790.000000	0.758483	0.678417	0.695747	0.749469	0.844382	0.681173	0.734612	0.722608	0.745445	
1800.000000	0.764197	0.694664	0.702556	0.747785	0.823887	0.681418	0.735751	0.725170	0.745445	
1810.000000	0.745795	0.685943	0.711757	0.749284	0.827278	0.684519	0.734096	0.728776	0.745445	
1820.000000	0.763381	0.679211	0.706851	0.748706	0.840683	0.689932	0.738127	0.727779	0.745445	
1830.000000	0.768192	0.664163	0.711474	0.751916	0.840689	0.679515	0.735992	0.731695	0.745445	
1840.000000	0.765541	0.687430	0.712078	0.752497	0.849641	0.687791	0.742496	0.732288	0.745445	
1850.000000	0.758899	0.678609	0.701248	0.748687	0.825592	0.684385	0.732903	0.724968	0.745445	
1860.000000	0.759962	0.662679	0.707343	0.752939	0.836066	0.682304	0.733549	0.730141	0.745445	
1870.000000	0.771209	0.657075	0.708756	0.748768	0.844596	0.695529	0.737655	0.728762	0.745445	
1880.000000	0.763617	0.662071	0.709532	0.751613	0.849559	0.697372	0.738961	0.730573	0.745445	
1890.000000	0.765708	0.658513	0.706538	0.758530	0.837733	0.697987	0.737502	0.732534	0.745445	
1900.000000	0.764259	0.648732	0.707252	0.750503	0.841211	0.690796	0.733792	0.728877	0.745445	
1910.000000	0.749574	0.659734	0.708094	0.757267	0.843828	0.694475	0.735495	0.728834	0.745445	
1920.000000	0.757183	0.665090	0.711878	0.751764	0.843816	0.686737	0.736078	0.731821	0.745445	
1930.000000	0.755299	0.669380	0.704717	0.747949	0.837324	0.689039	0.733951	0.726333	0.745445	
1940.000000	0.773483	0.661365	0.705641	0.756094	0.840041	0.692000	0.738104	0.730867	0.745445	
1950.000000	0.765518	0.664247	0.710583	0.763286	0.840280	0.691519	0.739239	0.736935	0.745445	
1960.000000	0.773899	0.671586	0.713154	0.757635	0.844728	0.697143	0.743024	0.735394	0.745445	
1970.000000	0.755380	0.669659	0.705399	0.747716	0.825126	0.685683	0.731494	0.726557	0.745445	
1980.000000	0.750022	0.671648	0.708347	0.749719	0.808261	0.675769	0.727295	0.729033	0.745445	
1990.000000	0.707564	0.668822	0.712296	0.754068	0.817508	0.679843	0.723350	0.709930	0.745445	
2000.000000	0.756644	0.679496	0.714839	0.749288	0.839469	0.685159	0.737482	0.732063	0.745445	
2010.000000	0.748973	0.672020	0.700707	0.742955	0.806588	0.687828	0.726512	0.721831	0.745445	
2020.000000	0.751941	0.667638	0.705835	0.754278	0.844023	0.690235	0.735658	0.728888	0.745445	
2030.000000	0.741816	0.675070	0.702534	0.749166	0.840155	0.692319	0.733510	0.722175	0.745445	
2040.000000	0.765032	0.671847	0.706085	0.755250	0.816074	0.694418	0.734784	0.730667	0.745445	
2050.000000	0.756697	0.671816	0.690358	0.739875	0.836713	0.687901	0.730560	0.715117	0.745445	
2060.000000	0.761257	0.665778	0.704180	0.739243	0.847376	0.685807	0.733940	0.721711	0.745445	
2070.000000	0.758400	0.671289	0.695175	0.757614	0.833883	0.681576	0.732989	0.726394	0.745445	
2080.000000	0.753899	0.676180	0.710093	0.744172	0.840029	0.698728	0.737183	0.727132	0.745445	
2090.000000	0.754866	0.663293	0.712716	0.760172	0.847401	0.704279	0.740455	0.733791	0.745445	
2100.000000	0.747278	0.653065	0.709498	0.760059	0.834895	0.701905	0.734450	0.728388	0.745445	
2110.000000	0.782514	0.681269	0.722693	0.761678	0.851522	0.700320	0.749999	0.742186	0.749999	
2120.000000	0.777873	0.670898	0.716931	0.759339	0.851560	0.685115	0.743619	0.738135	0.749999	
2130.000000	0.740350	0.668202	0.705668	0.754727	0.845627	0.696664	0.735207	0.723009	0.749999	
2140.000000	0.754977	0.674779	0.706893	0.745988	0.834996	0.699123	0.736126	0.726440	0.749999	
2150.000000	0.752451	0.674407	0.699702	0.745333	0.813080	0.690904	0.729313	0.722518	0.749999	
2160.000000	0.752389	0.687604	0.707388	0.757642	0.832329	0.705578	0.740488	0.729889	0.749999	
2170.000000	0.770908	0.667068	0.714403	0.755065	0.834908	0.701426	0.740630	0.734734	0.749999	
2180.000000	0.740687	0.680717	0.704042	0.745292	0.824591	0.655020	0.725058	0.722364	0.749999	
2190.000000	0.751392	0.664526	0.703471	0.748148	0.830586	0.690247	0.731395	0.725810	0.749999	
2200.000000	0.764767	0.679025	0.725790	0.753751	0.835191	0.690822	0.741558	0.739770	0.749999	
2210.000000	0.759153	0.674115	0.729427	0.755983	0.827925	0.691576	0.739697	0.742705	0.749999	
2220.000000	0.755239	0.668016	0.718116	0.744665	0.823214	0.684781	0.732338	0.731390	0.749999	
2230.000000	0.771417	0.663683	0.716707	0.755668	0.837273	0.702216	0.741161	0.736188	0.749999	
2240.000000	0.764058	0.655377	0.727603	0.754924	0.844438	0.696504	0.740484	0.741263	0.749999	
2250.000000	0.760467	0.684256	0.721102	0.759913	0.843438	0.691078	0.743376	0.740507	0.749999	
2260.000000	0.754301	0.671109	0.721383	0.763728	0.845325	0.693878	0.741621	0.737842	0.749999	
2270.000000	0.760969	0.682508	0.726869	0.768005	0.852484	0.661376	0.742035	0.743919	0.749999	
2280.000000	0.758120	0.683978	0.731570	0.773420	0.856076	0.697862	0.750171	0.744845	0.750171	
2290.000000	0.756554	0.684548	0.716982	0.766291	0.838292	0.689244	0.741985	0.736768	0.750171	
2300.000000	0.760915	0.691583	0.725974	0.762130	0.853918	0.692028	0.747758	0.743445	0.750171	
2310.000000	0.757821	0.674500	0.734272	0.771546	0.835751	0.693210	0.744517	0.746047	0.750171	
2320.000000	0.762185	0.669305	0.708248	0.764165	0.856579	0.701380	0.743644	0.735217	0.750171	
2330.000000	0.772248	0.676645	0.717701	0.766557	0.857863	0.701107	0.748687	0.742129	0.750171	
2340.000000	0.766600	0.678665	0.704395	0.768109	0.853642	0.701616	0.745504	0.735498	0.750171	
2350.000000	0.760320	0.668524	0.728851	0.755798	0.842891	0.705847	0.743705	0.742325	0.750171	
2360.000000	0.756488	0.684430	0.731869	0.705653	0.855007	0.699085	0.738755	0.718761	0.750171	
2370.000000	0.771727	0.687021	0.721490	0.721713	0.820440	0.679901	0.733715	0.721602	0.750171	
2380.000000	0.784110	0.668865	0.712439	0.747783	0.855164	0.710101	0.746410	0.730111	0.750171	
2390.000000	0.787225	0.687777	0.731901	0.746182	0.857705	0.706105	0.752816	0.739041	0.752816	
2400.000000	0.784624	0.695557	0.719970	0.752881	0.855359	0.700921	0.751552	0.736426	0.752816	
2410.000000	0.769775	0.690846	0.732769	0.723637	0.862474	0.704353	0.747309	0.728203	0.752816	
2420.000000	0.768825	0.688732	0.727209	0.759885	0.843539	0.699564	0.747959	0.743547	0.752816	
2430.000000	0.771288	0.712876	0.732234	0.767251	0.856296	0.702751	0.757116	0.749742	0.757116	
2440.000000	0.775013	0.703975	0.727335	0.763533	0.864845	0.705820	0.756754	0.745434	0.757116	
2450.000000	0.777751	0.693418	0.730117	0.768354	0.863744	0.707981	0.756894	0.749236	0.757116	
2460.000000	0.774565	0.673520	0.718411	0.758352	0.860580	0.710225	0.749276	0.738381	0.757116	
2470.000000	0.782706	0.689315	0.722433	0.760517	0.862706	0.707022	0.754116	0.741475	0.757116	
2480.000000	0.774621	0.689377	0.727014	0.765961	0.860656	0.714467	0.755349	0.746488	0.757116	
2490.000000	0.781903	0.679955	0.721419	0.769855	0.861335	0.712368	0.754472	0.745637	0.757116	
2500.000000	0.780433	0.701229	0.731263	0.778028	0.862228	0.697471	0.758442	0.754645	0.758442	
2510.000000	0.779518	0.700987	0.726430	0.769386	0.859769	0.695575	0.755277	0.747908	0.758442	
2520.000000	0.777678	0.694367	0.727468	0.753381	0.850641	0.710143	0.752280	0.740424	0.758442	
2530.000000	0.754552	0.682137	0.723515	0.762628	0.841815	0.684286	0.741489	0.739034	0.758442	
2540.000000	0.783098	0.672243	0.719138	0.767269	0.856164	0.709594	0.751251	0.743204	0.758442	
2550.000000	0.780321	0.685087	0.725180	0.767200	0.849125	0.701671	0.751431	0.746190	0.758442	
2560.000000	0.783839	0.679267	0.725586	0.761981	0.851943	0.705300	0.751319	0.743783	0.758442	
2570.000000	0.765499	0.676130	0.723788	0.762793	0.847533	0.708765	0.747418	0.743290	0.758442	
2580.000000	0.781754	0.667309	0.730407	0.757228	0.848106	0.707088	0.748649	0.743817	0.758442	
2590.000000	0.771876	0.696772	0.730864	0.760561	0.834958	0.701656	0.749448	0.745713	0.758442	
2600.000000	0.781517	0.687058	0.721244	0.765155	0.823937	0.707873	0.747797	0.743200	0.758442	
2610.000000	0.777429	0.683259	0.730099	0.759934	0.843382	0.704982	0.749847	0.745017	0.758442	
2620.000000	0.787630	0.681913	0.729315	0.762666	0.848515	0.704206	0.752374	0.745990	0.758442	
2630.000000	0.783892	0.668127	0.728249	0.764812	0.842646	0.710816	0.749757	0.746531	0.758442	
2640.000000	0.781304	0.684095	0.734229	0.769309	0.855762	0.707639	0.755390	0.751769	0.758442	
2650.000000	0.764699	0.676961	0.731271	0.758477	0.846483	0.700603	0.746415	0.744874	0.758442	
2660.000000	0.774307	0.680977	0.712774	0.762441	0.854415	0.715053	0.749995	0.738747	0.758442	
2670.000000	0.793005	0.668580	0.735049	0.768710	0.841991	0.716528	0.753977	0.751880	0.758442	
2680.000000	0.770377	0.698693	0.735035	0.765317	0.848496	0.708446	0.754394	0.750176	0.758442	
2690.000000	0.776262	0.679614	0.730837	0.764805	0.838261	0.694436	0.747369	0.747821	0.758442	
2700.000000	0.780696	0.661210	0.724829	0.751736	0.849490	0.715952	0.747319	0.738282	0.758442	
2710.000000	0.774414	0.689296	0.727692	0.760230	0.844583	0.704627	0.750140	0.743961	0.758442	
2720.000000	0.790126	0.679025	0.726170	0.758474	0.846036	0.717943	0.752962	0.742322	0.758442	
2730.000000	0.775197	0.702208	0.728608	0.757415	0.848521	0.709727	0.753613	0.743012	0.758442	
2740.000000	0.790594	0.682732	0.727767	0.757845	0.833109	0.716343	0.751398	0.742806	0.758442	
2750.000000	0.785859	0.674686	0.729519	0.758914	0.842029	0.719486	0.751749	0.744216	0.758442	
2760.000000	0.778270	0.672956	0.728629	0.757674	0.838758	0.713253	0.748257	0.743152	0.758442	
2770.000000	0.770319	0.687976	0.732101	0.761616	0.835399	0.712734	0.750024	0.746858	0.758442	
2780.000000	0.753996	0.686222	0.731747	0.759804	0.831448	0.710199	0.745569	0.742871	0.758442	
2790.000000	0.765509	0.680525	0.721470	0.759494	0.831216	0.705040	0.743876	0.740482	0.758442	
2800.000000	0.768552	0.690052	0.733095	0.760114	0.842061	0.712440	0.751053	0.746605	0.758442	
2810.000000	0.776603	0.676917	0.731201	0.762118	0.838909	0.711034	0.749464	0.746659	0.758442	
2820.000000	0.782819	0.671667	0.725449	0.758033	0.838664	0.712277	0.748151	0.741741	0.758442	
2830.000000	0.776792	0.673545	0.729621	0.754127	0.839079	0.709784	0.747158	0.741874	0.758442	
2840.000000	0.785911	0.670768	0.733367	0.751114	0.837601	0.717028	0.749298	0.742240	0.758442	
2850.000000	0.777736	0.669491	0.737457	0.752981	0.839790	0.713344	0.748466	0.745219	0.758442	
2860.000000	0.788881	0.685707	0.735632	0.754528	0.835191	0.713946	0.752314	0.745080	0.758442	
2870.000000	0.784532	0.660683	0.730541	0.755141	0.843243	0.709702	0.747307	0.742841	0.758442	
2880.000000	0.783557	0.694534	0.725203	0.761794	0.822792	0.712116	0.749999	0.743499	0.758442	
2890.000000	0.780728	0.698036	0.727040	0.760769	0.829938	0.717352	0.752311	0.743905	0.758442	
2900.000000	0.782031	0.688782	0.738861	0.765597	0.838777	0.703679	0.752955	0.752229	0.758442	
2910.000000	0.756780	0.691602	0.739761	0.764463	0.839305	0.711230	0.750524	0.748271	0.758442	
2920.000000	0.781891	0.685899	0.739295	0.768113	0.841350	0.723084	0.756605	0.753704	0.758442	
2930.000000	0.788147	0.695346	0.742711	0.775564	0.848861	0.723159	0.762298	0.759138	0.762298	
2940.000000	0.788862	0.696784	0.738309	0.772097	0.845791	0.720443	0.760381	0.755203	0.762298	
2950.000000	0.775461	0.686494	0.741992	0.772002	0.850320	0.720423	0.757782	0.756997	0.762298	
2960.000000	0.783139	0.676096	0.739523	0.771699	0.848137	0.720088	0.756447	0.755611	0.762298	
2970.000000	0.791892	0.691931	0.747415	0.777246	0.853755	0.723371	0.764268	0.762331	0.764268	
2980.000000	0.783493	0.688738	0.737871	0.763034	0.850201	0.716221	0.756593	0.750452	0.764268	
2990.000000	0.782558	0.680407	0.735848	0.767426	0.832549	0.712857	0.751941	0.751637	0.764268	
3000.000000	0.783770	0.679180	0.735217	0.768724	0.839198	0.720326	0.754403	0.751970	0.764268	
3010.000000	0.789937	0.674680	0.737962	0.768796	0.841230	0.720456	0.755510	0.753379	0.764268	
3020.000000	0.782181	0.685273	0.741796	0.772261	0.836946	0.720933	0.756565	0.757028	0.764268	
3030.000000	0.780670	0.683916	0.736480	0.765791	0.837959	0.720675	0.754248	0.751135	0.764268	
3040.000000	0.778641	0.684821	0.746926	0.766439	0.841752	0.716470	0.755841	0.756682	0.764268	
3050.000000	0.790193	0.693666	0.742523	0.770787	0.841916	0.721444	0.760088	0.756655	0.764268	
3060.000000	0.777870	0.681380	0.734980	0.758326	0.832625	0.722233	0.751236	0.746653	0.764268	
3070.000000	0.776934	0.688112	0.737615	0.768613	0.832845	0.723805	0.754654	0.753114	0.764268	
3080.000000	0.768845	0.687077	0.740205	0.774984	0.837198	0.727839	0.756025	0.754525	0.764268	
3090.000000	0.791574	0.695922	0.738489	0.768687	0.836619	0.728009	0.759883	0.753588	0.764268	
3100.000000	0.796626	0.682112	0.730646	0.759988	0.833015	0.727088	0.754913	0.745317	0.764268	
3110.000000	0.793114	0.691379	0.734363	0.763522	0.833908	0.727802	0.757348	0.748943	0.764268	
3120.000000	0.792677	0.682750	0.738859	0.762879	0.825101	0.724729	0.754499	0.750869	0.764268	
3130.000000	0.792758	0.685397	0.741132	0.773711	0.840696	0.724385	0.759680	0.757422	0.764268	
3140.000000	0.784295	0.684982	0.732646	0.768437	0.844250	0.720575	0.755864	0.750541	0.764268	
3150.000000	0.785844	0.693964	0.740843	0.772649	0.841356	0.720910	0.759261	0.756746	0.764268	
3160.000000	0.782810	0.687480	0.740962	0.774278	0.836764	0.717921	0.756702	0.757620	0.764268	
3170.000000	0.777617	0.689253	0.740141	0.772293	0.836059	0.718501	0.755644	0.756217	0.764268	
3180.000000	0.775539	0.695631	0.740766	0.764785	0.835977	0.723492	0.756032	0.752775	0.764268	
3190.000000	0.782770	0.669603	0.736198	0.769969	0.840765	0.723741	0.753841	0.753083	0.764268	
3200.000000	0.790686	0.664706	0.739371	0.767292	0.837305	0.725593	0.754159	0.753331	0.764268	
3210.000000	0.791211	0.679136	0.737633	0.762289	0.835952	0.726517	0.755456	0.749961	0.764268	
3220.000000	0.785055	0.683488	0.745366	0.771234	0.836720	0.726790	0.758109	0.758300	0.764268	
3230.000000	0.796104	0.691819	0.743327	0.770304	0.843778	0.723428	0.761460	0.756816	0.764268	
3240.000000	0.775222	0.680054	0.745416	0.773938	0.838745	0.724916	0.756382	0.759677	0.764268	
3250.000000	0.790253	0.691602	0.744859	0.767759	0.832165	0.722132	0.758128	0.756309	0.764268	
3260.000000	0.779108	0.698935	0.738031	0.771415	0.832599	0.722875	0.757161	0.754723	0.764268	
3270.000000	0.784970	0.686891	0.749240	0.777241	0.839683	0.725709	0.760622	0.763241	0.764268	
3280.000000	0.782450	0.687889	0.750504	0.775476	0.835348	0.729175	0.760140	0.762990	0.764268	
3290.000000	0.780495	0.682056	0.741658	0.778081	0.846785	0.726444	0.759253	0.759870	0.764268	
3300.000000	0.784803	0.699109	0.743674	0.773563	0.838620	0.721459	0.760205	0.758619	0.764268	
3310.000000	0.788172	0.703349	0.743637	0.768224	0.840331	0.724063	0.761296	0.755930	0.764268	
3320.000000	0.768904	0.688137	0.729975	0.762478	0.826976	0.706250	0.747120	0.746227	0.764268	
3330.000000	0.789340	0.689649	0.748043	0.783667	0.842520	0.720767	0.762331	0.765855	0.764268	
3340.000000	0.792442	0.691831	0.739979	0.780040	0.847376	0.727339	0.763168	0.760009	0.764268	
3350.000000	0.796458	0.673973	0.750536	0.780072	0.849062	0.733981	0.764014	0.765304	0.764268	
3360.000000	0.795342	0.689494	0.749531	0.783112	0.843388	0.727015	0.764647	0.766322	0.764647	
3370.000000	0.794299	0.678678	0.747938	0.774343	0.856944	0.729691	0.763649	0.761141	0.764647	
3380.000000	0.788808	0.697175	0.746377	0.780401	0.856649	0.725794	0.765867	0.763389	0.765867	
3390.000000	0.799569	0.692612	0.750417	0.782821	0.856013	0.732599	0.769005	0.766619	0.769005	
3400.000000	0.797435	0.682868	0.747784	0.782034	0.850874	0.728234	0.764871	0.764909	0.769005	
3410.000000	0.795218	0.676099	0.740120	0.766605	0.846278	0.722542	0.757810	0.753362	0.769005	
3420.000000	0.790936	0.682397	0.736690	0.774919	0.846263	0.726274	0.759580	0.755804	0.769005	
3430.000000	0.781733	0.661129	0.731516	0.765594	0.840280	0.720895	0.750191	0.748555	0.769005	
3440.000000	0.792555	0.686277	0.733024	0.763115	0.846514	0.721162	0.757108	0.748069	0.769005	
3450.000000	0.783811	0.695352	0.728181	0.762187	0.843835	0.717864	0.755205	0.745184	0.769005	
3460.000000	0.797625	0.682719	0.736412	0.771280	0.842551	0.726711	0.759550	0.753846	0.769005	
3470.000000	0.792434	0.677748	0.730801	0.759742	0.838865	0.713728	0.752220	0.745271	0.769005	
3480.000000	0.788983	0.683810	0.731330	0.762621	0.832335	0.722690	0.753628	0.746975	0.769005	
3490.000000	0.796407	0.699295	0.691882	0.770570	0.837028	0.724687	0.753311	0.747628	0.769005	
3500.000000	0.779567	0.699226	0.731736	0.765263	0.829033	0.726614	0.755240	0.748500	0.769005	
3510.000000	0.784253	0.712572	0.733171	0.760434	0.830737	0.723545	0.757452	0.746802	0.769005	
3520.000000	0.787630	0.692507	0.735285	0.772529	0.834700	0.731120	0.758962	0.753907	0.769005	
3530.000000	0.795801	0.705797	0.740813	0.777389	0.845357	0.724400	0.764926	0.759101	0.769005	
3540.000000	0.785655	0.704030	0.742785	0.777026	0.848722	0.726883	0.764183	0.759905	0.769005	
3550.000000	0.793308	0.704142	0.737964	0.777887	0.848307	0.723969	0.764263	0.757925	0.769005	
3560.000000	0.785644	0.690430	0.739448	0.774787	0.845162	0.710375	0.757641	0.757117	0.769005	
3570.000000	0.795474	0.694249	0.738834	0.781208	0.839488	0.717676	0.761155	0.760021	0.769005	
3580.000000	0.796445	0.692055	0.743547	0.777361	0.850874	0.725381	0.764277	0.760454	0.769005	
3590.000000	0.795280	0.678188	0.738228	0.771354	0.853006	0.728072	0.760688	0.754791	0.769005	
3600.000000	0.788872	0.670105	0.739711	0.763420	0.843910	0.725037	0.755176	0.751566	0.769005	
3610.000000	0.781039	0.685797	0.745899	0.782439	0.847043	0.701653	0.757312	0.763469	0.769005	
3620.000000	0.786999	0.694955	0.747136	0.779758	0.848383	0.724976	0.763701	0.763447	0.769005	
3630.000000	0.795794	0.707787	0.748852	0.777722	0.846426	0.729535	0.767686	0.763287	0.769005	
3640.000000	0.795035	0.697410	0.746060	0.774233	0.842098	0.732295	0.764522	0.760146	0.769005	
3650.000000	0.798888	0.705586	0.749191	0.784576	0.846722	0.735282	0.770041	0.766883	0.770041	
3660.000000	0.790526	0.702834	0.746022	0.783093	0.844382	0.735639	0.767083	0.764558	0.770041	
3670.000000	0.797606	0.713908	0.746014	0.777609	0.837613	0.734021	0.767795	0.761812	0.770041	
3680.000000	0.793229	0.689804	0.748214	0.777951	0.852245	0.725538	0.764497	0.763083	0.770041	
3690.000000	0.787263	0.692073	0.742252	0.772691	0.848181	0.720243	0.760451	0.757471	0.770041	
3700.000000	0.796464	0.672417	0.739093	0.765421	0.844250	0.724142	0.756965	0.752257	0.770041	
3710.000000	0.795807	0.677574	0.745733	0.773239	0.851113	0.728073	0.761923	0.759486	0.770041	
3720.000000	0.782757	0.700373	0.742915	0.776776	0.853931	0.718472	0.762537	0.759846	0.770041	
3730.000000	0.772919	0.709206	0.751638	0.787410	0.851459	0.724372	0.766167	0.762278	0.770041	
3740.000000	0.785958	0.708723	0.751077	0.787613	0.855931	0.729985	0.769881	0.768517	0.770041	
3750.000000	0.801694	0.694838	0.743500	0.788162	0.862990	0.733394	0.770763	0.765831	0.770763	
3760.000000	0.794120	0.707595	0.754419	0.783929	0.857548	0.731686	0.771549	0.769174	0.771549	
3770.000000	0.795562	0.703516	0.753466	0.780480	0.856781	0.728981	0.769798	0.766973	0.771549	
3780.000000	0.802381	0.696598	0.748446	0.780221	0.856995	0.723011	0.767942	0.764333	0.771549	
3790.000000	0.783355	0.715827	0.743419	0.776822	0.855372	0.718223	0.765503	0.760121	0.771549	
3800.000000	0.790091	0.702853	0.747796	0.778935	0.851308	0.724098	0.765847	0.763366	0.771549	
3810.000000	0.792481	0.703001	0.750233	0.776471	0.854799	0.727891	0.767479	0.763352	0.771549	
3820.000000	0.791279	0.715572	0.740308	0.771088	0.846917	0.726283	0.765241	0.755698	0.771549	
3830.000000	0.788202	0.708190	0.750924	0.777614	0.847584	0.720185	0.765450	0.764269	0.771549	
3840.000000	0.777162	0.713831	0.755232	0.779374	0.836493	0.727848	0.764990	0.766197	0.771549	
3850.000000	0.786958	0.703001	0.750914	0.772159	0.836839	0.729795	0.763278	0.761537	0.771549	
3860.000000	0.797239	0.708475	0.750481	0.779901	0.839224	0.726493	0.766969	0.765191	0.771549	
3870.000000	0.796816	0.708239	0.751505	0.771139	0.850289	0.732831	0.768470	0.761322	0.771549	
3880.000000	0.796387	0.684628	0.755616	0.778442	0.856158	0.733053	0.767381	0.767029	0.771549	
3890.000000	0.794898	0.705177	0.758113	0.784493	0.858592	0.718673	0.769991	0.771303	0.771549	
3900.000000	0.800329	0.707173	0.754287	0.778402	0.857051	0.731526	0.771461	0.766345	0.771549	
3910.000000	0.799289	0.702592	0.751798	0.780699	0.857856	0.726473	0.769785	0.766249	0.771549	
3920.000000	0.789598	0.709597	0.747164	0.767607	0.855183	0.727652	0.766133	0.757385	0.771549	
3930.000000	0.790569	0.710310	0.747290	0.781488	0.855327	0.728225	0.768868	0.764389	0.771549	
3940.000000	0.796496	0.724777	0.753249	0.775030	0.868054	0.724711	0.773719	0.764139	0.773719	
3950.000000	0.785426	0.703913	0.750447	0.775802	0.859391	0.737844	0.768804	0.763125	0.773719	
3960.000000	0.803021	0.703107	0.753932	0.781099	0.861612	0.736892	0.773277	0.767516	0.773719	
3970.000000	0.804359	0.701867	0.748600	0.776226	0.843149	0.737868	0.768678	0.762413	0.773719	
3980.000000	0.810368	0.699623	0.764436	0.787595	0.854749	0.731572	0.774724	0.776015	0.774724	
3990.000000	0.798671	0.707694	0.755321	0.778257	0.848049	0.730137	0.769688	0.766789	0.774724	
4000.000000	0.792835	0.699016	0.752268	0.776938	0.858039	0.730915	0.768335	0.764603	0.774724	
4010.000000	0.799998	0.687164	0.758680	0.784900	0.860473	0.727194	0.769735	0.771790	0.774724	
4020.000000	0.786218	0.697323	0.762611	0.789057	0.859825	0.732143	0.771196	0.774414	0.774724	
4030.000000	0.795412	0.710830	0.759847	0.789501	0.858272	0.728969	0.773805	0.774674	0.774724	
4040.000000	0.798583	0.698228	0.735057	0.778227	0.851673	0.730796	0.765427	0.756642	0.774724	
4050.000000	0.802123	0.701520	0.754402	0.782788	0.855221	0.728291	0.770724	0.768595	0.774724	
4060.000000	0.800544	0.679769	0.760804	0.784703	0.858920	0.732008	0.769458	0.772754	0.774724	
4070.000000	0.797845	0.704421	0.749593	0.759922	0.840356	0.733803	0.764323	0.754758	0.774724	
4080.000000	0.789284	0.703937	0.751654	0.771629	0.843797	0.729515	0.764969	0.761641	0.774724	
4090.000000	0.787765	0.716025	0.751315	0.763362	0.852069	0.724982	0.765920	0.757338	0.774724	
4100.000000	0.790635	0.713979	0.753762	0.767481	0.849534	0.725939	0.766888	0.760621	0.774724	
4110.000000	0.796012	0.682620	0.755388	0.771671	0.856208	0.725485	0.764564	0.763530	0.774724	
4120.000000	0.807616	0.700516	0.750752	0.776413	0.824050	0.726861	0.764368	0.763582	0.774724	
4130.000000	0.803429	0.709628	0.751844	0.775511	0.848188	0.734943	0.770590	0.763677	0.774724	
4140.000000	0.795920	0.713161	0.749789	0.772862	0.828039	0.736503	0.766046	0.761326	0.774724	
4150.000000	0.808727	0.712777	0.748156	0.776982	0.854334	0.730882	0.771976	0.762569	0.774724	
4160.000000	0.808685	0.726966	0.753797	0.771116	0.851503	0.733620	0.774281	0.762457	0.774724	
4170.000000	0.788642	0.715672	0.755824	0.770512	0.849138	0.731312	0.768517	0.763168	0.774724	
4180.000000	0.792905	0.711692	0.756046	0.770246	0.844816	0.730384	0.767682	0.763146	0.774724	
4190.000000	0.798005	0.726928	0.754184	0.781328	0.853579	0.732377	0.774400	0.767756	0.774724	
4200.000000	0.790686	0.706380	0.756847	0.783362	0.861090	0.736451	0.772469	0.770104	0.774724	
4210.000000	0.793678	0.700255	0.757370	0.780045	0.856686	0.735459	0.770582	0.768707	0.774724	
4220.000000	0.797228	0.708785	0.758184	0.785955	0.861801	0.731724	0.773946	0.772070	0.774724	
4230.000000	0.784609	0.719868	0.743815	0.778997	0.858561	0.723073	0.768154	0.761406	0.774724	
4240.000000	0.795703	0.708797	0.751731	0.768463	0.851836	0.726292	0.767137	0.760097	0.774724	
4250.000000	0.779360	0.716136	0.751313	0.768229	0.858121	0.733417	0.767763	0.759771	0.774724	
4260.000000	0.789896	0.701539	0.755335	0.743189	0.857429	0.732522	0.763318	0.749262	0.774724	
4270.000000	0.775056	0.710589	0.747263	0.764278	0.856108	0.733267	0.764427	0.755770	0.774724	
4280.000000	0.789935	0.690957	0.750138	0.768874	0.853705	0.730807	0.764069	0.759506	0.774724	
4290.000000	0.800297	0.696710	0.749787	0.775539	0.860895	0.733902	0.769521	0.762663	0.774724	
4300.000000	0.791128	0.688775	0.752397	0.776249	0.858567	0.728106	0.765870	0.764323	0.774724	
4310.000000	0.793172	0.695867	0.754560	0.781257	0.841884	0.727672	0.765735	0.767909	0.774724	
4320.000000	0.794476	0.697311	0.759476	0.782240	0.857190	0.736603	0.771216	0.770858	0.774724	
4330.000000	0.800578	0.708909	0.760314	0.783922	0.857152	0.737326	0.774700	0.772118	0.774724	
4340.000000	0.797572	0.717661	0.752741	0.781102	0.852906	0.733724	0.772618	0.766922	0.774724	
4350.000000	0.796289	0.708748	0.753564	0.775101	0.859586	0.731107	0.770732	0.764333	0.774724	
4360.000000	0.789145	0.699741	0.749036	0.775481	0.865500	0.726049	0.767492	0.762258	0.774724	
4370.000000	0.788484	0.696381	0.759167	0.783690	0.863751	0.736898	0.771395	0.771429	0.774724	
4380.000000	0.791074	0.710471	0.757762	0.784713	0.867330	0.733825	0.774196	0.771237	0.774724	
4390.000000	0.799272	0.702289	0.765080	0.782413	0.859706	0.740646	0.774901	0.773746	0.774901	
4400.000000	0.793842	0.721269	0.765819	0.786561	0.849345	0.737244	0.775680	0.776190	0.775680	
4410.000000	0.797264	0.718696	0.764398	0.778643	0.853956	0.740972	0.775655	0.771520	0.775680	
4420.000000	0.795820	0.712064	0.757513	0.772154	0.854875	0.744568	0.772832	0.764834	0.775680	
4430.000000	0.760002	0.708698	0.761335	0.770179	0.847477	0.738851	0.764424	0.760668	0.775680	
4440.000000	0.797303	0.731887	0.757386	0.770080	0.856869	0.737015	0.775090	0.763733	0.775680	
4450.000000	0.796906	0.725955	0.767077	0.772895	0.859435	0.734830	0.776183	0.769986	0.776183	
4460.000000	0.786960	0.698247	0.755787	0.762622	0.866298	0.722158	0.765345	0.759204	0.776183	
4470.000000	0.791548	0.711556	0.756401	0.771356	0.863122	0.743986	0.772995	0.763879	0.776183	
4480.000000	0.799575	0.728274	0.743720	0.769714	0.860857	0.744530	0.774445	0.757122	0.776183	
4490.000000	0.798824	0.733840	0.764230	0.781347	0.848943	0.740254	0.777906	0.772788	0.777906	
4500.000000	0.793722	0.720463	0.760889	0.774896	0.846735	0.743578	0.773380	0.767892	0.777906	
4510.000000	0.791864	0.700262	0.763635	0.783605	0.859511	0.741382	0.773376	0.773620	0.777906	
4520.000000	0.793439	0.718542	0.758004	0.769721	0.859077	0.742639	0.773570	0.763863	0.777906	
4530.000000	0.787658	0.717637	0.761032	0.781479	0.855063	0.744054	0.774487	0.771255	0.777906	
4540.000000	0.792323	0.720066	0.762064	0.777648	0.858699	0.742288	0.775515	0.769856	0.777906	
4550.000000	0.794678	0.719781	0.767069	0.781682	0.851358	0.746314	0.776814	0.774376	0.777906	
4560.000000	0.795967	0.713595	0.765516	0.782145	0.848917	0.750957	0.776183	0.773830	0.777906	
4570.000000	0.800634	0.718294	0.771885	0.783156	0.852893	0.741748	0.778102	0.777520	0.778102	
4580.000000	0.806413	0.708308	0.763944	0.784511	0.854950	0.752377	0.778417	0.774228	0.778417	
4590.000000	0.805864	0.700534	0.761238	0.780119	0.852182	0.741892	0.773638	0.770678	0.778417	
4600.000000	0.791727	0.710496	0.762272	0.777775	0.855145	0.743955	0.773562	0.770024	0.778417	
4610.000000	0.796432	0.706566	0.760279	0.774241	0.861996	0.731660	0.771862	0.767260	0.778417	
4620.000000	0.802669	0.716378	0.771050	0.775807	0.862411	0.751554	0.779978	0.773428	0.779978	
4630.000000	0.805217	0.709275	0.771123	0.781490	0.866355	0.755075	0.781423	0.776307	0.781423	
4640.000000	0.803822	0.709777	0.770782	0.787192	0.855913	0.739916	0.777900	0.778987	0.781423	
4650.000000	0.805569	0.711711	0.762512	0.787072	0.861260	0.746691	0.779136	0.774792	0.781423	
4660.000000	0.805238	0.721815	0.770546	0.792473	0.863984	0.740459	0.782419	0.781510	0.782419	
4670.000000	0.794303	0.712851	0.774810	0.789996	0.855642	0.751750	0.779892	0.782403	0.782419	
4680.000000	0.786418	0.715839	0.766748	0.787144	0.860222	0.744061	0.776739	0.776583	0.782419	
4690.000000	0.794262	0.707905	0.771535	0.786232	0.854145	0.728325	0.773734	0.778884	0.782419	
4700.000000	0.799494	0.710096	0.766488	0.790306	0.853981	0.746378	0.777791	0.778397	0.782419	
4710.000000	0.797634	0.729966	0.765854	0.782249	0.860744	0.738018	0.779077	0.774052	0.782419	
4720.000000	0.790573	0.718418	0.758394	0.772999	0.853101	0.733078	0.771094	0.765697	0.782419	
4730.000000	0.807157	0.721071	0.757659	0.777752	0.853724	0.749947	0.777885	0.767706	0.782419	
4740.000000	0.807607	0.685261	0.755662	0.776115	0.851647	0.738924	0.769203	0.765888	0.782419	
4750.000000	0.811813	0.721573	0.756601	0.780836	0.856271	0.746852	0.778991	0.768718	0.782419	
4760.000000	0.809760	0.714110	0.765264	0.781176	0.851390	0.745697	0.777899	0.773220	0.782419	
4770.000000	0.803361	0.709374	0.770220	0.762774	0.850289	0.750542	0.774427	0.766497	0.782419	
4780.000000	0.802836	0.718827	0.762736	0.758710	0.841287	0.745639	0.771672	0.760723	0.782419	
4790.000000	0.802755	0.711351	0.762607	0.773919	0.842935	0.742401	0.772661	0.768263	0.782419	
4800.000000	0.797890	0.705202	0.759333	0.775698	0.847917	0.741422	0.771244	0.767516	0.782419	
4810.000000	0.801976	0.683376	0.763263	0.776758	0.852755	0.730430	0.768093	0.770010	0.782419	
4820.000000	0.805106	0.693548	0.739105	0.780253	0.850433	0.744824	0.768878	0.762538	0.782419	
4830.000000	0.805548	0.689587	0.762137	0.776300	0.851081	0.744279	0.771489	0.769218	0.782419	
4840.000000	0.789350	0.706944	0.762146	0.773135	0.857202	0.732575	0.770225	0.767641	0.782419	
4850.000000	0.787801	0.699059	0.761420	0.773309	0.853258	0.742502	0.769558	0.767364	0.782419	
4860.000000	0.800623	0.716093	0.758581	0.769411	0.851654	0.735994	0.772059	0.763996	0.782419	
4870.000000	0.797288	0.727902	0.759809	0.764077	0.840224	0.739314	0.771436	0.761943	0.782419	
4880.000000	0.795779	0.730685	0.756986	0.754283	0.841494	0.740732	0.769993	0.755634	0.782419	
4890.000000	0.797322	0.721542	0.747039	0.747781	0.854648	0.731217	0.766591	0.747410	0.782419	
4900.000000	0.802689	0.697348	0.756803	0.781250	0.858133	0.742972	0.773199	0.769027	0.782419	
4910.000000	0.799855	0.714568	0.764937	0.775744	0.864380	0.728329	0.774636	0.770341	0.782419	
4920.000000	0.803958	0.721678	0.767856	0.786552	0.866651	0.747370	0.782344	0.777204	0.782419	
4930.000000	0.798341	0.716180	0.768932	0.790590	0.866110	0.744464	0.780769	0.779761	0.782419	
4940.000000	0.806224	0.734478	0.759896	0.785388	0.857888	0.744660	0.781423	0.772642	0.782419	
4950.000000	0.793473	0.712814	0.759680	0.782811	0.862568	0.747941	0.776548	0.771246	0.782419	
4960.000000	0.789768	0.724870	0.758345	0.787357	0.860977	0.751400	0.778786	0.772851	0.782419	
4970.000000	0.788480	0.719403	0.762767	0.791613	0.865556	0.745635	0.778909	0.775624	0.782419	
4980.000000	0.758700	0.711239	0.768920	0.790426	0.852283	0.747288	0.771476	0.763810	0.782419	
4990.000000	0.794119	0.705177	0.770105	0.792259	0.859907	0.749817	0.778564	0.781182	0.782419	
5000.000000	0.798353	0.712687	0.773558	0.786811	0.854158	0.755271	0.780140	0.780184	0.782419	
