Epoch	AUC-9	AUC-10	AUC-11	AUC-Avg	AUC-Mid	AUC-Best	
1.000000	0.549688	0.690812	0.661306	0.633935	0.661306	0.633935	
10.000000	0.618734	0.726115	0.752694	0.699181	0.726115	0.699181	
20.000000	0.739555	0.753374	0.808237	0.767056	0.753374	0.767056	
30.000000	0.750233	0.816668	0.819938	0.795613	0.816668	0.795613	
40.000000	0.760853	0.787561	0.825044	0.791153	0.787561	0.795613	
50.000000	0.756272	0.793516	0.817483	0.789090	0.793516	0.795613	
60.000000	0.759301	0.809375	0.828405	0.799027	0.809375	0.799027	
70.000000	0.769915	0.815646	0.831474	0.805678	0.815646	0.805678	
80.000000	0.767030	0.822146	0.830999	0.806725	0.822146	0.806725	
90.000000	0.752111	0.803753	0.834769	0.796878	0.803753	0.806725	
100.000000	0.759638	0.806234	0.836845	0.800906	0.806234	0.806725	
110.000000	0.757721	0.796202	0.828440	0.794121	0.796202	0.806725	
120.000000	0.741145	0.789860	0.832186	0.787730	0.789860	0.806725	
130.000000	0.764091	0.835670	0.819345	0.806369	0.819345	0.806725	
140.000000	0.767066	0.827149	0.845305	0.813174	0.827149	0.813174	
150.000000	0.764574	0.833349	0.827781	0.808568	0.827781	0.813174	
160.000000	0.773722	0.837389	0.845386	0.818832	0.837389	0.818832	
170.000000	0.784647	0.840916	0.836048	0.820537	0.836048	0.820537	
180.000000	0.789652	0.823944	0.838961	0.817519	0.823944	0.820537	
190.000000	0.778092	0.808184	0.853524	0.813267	0.808184	0.820537	
200.000000	0.785078	0.834249	0.846173	0.821834	0.834249	0.821834	
210.000000	0.763749	0.810168	0.847323	0.807080	0.810168	0.821834	
220.000000	0.761542	0.811911	0.849512	0.807655	0.811911	0.821834	
230.000000	0.783727	0.836085	0.832352	0.817388	0.832352	0.821834	
240.000000	0.783384	0.831181	0.818329	0.810964	0.818329	0.821834	
250.000000	0.765565	0.821997	0.841354	0.809639	0.821997	0.821834	
260.000000	0.780983	0.834180	0.838435	0.817866	0.834180	0.821834	
270.000000	0.772243	0.819001	0.836513	0.809252	0.819001	0.821834	
280.000000	0.766154	0.821495	0.844138	0.810596	0.821495	0.821834	
290.000000	0.755883	0.819919	0.843836	0.806546	0.819919	0.821834	
300.000000	0.774779	0.833343	0.837307	0.815143	0.833343	0.821834	
310.000000	0.782463	0.832144	0.836758	0.817122	0.832144	0.821834	
320.000000	0.766896	0.826997	0.842726	0.812206	0.826997	0.821834	
330.000000	0.771446	0.831803	0.848548	0.817266	0.831803	0.821834	
340.000000	0.772712	0.825089	0.853527	0.817109	0.825089	0.821834	
350.000000	0.761659	0.824032	0.839587	0.808426	0.824032	0.821834	
360.000000	0.782716	0.842760	0.823684	0.816387	0.823684	0.821834	
370.000000	0.778887	0.840880	0.850524	0.823430	0.840880	0.823430	
380.000000	0.787746	0.825842	0.840121	0.817903	0.825842	0.823430	
390.000000	0.775638	0.808361	0.833682	0.805894	0.808361	0.823430	
400.000000	0.791326	0.834135	0.838324	0.821262	0.834135	0.823430	
410.000000	0.797498	0.851979	0.825408	0.824962	0.825408	0.824962	
420.000000	0.798134	0.835181	0.832490	0.821935	0.832490	0.824962	
430.000000	0.790192	0.824866	0.838563	0.817873	0.824866	0.824962	
440.000000	0.806551	0.834855	0.838342	0.826583	0.834855	0.826583	
450.000000	0.801396	0.838796	0.831856	0.824016	0.831856	0.826583	
460.000000	0.782642	0.834944	0.841088	0.819558	0.834944	0.826583	
470.000000	0.765466	0.809831	0.833629	0.802975	0.809831	0.826583	
480.000000	0.759433	0.791994	0.839498	0.796975	0.791994	0.826583	
490.000000	0.790473	0.818054	0.827591	0.812040	0.818054	0.826583	
500.000000	0.793812	0.822400	0.822638	0.812950	0.822400	0.826583	
510.000000	0.802073	0.834593	0.827067	0.821244	0.827067	0.826583	
520.000000	0.793799	0.832734	0.834684	0.820406	0.832734	0.826583	
530.000000	0.784481	0.824167	0.838484	0.815710	0.824167	0.826583	
540.000000	0.771406	0.807870	0.829513	0.802930	0.807870	0.826583	
550.000000	0.775007	0.792151	0.821622	0.796260	0.792151	0.826583	
560.000000	0.769925	0.796685	0.823174	0.796595	0.796685	0.826583	
570.000000	0.789668	0.806554	0.816997	0.804406	0.806554	0.826583	
580.000000	0.795616	0.819539	0.821786	0.812314	0.819539	0.826583	
590.000000	0.781408	0.812099	0.818269	0.803925	0.812099	0.826583	
600.000000	0.788229	0.827772	0.808112	0.808038	0.808112	0.826583	
610.000000	0.807369	0.839146	0.815285	0.820600	0.815285	0.826583	
620.000000	0.803344	0.840717	0.817317	0.820459	0.817317	0.826583	
630.000000	0.784735	0.830087	0.829448	0.814756	0.829448	0.826583	
640.000000	0.783338	0.818613	0.839064	0.813672	0.818613	0.826583	
650.000000	0.779286	0.801766	0.841563	0.807538	0.801766	0.826583	
660.000000	0.787955	0.820579	0.829828	0.812787	0.820579	0.826583	
670.000000	0.788541	0.823477	0.848285	0.820101	0.823477	0.826583	
680.000000	0.793522	0.821798	0.838208	0.817843	0.821798	0.826583	
690.000000	0.798634	0.830391	0.817038	0.815354	0.817038	0.826583	
700.000000	0.796775	0.836608	0.837261	0.823548	0.836608	0.826583	
710.000000	0.774532	0.810026	0.845532	0.810030	0.810026	0.826583	
720.000000	0.794183	0.832568	0.844986	0.823912	0.832568	0.826583	
730.000000	0.799295	0.830078	0.844048	0.824474	0.830078	0.826583	
740.000000	0.800628	0.822339	0.846657	0.823208	0.822339	0.826583	
750.000000	0.802082	0.828080	0.842858	0.824340	0.828080	0.826583	
760.000000	0.792912	0.832431	0.844875	0.823406	0.832431	0.826583	
770.000000	0.787955	0.815434	0.848585	0.817325	0.815434	0.826583	
780.000000	0.806323	0.814641	0.838065	0.819676	0.814641	0.826583	
790.000000	0.804168	0.828094	0.855115	0.829126	0.828094	0.829126	
800.000000	0.810152	0.837175	0.836898	0.828075	0.836898	0.829126	
810.000000	0.808216	0.830709	0.818825	0.819250	0.818825	0.829126	
820.000000	0.796028	0.839908	0.840394	0.825444	0.839908	0.829126	
830.000000	0.790515	0.835819	0.831804	0.819379	0.831804	0.829126	
840.000000	0.797919	0.820991	0.842049	0.820320	0.820991	0.829126	
850.000000	0.802468	0.840880	0.838529	0.827292	0.838529	0.829126	
860.000000	0.801018	0.854203	0.841217	0.832146	0.841217	0.832146	
870.000000	0.789153	0.848348	0.838364	0.825288	0.838364	0.832146	
880.000000	0.789680	0.831591	0.833614	0.818295	0.831591	0.832146	
890.000000	0.793088	0.841381	0.813438	0.815969	0.813438	0.832146	
900.000000	0.793486	0.839220	0.829323	0.820676	0.829323	0.832146	
910.000000	0.794021	0.837356	0.829690	0.820356	0.829690	0.832146	
920.000000	0.790701	0.827343	0.841718	0.819921	0.827343	0.832146	
930.000000	0.803587	0.842042	0.839235	0.828288	0.839235	0.832146	
940.000000	0.799340	0.820357	0.833933	0.817876	0.820357	0.832146	
950.000000	0.777305	0.787648	0.828676	0.797876	0.787648	0.832146	
960.000000	0.795158	0.824365	0.842690	0.820738	0.824365	0.832146	
970.000000	0.794219	0.828049	0.835335	0.819201	0.828049	0.832146	
980.000000	0.792672	0.842145	0.840921	0.825246	0.840921	0.832146	
990.000000	0.799554	0.835937	0.841031	0.825508	0.835937	0.832146	
1000.000000	0.791522	0.820121	0.845329	0.818990	0.820121	0.832146	
1010.000000	0.800601	0.821386	0.837153	0.819713	0.821386	0.832146	
1020.000000	0.798157	0.817043	0.827729	0.814310	0.817043	0.832146	
1030.000000	0.803791	0.841401	0.836661	0.827284	0.836661	0.832146	
1040.000000	0.799272	0.831116	0.828709	0.819699	0.828709	0.832146	
1050.000000	0.796455	0.838245	0.823681	0.819461	0.823681	0.832146	
1060.000000	0.796631	0.838822	0.828556	0.821336	0.828556	0.832146	
1070.000000	0.800587	0.832313	0.838845	0.823915	0.832313	0.832146	
1080.000000	0.802253	0.810870	0.825038	0.812720	0.810870	0.832146	
1090.000000	0.794822	0.813630	0.823796	0.810749	0.813630	0.832146	
1100.000000	0.793981	0.821523	0.832919	0.816141	0.821523	0.832146	
1110.000000	0.786008	0.817965	0.836764	0.813579	0.817965	0.832146	
1120.000000	0.791838	0.801250	0.828665	0.807251	0.801250	0.832146	
1130.000000	0.803691	0.830110	0.833926	0.822576	0.830110	0.832146	
1140.000000	0.806624	0.845165	0.838356	0.830048	0.838356	0.832146	
1150.000000	0.811320	0.836051	0.845374	0.830915	0.836051	0.832146	
1160.000000	0.810268	0.844261	0.835574	0.830034	0.835574	0.832146	
1170.000000	0.814793	0.856088	0.845382	0.838754	0.845382	0.838754	
1180.000000	0.811099	0.854581	0.837370	0.834350	0.837370	0.838754	
1190.000000	0.800346	0.859073	0.838207	0.832542	0.838207	0.838754	
1200.000000	0.795653	0.852007	0.849383	0.832347	0.849383	0.838754	
1210.000000	0.781779	0.795471	0.830593	0.802614	0.795471	0.838754	
1220.000000	0.803841	0.818438	0.849835	0.824038	0.818438	0.838754	
1230.000000	0.805874	0.824778	0.839247	0.823300	0.824778	0.838754	
1240.000000	0.801979	0.839880	0.852910	0.831590	0.839880	0.838754	
1250.000000	0.803102	0.848622	0.855272	0.835665	0.848622	0.838754	
1260.000000	0.800047	0.818638	0.840919	0.819868	0.818638	0.838754	
1270.000000	0.798092	0.832192	0.840550	0.823611	0.832192	0.838754	
1280.000000	0.799514	0.817535	0.829232	0.815427	0.817535	0.838754	
1290.000000	0.803680	0.826185	0.839575	0.823147	0.826185	0.838754	
1300.000000	0.806063	0.833834	0.832669	0.824189	0.832669	0.838754	
1310.000000	0.795532	0.844293	0.825272	0.821699	0.825272	0.838754	
1320.000000	0.794654	0.819784	0.827723	0.814054	0.819784	0.838754	
1330.000000	0.798048	0.821011	0.825784	0.814948	0.821011	0.838754	
1340.000000	0.789011	0.819762	0.841661	0.816812	0.819762	0.838754	
1350.000000	0.790899	0.817147	0.839185	0.815744	0.817147	0.838754	
1360.000000	0.785668	0.812876	0.828347	0.808964	0.812876	0.838754	
1370.000000	0.786529	0.814303	0.831540	0.810791	0.814303	0.838754	
1380.000000	0.788565	0.824639	0.836698	0.816634	0.824639	0.838754	
1390.000000	0.777718	0.803817	0.836136	0.805890	0.803817	0.838754	
1400.000000	0.796406	0.835550	0.837632	0.823196	0.835550	0.838754	
1410.000000	0.795672	0.834908	0.834539	0.821706	0.834539	0.838754	
1420.000000	0.805303	0.847449	0.818016	0.823589	0.818016	0.838754	
1430.000000	0.801183	0.839769	0.820827	0.820593	0.820827	0.838754	
1440.000000	0.803561	0.838066	0.841192	0.827606	0.838066	0.838754	
1450.000000	0.798488	0.836541	0.837444	0.824158	0.836541	0.838754	
1460.000000	0.786816	0.816215	0.833283	0.812105	0.816215	0.838754	
1470.000000	0.792097	0.834386	0.838033	0.821506	0.834386	0.838754	
1480.000000	0.794572	0.841991	0.842108	0.826224	0.841991	0.838754	
1490.000000	0.800232	0.845776	0.842812	0.829607	0.842812	0.838754	
1500.000000	0.802473	0.848973	0.839593	0.830346	0.839593	0.838754	
1510.000000	0.789485	0.860501	0.826718	0.825568	0.826718	0.838754	
1520.000000	0.786651	0.844557	0.820703	0.817304	0.820703	0.838754	
1530.000000	0.787217	0.839930	0.827713	0.818287	0.827713	0.838754	
1540.000000	0.793593	0.835245	0.828548	0.819129	0.828548	0.838754	
1550.000000	0.794489	0.855956	0.824526	0.824990	0.824526	0.838754	
1560.000000	0.803233	0.849226	0.824411	0.825623	0.824411	0.838754	
1570.000000	0.796621	0.827428	0.843356	0.822469	0.827428	0.838754	
1580.000000	0.790180	0.830803	0.846022	0.822335	0.830803	0.838754	
1590.000000	0.790139	0.832039	0.847319	0.823165	0.832039	0.838754	
1600.000000	0.796254	0.840303	0.837316	0.824624	0.837316	0.838754	
1610.000000	0.789775	0.790751	0.836906	0.805811	0.790751	0.838754	
1620.000000	0.796751	0.825206	0.831478	0.817812	0.825206	0.838754	
1630.000000	0.786120	0.806985	0.826333	0.806479	0.806985	0.838754	
1640.000000	0.791815	0.807550	0.845547	0.814971	0.807550	0.838754	
1650.000000	0.795061	0.840555	0.854032	0.829883	0.840555	0.838754	
1660.000000	0.800017	0.819775	0.845417	0.821736	0.819775	0.838754	
1670.000000	0.805139	0.842908	0.846106	0.831384	0.842908	0.838754	
1680.000000	0.813357	0.822556	0.849150	0.828355	0.822556	0.838754	
1690.000000	0.803815	0.835615	0.841944	0.827125	0.835615	0.838754	
1700.000000	0.807148	0.847306	0.843779	0.832744	0.843779	0.838754	
1710.000000	0.795803	0.844423	0.851856	0.830694	0.844423	0.838754	
1720.000000	0.796680	0.835780	0.859262	0.830574	0.835780	0.838754	
1730.000000	0.800079	0.837087	0.855719	0.830961	0.837087	0.838754	
1740.000000	0.804432	0.830845	0.856440	0.830572	0.830845	0.838754	
1750.000000	0.809858	0.834565	0.857152	0.833859	0.834565	0.838754	
1760.000000	0.807812	0.809734	0.845935	0.821160	0.809734	0.838754	
1770.000000	0.805696	0.822370	0.854374	0.827480	0.822370	0.838754	
1780.000000	0.811366	0.860122	0.855387	0.842292	0.855387	0.842292	
1790.000000	0.815555	0.847032	0.847743	0.836777	0.847032	0.842292	
1800.000000	0.809037	0.851719	0.853985	0.838247	0.851719	0.842292	
1810.000000	0.814072	0.837540	0.855658	0.835756	0.837540	0.842292	
1820.000000	0.802981	0.815356	0.857348	0.825228	0.815356	0.842292	
1830.000000	0.799677	0.828420	0.838756	0.822284	0.828420	0.842292	
1840.000000	0.793041	0.824980	0.831795	0.816606	0.824980	0.842292	
1850.000000	0.794592	0.824755	0.843186	0.820844	0.824755	0.842292	
1860.000000	0.805612	0.833612	0.852379	0.830534	0.833612	0.842292	
1870.000000	0.807518	0.847196	0.842809	0.832508	0.842809	0.842292	
1880.000000	0.804935	0.830887	0.843155	0.826326	0.830887	0.842292	
1890.000000	0.788837	0.840303	0.844959	0.824700	0.840303	0.842292	
1900.000000	0.787450	0.849718	0.845935	0.827701	0.845935	0.842292	
1910.000000	0.799090	0.843308	0.850906	0.831102	0.843308	0.842292	
1920.000000	0.798543	0.857669	0.854982	0.837065	0.854982	0.842292	
1930.000000	0.794815	0.813490	0.847146	0.818483	0.813490	0.842292	
1940.000000	0.797231	0.811813	0.833301	0.814115	0.811813	0.842292	
1950.000000	0.803482	0.843531	0.852573	0.833195	0.843531	0.842292	
1960.000000	0.788727	0.820821	0.838560	0.816036	0.820821	0.842292	
1970.000000	0.792599	0.816290	0.827673	0.812187	0.816290	0.842292	
1980.000000	0.801378	0.846201	0.843980	0.830520	0.843980	0.842292	
1990.000000	0.781229	0.840798	0.845933	0.822653	0.840798	0.842292	
2000.000000	0.798583	0.852114	0.840593	0.830430	0.840593	0.842292	
2010.000000	0.787846	0.818164	0.847893	0.817968	0.818164	0.842292	
2020.000000	0.805848	0.829798	0.850591	0.828746	0.829798	0.842292	
2030.000000	0.799411	0.843852	0.847589	0.830284	0.843852	0.842292	
2040.000000	0.808802	0.850006	0.846490	0.835099	0.846490	0.842292	
2050.000000	0.803894	0.851604	0.853949	0.836483	0.851604	0.842292	
2060.000000	0.802320	0.849849	0.854220	0.835463	0.849849	0.842292	
2070.000000	0.800662	0.849100	0.855354	0.835039	0.849100	0.842292	
2080.000000	0.813769	0.860783	0.853583	0.842711	0.853583	0.842711	
2090.000000	0.822834	0.857224	0.846612	0.842223	0.846612	0.842711	
2100.000000	0.807892	0.852427	0.854749	0.838356	0.852427	0.842711	
2110.000000	0.802500	0.836398	0.836200	0.825033	0.836200	0.842711	
2120.000000	0.795831	0.828874	0.849776	0.824827	0.828874	0.842711	
2130.000000	0.804434	0.856572	0.851796	0.837601	0.851796	0.842711	
2140.000000	0.805516	0.852189	0.847214	0.834973	0.847214	0.842711	
2150.000000	0.809561	0.847818	0.832139	0.829839	0.832139	0.842711	
2160.000000	0.807090	0.857169	0.824790	0.829683	0.824790	0.842711	
2170.000000	0.813834	0.866998	0.840203	0.840345	0.840203	0.842711	
2180.000000	0.805790	0.875208	0.844323	0.841774	0.844323	0.842711	
2190.000000	0.808938	0.871106	0.847024	0.842356	0.847024	0.842711	
2200.000000	0.808949	0.859701	0.835160	0.834603	0.835160	0.842711	
2210.000000	0.805762	0.839134	0.837018	0.827305	0.837018	0.842711	
2220.000000	0.813639	0.850865	0.840265	0.834923	0.840265	0.842711	
2230.000000	0.805741	0.852558	0.853848	0.837383	0.852558	0.842711	
2240.000000	0.818898	0.840002	0.844631	0.834511	0.840002	0.842711	
2250.000000	0.812470	0.849610	0.843556	0.835212	0.843556	0.842711	
2260.000000	0.791712	0.833061	0.865748	0.830174	0.833061	0.842711	
2270.000000	0.789248	0.822450	0.851997	0.821232	0.822450	0.842711	
2280.000000	0.805689	0.839533	0.860374	0.835199	0.839533	0.842711	
2290.000000	0.807956	0.852099	0.857868	0.839308	0.852099	0.842711	
2300.000000	0.811968	0.871017	0.854231	0.845739	0.854231	0.845739	
2310.000000	0.817093	0.867331	0.856787	0.847070	0.856787	0.847070	
2320.000000	0.801978	0.843541	0.853257	0.832925	0.843541	0.847070	
2330.000000	0.797783	0.847880	0.833393	0.826352	0.833393	0.847070	
2340.000000	0.803510	0.838069	0.851791	0.831124	0.838069	0.847070	
2350.000000	0.778706	0.833435	0.845577	0.819239	0.833435	0.847070	
2360.000000	0.787850	0.825994	0.838069	0.817305	0.825994	0.847070	
2370.000000	0.808280	0.824810	0.822891	0.818661	0.822891	0.847070	
2380.000000	0.804660	0.861320	0.841382	0.835787	0.841382	0.847070	
2390.000000	0.802397	0.850376	0.842829	0.831867	0.842829	0.847070	
2400.000000	0.794950	0.825270	0.841873	0.820698	0.825270	0.847070	
2410.000000	0.798202	0.841359	0.840325	0.826628	0.840325	0.847070	
2420.000000	0.814362	0.869072	0.849544	0.844326	0.849544	0.847070	
2430.000000	0.815748	0.872673	0.854672	0.847698	0.854672	0.847698	
2440.000000	0.809203	0.854035	0.859464	0.840900	0.854035	0.847698	
2450.000000	0.806954	0.848900	0.860333	0.838729	0.848900	0.847698	
2460.000000	0.804944	0.831904	0.866369	0.834406	0.831904	0.847698	
2470.000000	0.799887	0.849439	0.852926	0.834084	0.849439	0.847698	
2480.000000	0.795145	0.848388	0.849101	0.830878	0.848388	0.847698	
2490.000000	0.795704	0.834531	0.857020	0.829085	0.834531	0.847698	
2500.000000	0.792457	0.830548	0.852940	0.825315	0.830548	0.847698	
2510.000000	0.801197	0.846654	0.837754	0.828535	0.837754	0.847698	
2520.000000	0.796230	0.846567	0.838432	0.827076	0.838432	0.847698	
2530.000000	0.806210	0.852798	0.840509	0.833172	0.840509	0.847698	
2540.000000	0.799511	0.842083	0.847486	0.829693	0.842083	0.847698	
2550.000000	0.794151	0.835645	0.846406	0.825400	0.835645	0.847698	
2560.000000	0.806330	0.847969	0.855166	0.836488	0.847969	0.847698	
2570.000000	0.795856	0.837604	0.848033	0.827164	0.837604	0.847698	
2580.000000	0.795137	0.833614	0.851027	0.826593	0.833614	0.847698	
2590.000000	0.798225	0.837803	0.851247	0.829092	0.837803	0.847698	
2600.000000	0.800203	0.845515	0.848782	0.831500	0.845515	0.847698	
2610.000000	0.800480	0.842667	0.841493	0.828214	0.841493	0.847698	
2620.000000	0.793566	0.819131	0.850549	0.821082	0.819131	0.847698	
2630.000000	0.794727	0.829569	0.850792	0.825029	0.829569	0.847698	
2640.000000	0.791974	0.818261	0.851934	0.820723	0.818261	0.847698	
2650.000000	0.796136	0.830130	0.850032	0.825433	0.830130	0.847698	
2660.000000	0.799962	0.842425	0.843070	0.828485	0.842425	0.847698	
2670.000000	0.805175	0.847036	0.845058	0.832423	0.845058	0.847698	
2680.000000	0.803434	0.838657	0.834199	0.825430	0.834199	0.847698	
2690.000000	0.787412	0.788401	0.833822	0.803212	0.788401	0.847698	
2700.000000	0.796282	0.805341	0.851126	0.817583	0.805341	0.847698	
2710.000000	0.797508	0.820243	0.844627	0.820793	0.820243	0.847698	
2720.000000	0.806181	0.860478	0.839830	0.835496	0.839830	0.847698	
2730.000000	0.805985	0.838563	0.840993	0.828514	0.838563	0.847698	
2740.000000	0.803409	0.846161	0.850651	0.833407	0.846161	0.847698	
2750.000000	0.801588	0.852961	0.851273	0.835274	0.851273	0.847698	
2760.000000	0.809461	0.861699	0.850288	0.840482	0.850288	0.847698	
2770.000000	0.794134	0.836581	0.835593	0.822103	0.835593	0.847698	
2780.000000	0.790079	0.848111	0.842615	0.826935	0.842615	0.847698	
2790.000000	0.804319	0.848029	0.842843	0.831730	0.842843	0.847698	
2800.000000	0.805625	0.865877	0.850775	0.840759	0.850775	0.847698	
2810.000000	0.801063	0.860581	0.843611	0.835085	0.843611	0.847698	
2820.000000	0.799925	0.844458	0.845357	0.829913	0.844458	0.847698	
2830.000000	0.782702	0.832315	0.849631	0.821549	0.832315	0.847698	
2840.000000	0.794077	0.839094	0.843727	0.825633	0.839094	0.847698	
2850.000000	0.792967	0.848619	0.841776	0.827787	0.841776	0.847698	
2860.000000	0.789708	0.802348	0.845949	0.812668	0.802348	0.847698	
2870.000000	0.781165	0.816244	0.850167	0.815859	0.816244	0.847698	
2880.000000	0.794106	0.843017	0.844384	0.827169	0.843017	0.847698	
2890.000000	0.809965	0.854755	0.839335	0.834685	0.839335	0.847698	
2900.000000	0.813068	0.863716	0.859516	0.845433	0.859516	0.847698	
2910.000000	0.821093	0.857266	0.851956	0.843438	0.851956	0.847698	
2920.000000	0.820197	0.864248	0.855827	0.846758	0.855827	0.847698	
2930.000000	0.809730	0.833332	0.857688	0.833583	0.833332	0.847698	
2940.000000	0.803702	0.863547	0.849506	0.838918	0.849506	0.847698	
2950.000000	0.808518	0.858728	0.851815	0.839687	0.851815	0.847698	
2960.000000	0.815303	0.866236	0.852160	0.844567	0.852160	0.847698	
2970.000000	0.807655	0.851136	0.863966	0.840919	0.851136	0.847698	
2980.000000	0.809828	0.855250	0.861215	0.842098	0.855250	0.847698	
2990.000000	0.818066	0.847388	0.861247	0.842234	0.847388	0.847698	
3000.000000	0.813261	0.849476	0.855191	0.839309	0.849476	0.847698	
3010.000000	0.811308	0.849814	0.857115	0.839412	0.849814	0.847698	
3020.000000	0.811646	0.848274	0.851713	0.837211	0.848274	0.847698	
3030.000000	0.801527	0.841921	0.857013	0.833487	0.841921	0.847698	
3040.000000	0.803815	0.851083	0.855142	0.836680	0.851083	0.847698	
3050.000000	0.807923	0.851894	0.860734	0.840183	0.851894	0.847698	
3060.000000	0.805188	0.853268	0.860723	0.839726	0.853268	0.847698	
3070.000000	0.809633	0.840802	0.854841	0.835092	0.840802	0.847698	
3080.000000	0.800070	0.848762	0.855329	0.834720	0.848762	0.847698	
3090.000000	0.791560	0.837801	0.846942	0.825435	0.837801	0.847698	
3100.000000	0.794690	0.837298	0.833647	0.821879	0.833647	0.847698	
3110.000000	0.789798	0.828133	0.825013	0.814315	0.825013	0.847698	
3120.000000	0.801730	0.855710	0.845920	0.834453	0.845920	0.847698	
3130.000000	0.808396	0.858167	0.839264	0.835275	0.839264	0.847698	
3140.000000	0.811037	0.875167	0.837210	0.841138	0.837210	0.847698	
3150.000000	0.806331	0.868250	0.833859	0.836147	0.833859	0.847698	
3160.000000	0.809877	0.857625	0.830458	0.832653	0.830458	0.847698	
3170.000000	0.809234	0.868650	0.840608	0.839497	0.840608	0.847698	
3180.000000	0.808748	0.871737	0.838932	0.839806	0.838932	0.847698	
3190.000000	0.805819	0.864928	0.857616	0.842787	0.857616	0.847698	
3200.000000	0.809871	0.866862	0.846749	0.841161	0.846749	0.847698	
3210.000000	0.805818	0.860008	0.846907	0.837578	0.846907	0.847698	
3220.000000	0.809309	0.874189	0.851691	0.845063	0.851691	0.847698	
3230.000000	0.802989	0.872135	0.853104	0.842742	0.853104	0.847698	
3240.000000	0.798569	0.862332	0.860846	0.840582	0.860846	0.847698	
3250.000000	0.793838	0.860045	0.848980	0.834288	0.848980	0.847698	
3260.000000	0.798523	0.865366	0.850021	0.837970	0.850021	0.847698	
3270.000000	0.799538	0.873699	0.864261	0.845833	0.864261	0.847698	
3280.000000	0.805735	0.854043	0.860166	0.839981	0.854043	0.847698	
3290.000000	0.810235	0.874673	0.855206	0.846705	0.855206	0.847698	
3300.000000	0.811526	0.869653	0.853781	0.844987	0.853781	0.847698	
3310.000000	0.809479	0.857216	0.858032	0.841576	0.857216	0.847698	
3320.000000	0.812145	0.875489	0.849864	0.845833	0.849864	0.847698	
3330.000000	0.802350	0.865000	0.848226	0.838525	0.848226	0.847698	
3340.000000	0.802874	0.850025	0.857980	0.836960	0.850025	0.847698	
3350.000000	0.818318	0.869921	0.856926	0.848388	0.856926	0.848388	
3360.000000	0.817373	0.876451	0.843283	0.845703	0.843283	0.848388	
3370.000000	0.813506	0.849052	0.844948	0.835835	0.844948	0.848388	
3380.000000	0.797887	0.842444	0.852292	0.830874	0.842444	0.848388	
3390.000000	0.808840	0.845309	0.856043	0.836731	0.845309	0.848388	
3400.000000	0.814527	0.846989	0.858482	0.839999	0.846989	0.848388	
3410.000000	0.809645	0.850948	0.859016	0.839870	0.850948	0.848388	
3420.000000	0.800394	0.847155	0.859511	0.835687	0.847155	0.848388	
3430.000000	0.805687	0.848039	0.866215	0.839980	0.848039	0.848388	
3440.000000	0.813042	0.847327	0.854472	0.838280	0.847327	0.848388	
3450.000000	0.804487	0.850920	0.866289	0.840566	0.850920	0.848388	
3460.000000	0.789449	0.833832	0.867172	0.830151	0.833832	0.848388	
3470.000000	0.805249	0.853994	0.862852	0.840699	0.853994	0.848388	
3480.000000	0.808764	0.867981	0.848173	0.841640	0.848173	0.848388	
3490.000000	0.813305	0.863230	0.856961	0.844498	0.856961	0.848388	
3500.000000	0.807082	0.839720	0.862563	0.836455	0.839720	0.848388	
3510.000000	0.815699	0.846842	0.838883	0.833808	0.838883	0.848388	
3520.000000	0.818003	0.852294	0.843122	0.837806	0.843122	0.848388	
3530.000000	0.811059	0.856024	0.829896	0.832327	0.829896	0.848388	
3540.000000	0.826297	0.863638	0.851719	0.847218	0.851719	0.848388	
3550.000000	0.815871	0.861293	0.850701	0.842622	0.850701	0.848388	
3560.000000	0.819753	0.861267	0.844247	0.841756	0.844247	0.848388	
3570.000000	0.808614	0.868718	0.835966	0.837766	0.835966	0.848388	
3580.000000	0.807055	0.845998	0.858467	0.837174	0.845998	0.848388	
3590.000000	0.801210	0.859698	0.840406	0.833771	0.840406	0.848388	
3600.000000	0.800524	0.856520	0.841948	0.832997	0.841948	0.848388	
3610.000000	0.810030	0.868896	0.841082	0.840003	0.841082	0.848388	
3620.000000	0.806232	0.866914	0.837230	0.836792	0.837230	0.848388	
3630.000000	0.806288	0.864851	0.843691	0.838277	0.843691	0.848388	
3640.000000	0.805215	0.858361	0.846535	0.836704	0.846535	0.848388	
3650.000000	0.795672	0.840677	0.852621	0.829657	0.840677	0.848388	
3660.000000	0.806283	0.845658	0.840109	0.830683	0.840109	0.848388	
3670.000000	0.810437	0.863890	0.841203	0.838510	0.841203	0.848388	
3680.000000	0.802508	0.865772	0.842222	0.836834	0.842222	0.848388	
3690.000000	0.807531	0.864991	0.844914	0.839145	0.844914	0.848388	
3700.000000	0.809210	0.861294	0.833332	0.834612	0.833332	0.848388	
3710.000000	0.809283	0.869789	0.840918	0.839997	0.840918	0.848388	
3720.000000	0.817571	0.867989	0.819673	0.835078	0.819673	0.848388	
3730.000000	0.817421	0.873019	0.837058	0.842500	0.837058	0.848388	
3740.000000	0.822816	0.872284	0.827154	0.840751	0.827154	0.848388	
3750.000000	0.817781	0.879587	0.838023	0.845130	0.838023	0.848388	
3760.000000	0.825451	0.878178	0.852590	0.852073	0.852590	0.852073	
3770.000000	0.822493	0.866816	0.853534	0.847615	0.853534	0.852073	
3780.000000	0.817973	0.855258	0.840747	0.837993	0.840747	0.852073	
3790.000000	0.817613	0.839360	0.832588	0.829854	0.832588	0.852073	
3800.000000	0.818475	0.860679	0.834879	0.838011	0.834879	0.852073	
3810.000000	0.809439	0.849976	0.845308	0.834907	0.845308	0.852073	
3820.000000	0.812684	0.871590	0.833283	0.839186	0.833283	0.852073	
3830.000000	0.810702	0.876663	0.832377	0.839914	0.832377	0.852073	
3840.000000	0.806906	0.870208	0.837413	0.838175	0.837413	0.852073	
3850.000000	0.806714	0.872095	0.836952	0.838587	0.836952	0.852073	
3860.000000	0.815129	0.858044	0.852881	0.842018	0.852881	0.852073	
3870.000000	0.811985	0.872521	0.842868	0.842458	0.842868	0.852073	
3880.000000	0.813325	0.870017	0.848108	0.843817	0.848108	0.852073	
3890.000000	0.816613	0.879996	0.845921	0.847510	0.845921	0.852073	
3900.000000	0.823882	0.880664	0.838994	0.847846	0.838994	0.852073	
3910.000000	0.817714	0.869979	0.850123	0.845939	0.850123	0.852073	
3920.000000	0.820989	0.853911	0.850347	0.841749	0.850347	0.852073	
3930.000000	0.795950	0.830492	0.861426	0.829289	0.830492	0.852073	
3940.000000	0.816652	0.847836	0.856552	0.840347	0.847836	0.852073	
3950.000000	0.820804	0.872497	0.860958	0.851420	0.860958	0.852073	
3960.000000	0.816140	0.873318	0.862304	0.850587	0.862304	0.852073	
3970.000000	0.817218	0.867069	0.856863	0.847050	0.856863	0.852073	
3980.000000	0.816439	0.856104	0.867055	0.846532	0.856104	0.852073	
3990.000000	0.811677	0.867149	0.862070	0.846965	0.862070	0.852073	
4000.000000	0.812265	0.873409	0.832052	0.839242	0.832052	0.852073	
4010.000000	0.810251	0.869185	0.847456	0.842297	0.847456	0.852073	
4020.000000	0.818276	0.873632	0.844054	0.845321	0.844054	0.852073	
4030.000000	0.812829	0.856659	0.852660	0.840716	0.852660	0.852073	
4040.000000	0.801676	0.846314	0.860545	0.836178	0.846314	0.852073	
4050.000000	0.801555	0.852699	0.854895	0.836383	0.852699	0.852073	
4060.000000	0.805290	0.836057	0.853003	0.831450	0.836057	0.852073	
4070.000000	0.803160	0.857842	0.850668	0.837223	0.850668	0.852073	
4080.000000	0.803548	0.859025	0.857171	0.839915	0.857171	0.852073	
4090.000000	0.801305	0.849327	0.850694	0.833775	0.849327	0.852073	
4100.000000	0.798038	0.834520	0.857933	0.830164	0.834520	0.852073	
4110.000000	0.800698	0.845586	0.853924	0.833403	0.845586	0.852073	
4120.000000	0.806472	0.865178	0.849539	0.840396	0.849539	0.852073	
4130.000000	0.811605	0.865237	0.845758	0.840867	0.845758	0.852073	
4140.000000	0.806506	0.857634	0.854443	0.839528	0.854443	0.852073	
4150.000000	0.812361	0.858776	0.856457	0.842531	0.856457	0.852073	
4160.000000	0.810926	0.846860	0.847687	0.835158	0.846860	0.852073	
4170.000000	0.819376	0.852649	0.857172	0.843065	0.852649	0.852073	
4180.000000	0.828155	0.871161	0.858096	0.852471	0.858096	0.852471	
4190.000000	0.818998	0.863299	0.861502	0.847933	0.861502	0.852471	
4200.000000	0.824184	0.863962	0.864426	0.850857	0.863962	0.852471	
4210.000000	0.815001	0.879726	0.851118	0.848615	0.851118	0.852471	
4220.000000	0.815673	0.883758	0.844737	0.848056	0.844737	0.852471	
4230.000000	0.816012	0.869854	0.866944	0.850937	0.866944	0.852471	
4240.000000	0.816058	0.854897	0.871383	0.847446	0.854897	0.852471	
4250.000000	0.808898	0.836780	0.857040	0.834239	0.836780	0.852471	
4260.000000	0.819525	0.847455	0.863251	0.843410	0.847455	0.852471	
4270.000000	0.811997	0.861514	0.853622	0.842378	0.853622	0.852471	
4280.000000	0.806932	0.852911	0.857917	0.839253	0.852911	0.852471	
4290.000000	0.784754	0.837297	0.856284	0.826112	0.837297	0.852471	
4300.000000	0.806605	0.839737	0.859929	0.835424	0.839737	0.852471	
4310.000000	0.801036	0.851091	0.861514	0.837880	0.851091	0.852471	
4320.000000	0.796333	0.833843	0.866903	0.832360	0.833843	0.852471	
4330.000000	0.805001	0.845902	0.867674	0.839526	0.845902	0.852471	
4340.000000	0.817142	0.851582	0.868027	0.845583	0.851582	0.852471	
4350.000000	0.814171	0.842417	0.866701	0.841096	0.842417	0.852471	
4360.000000	0.803778	0.846061	0.859558	0.836466	0.846061	0.852471	
4370.000000	0.805506	0.848356	0.828528	0.827463	0.828528	0.852471	
4380.000000	0.818415	0.844578	0.854194	0.839062	0.844578	0.852471	
4390.000000	0.804030	0.855064	0.839537	0.832877	0.839537	0.852471	
4400.000000	0.798949	0.849919	0.857756	0.835541	0.849919	0.852471	
4410.000000	0.790299	0.844028	0.851002	0.828443	0.844028	0.852471	
4420.000000	0.805327	0.869577	0.826415	0.833773	0.826415	0.852471	
4430.000000	0.808543	0.869073	0.848315	0.841977	0.848315	0.852471	
4440.000000	0.804311	0.871780	0.836679	0.837590	0.836679	0.852471	
4450.000000	0.805871	0.878843	0.843081	0.842598	0.843081	0.852471	
4460.000000	0.794725	0.858289	0.852186	0.835067	0.852186	0.852471	
4470.000000	0.797797	0.847627	0.850058	0.831827	0.847627	0.852471	
4480.000000	0.805209	0.878353	0.854423	0.845995	0.854423	0.852471	
4490.000000	0.811513	0.874518	0.842953	0.842995	0.842953	0.852471	
4500.000000	0.818593	0.871391	0.850500	0.846828	0.850500	0.852471	
4510.000000	0.809972	0.875913	0.852231	0.846039	0.852231	0.852471	
4520.000000	0.801737	0.873574	0.854352	0.843221	0.854352	0.852471	
4530.000000	0.811058	0.873369	0.841133	0.841854	0.841133	0.852471	
4540.000000	0.812181	0.871135	0.848321	0.843879	0.848321	0.852471	
4550.000000	0.818793	0.848549	0.854338	0.840560	0.848549	0.852471	
4560.000000	0.805697	0.846952	0.857238	0.836629	0.846952	0.852471	
4570.000000	0.805853	0.853765	0.856866	0.838828	0.853765	0.852471	
4580.000000	0.798144	0.848941	0.852357	0.833147	0.848941	0.852471	
4590.000000	0.801815	0.854128	0.858537	0.838160	0.854128	0.852471	
4600.000000	0.803609	0.845256	0.844655	0.831173	0.844655	0.852471	
4610.000000	0.785024	0.812265	0.847951	0.815080	0.812265	0.852471	
4620.000000	0.821180	0.856179	0.840666	0.839342	0.840666	0.852471	
4630.000000	0.822087	0.867518	0.853043	0.847549	0.853043	0.852471	
4640.000000	0.813064	0.849793	0.853464	0.838774	0.849793	0.852471	
4650.000000	0.807125	0.853217	0.853802	0.838048	0.853217	0.852471	
4660.000000	0.810650	0.853797	0.847807	0.837418	0.847807	0.852471	
4670.000000	0.808701	0.857056	0.847966	0.837908	0.847966	0.852471	
4680.000000	0.803836	0.851621	0.844318	0.833258	0.844318	0.852471	
4690.000000	0.802170	0.841189	0.846749	0.830036	0.841189	0.852471	
4700.000000	0.798691	0.846880	0.854010	0.833194	0.846880	0.852471	
4710.000000	0.815783	0.855558	0.845273	0.838871	0.845273	0.852471	
4720.000000	0.815268	0.865569	0.833817	0.838218	0.833817	0.852471	
4730.000000	0.814562	0.863780	0.844577	0.840973	0.844577	0.852471	
4740.000000	0.809854	0.849267	0.845128	0.834750	0.845128	0.852471	
4750.000000	0.806855	0.855763	0.837831	0.833483	0.837831	0.852471	
4760.000000	0.809155	0.861406	0.852651	0.841071	0.852651	0.852471	
4770.000000	0.818908	0.865722	0.829070	0.837900	0.829070	0.852471	
4780.000000	0.822565	0.857114	0.849664	0.843114	0.849664	0.852471	
4790.000000	0.821726	0.863607	0.846691	0.844008	0.846691	0.852471	
4800.000000	0.815754	0.869138	0.842275	0.842389	0.842275	0.852471	
4810.000000	0.814358	0.865244	0.831641	0.837081	0.831641	0.852471	
4820.000000	0.810002	0.864553	0.827045	0.833867	0.827045	0.852471	
4830.000000	0.815286	0.867013	0.840357	0.840886	0.840357	0.852471	
4840.000000	0.808624	0.862744	0.842595	0.837988	0.842595	0.852471	
4850.000000	0.814343	0.861472	0.849556	0.841790	0.849556	0.852471	
4860.000000	0.806793	0.859488	0.851907	0.839396	0.851907	0.852471	
4870.000000	0.810491	0.850147	0.841955	0.834198	0.841955	0.852471	
4880.000000	0.804264	0.838643	0.838643	0.827184	0.838643	0.852471	
4890.000000	0.793607	0.836350	0.848503	0.826154	0.836350	0.852471	
4900.000000	0.816787	0.851303	0.858838	0.842309	0.851303	0.852471	
4910.000000	0.819914	0.860122	0.847198	0.842412	0.847198	0.852471	
4920.000000	0.820471	0.867357	0.842406	0.843411	0.842406	0.852471	
4930.000000	0.811829	0.855251	0.854693	0.840591	0.854693	0.852471	
4940.000000	0.818527	0.862999	0.854121	0.845215	0.854121	0.852471	
4950.000000	0.807863	0.855618	0.847002	0.836828	0.847002	0.852471	
4960.000000	0.813845	0.847262	0.849574	0.836894	0.847262	0.852471	
4970.000000	0.818294	0.852535	0.858874	0.843234	0.852535	0.852471	
4980.000000	0.814302	0.857041	0.837766	0.836370	0.837766	0.852471	
4990.000000	0.804820	0.857527	0.844468	0.835605	0.844468	0.852471	
5000.000000	0.802992	0.869176	0.849555	0.840574	0.849555	0.852471	
