Epoch	AUC-21	AUC-22	AUC-23	AUC-24	AUC-25	AUC-26	AUC-Avg	AUC-Mid	AUC-Best	
1.000000	0.498817	0.482151	0.472042	0.503165	0.504329	0.474079	0.489097	0.490484	0.489097	
10.000000	0.548466	0.565783	0.553496	0.549023	0.664544	0.508819	0.565022	0.551259	0.565022	
20.000000	0.566900	0.576599	0.573090	0.579992	0.695726	0.525770	0.586346	0.574844	0.586346	
30.000000	0.600402	0.547702	0.575637	0.588435	0.711322	0.548873	0.595395	0.582036	0.595395	
40.000000	0.617048	0.547873	0.574035	0.591099	0.725862	0.571797	0.604619	0.582567	0.604619	
50.000000	0.604254	0.556246	0.576822	0.578191	0.719020	0.566167	0.600117	0.577507	0.604619	
60.000000	0.628603	0.520810	0.592283	0.596362	0.737331	0.581882	0.609545	0.594323	0.609545	
70.000000	0.637574	0.550135	0.602122	0.612048	0.739772	0.588494	0.621691	0.607085	0.621691	
80.000000	0.632549	0.548916	0.609324	0.624648	0.765282	0.593157	0.628979	0.616986	0.628979	
90.000000	0.655567	0.557706	0.615662	0.624194	0.767320	0.603560	0.637335	0.619928	0.637335	
100.000000	0.658509	0.565305	0.614485	0.617515	0.767641	0.594560	0.636336	0.616000	0.637335	
110.000000	0.668074	0.550740	0.622852	0.627094	0.773338	0.605071	0.641195	0.624973	0.641195	
120.000000	0.665104	0.562976	0.614294	0.645054	0.771997	0.603217	0.643774	0.629674	0.643774	
130.000000	0.665706	0.606320	0.611924	0.644148	0.778987	0.610812	0.652983	0.628036	0.652983	
140.000000	0.666374	0.603086	0.631849	0.665682	0.785586	0.626413	0.663165	0.648766	0.663165	
150.000000	0.662444	0.609140	0.636707	0.664212	0.789874	0.630417	0.665466	0.649575	0.665466	
160.000000	0.677344	0.588585	0.641045	0.679760	0.791570	0.634956	0.668877	0.659194	0.668877	
170.000000	0.690770	0.567916	0.650837	0.686599	0.798320	0.637082	0.671921	0.668718	0.671921	
180.000000	0.685231	0.568515	0.649395	0.689807	0.809297	0.633958	0.672700	0.667313	0.672700	
190.000000	0.686106	0.598418	0.643342	0.676103	0.810637	0.628524	0.673855	0.659722	0.673855	
200.000000	0.685701	0.561738	0.643397	0.691299	0.809782	0.625265	0.669530	0.664549	0.673855	
210.000000	0.684003	0.583255	0.635246	0.672385	0.803942	0.621990	0.666803	0.653815	0.673855	
220.000000	0.678676	0.535866	0.574454	0.484987	0.792938	0.622972	0.614982	0.598713	0.673855	
230.000000	0.686538	0.589359	0.577639	0.669957	0.802123	0.634600	0.660036	0.652278	0.673855	
240.000000	0.536769	0.465567	0.631824	0.659740	0.792583	0.629499	0.619330	0.630662	0.673855	
250.000000	0.690702	0.458332	0.652812	0.685010	0.817244	0.589369	0.648911	0.668911	0.673855	
260.000000	0.689868	0.601286	0.639982	0.700943	0.816081	0.661975	0.685022	0.675921	0.685022	
270.000000	0.699313	0.553076	0.628301	0.675714	0.792076	0.666115	0.669099	0.670915	0.685022	
280.000000	0.697280	0.563118	0.587429	0.669086	0.687174	0.644358	0.641407	0.656722	0.685022	
290.000000	0.696317	0.574754	0.639543	0.680223	0.817449	0.655883	0.677361	0.668053	0.685022	
300.000000	0.696587	0.539460	0.573273	0.689486	0.816676	0.647760	0.660540	0.668623	0.685022	
310.000000	0.707207	0.555337	0.610612	0.682733	0.816341	0.656496	0.671454	0.669614	0.685022	
320.000000	0.691270	0.545713	0.652471	0.584355	0.824397	0.651269	0.658246	0.651870	0.685022	
330.000000	0.593401	0.572177	0.637104	0.666946	0.820547	0.625476	0.652608	0.631290	0.685022	
340.000000	0.686888	0.561771	0.613629	0.511381	0.820396	0.649407	0.640579	0.631518	0.685022	
350.000000	0.711577	0.549004	0.644865	0.689669	0.815664	0.652871	0.677275	0.671270	0.685022	
360.000000	0.709372	0.576033	0.641021	0.592632	0.803887	0.648522	0.661911	0.644772	0.685022	
370.000000	0.708771	0.584359	0.651376	0.692498	0.814563	0.648119	0.683281	0.671937	0.685022	
380.000000	0.710712	0.584836	0.645259	0.689195	0.828849	0.656126	0.685830	0.672660	0.685830	
390.000000	0.699188	0.581323	0.650847	0.693993	0.800871	0.633787	0.676668	0.672420	0.685830	
400.000000	0.707723	0.603284	0.659094	0.708010	0.830833	0.659091	0.694672	0.683408	0.694672	
410.000000	0.702823	0.575939	0.659960	0.698974	0.820239	0.656126	0.685677	0.679467	0.694672	
420.000000	0.708595	0.605566	0.656614	0.707240	0.834375	0.661427	0.695636	0.684333	0.695636	
430.000000	0.717181	0.532703	0.453257	0.522995	0.835182	0.642763	0.617347	0.587733	0.695636	
440.000000	0.727472	0.573233	0.660629	0.718528	0.839162	0.663053	0.697013	0.690791	0.697013	
450.000000	0.719622	0.581740	0.676671	0.712989	0.833185	0.664249	0.698076	0.694830	0.698076	
460.000000	0.725544	0.545928	0.669843	0.708267	0.836345	0.663607	0.691589	0.689055	0.698076	
470.000000	0.703340	0.520110	0.640260	0.704461	0.817353	0.574691	0.660036	0.671800	0.698076	
480.000000	0.706472	0.547752	0.669937	0.710038	0.820567	0.650990	0.684293	0.688205	0.698076	
490.000000	0.669726	0.560897	0.613416	0.696460	0.830019	0.663491	0.672335	0.666608	0.698076	
500.000000	0.718144	0.563232	0.665684	0.713228	0.815554	0.669649	0.690915	0.691439	0.698076	
510.000000	0.709309	0.595154	0.665432	0.702933	0.836495	0.673791	0.697186	0.688362	0.698076	
520.000000	0.706718	0.594865	0.665977	0.716426	0.804947	0.633225	0.687026	0.686347	0.698076	
530.000000	0.716198	0.586620	0.497683	0.715510	0.835955	0.666857	0.669804	0.691184	0.698076	
540.000000	0.672908	0.612646	0.665353	0.716852	0.813072	0.668874	0.691618	0.670891	0.698076	
550.000000	0.593436	0.550323	0.670969	0.677507	0.821723	0.664287	0.663041	0.667628	0.698076	
560.000000	0.721701	0.530744	0.668073	0.705703	0.822168	0.667327	0.685953	0.686888	0.698076	
570.000000	0.713195	0.565924	0.671837	0.711945	0.837227	0.621622	0.686958	0.691891	0.698076	
580.000000	0.693994	0.562014	0.675297	0.727592	0.818953	0.649607	0.687909	0.684645	0.698076	
590.000000	0.704228	0.570312	0.678444	0.740577	0.842308	0.664537	0.700068	0.691336	0.700068	
600.000000	0.654599	0.601656	0.580800	0.724315	0.833042	0.660343	0.675792	0.657471	0.700068	
610.000000	0.724992	0.604106	0.671776	0.538047	0.836222	0.670369	0.674252	0.671072	0.700068	
620.000000	0.708266	0.584601	0.558393	0.720721	0.830012	0.541785	0.657296	0.646433	0.700068	
630.000000	0.631244	0.609322	0.651633	0.710136	0.834355	0.664755	0.683574	0.658194	0.700068	
640.000000	0.726132	0.568710	0.672976	0.726567	0.831941	0.671752	0.699680	0.699554	0.700068	
650.000000	0.727152	0.582191	0.662881	0.712672	0.824486	0.671796	0.696863	0.692234	0.700068	
660.000000	0.718648	0.607908	0.674903	0.719658	0.832166	0.671160	0.704074	0.696775	0.704074	
670.000000	0.623852	0.583383	0.513563	0.732433	0.841590	0.591357	0.647696	0.607605	0.704074	
680.000000	0.714577	0.617553	0.676431	0.731746	0.848258	0.671739	0.710051	0.695504	0.710051	
690.000000	0.716075	0.581592	0.676881	0.728598	0.845064	0.660086	0.701383	0.696478	0.710051	
700.000000	0.709642	0.603426	0.675167	0.725383	0.839627	0.667163	0.703401	0.692404	0.710051	
710.000000	0.703956	0.612222	0.675693	0.736049	0.838985	0.658675	0.704263	0.689825	0.710051	
720.000000	0.675701	0.596356	0.666526	0.733422	0.820095	0.645113	0.689535	0.671113	0.710051	
730.000000	0.724851	0.578840	0.597026	0.574664	0.824500	0.673433	0.662219	0.635229	0.710051	
740.000000	0.724377	0.599690	0.665894	0.730757	0.849263	0.669994	0.706663	0.697186	0.710051	
750.000000	0.708254	0.627844	0.582392	0.729585	0.841795	0.659397	0.691544	0.683825	0.710051	
760.000000	0.720276	0.572257	0.618274	0.733396	0.848710	0.671559	0.694079	0.695918	0.710051	
770.000000	0.723332	0.629997	0.677822	0.633782	0.848566	0.667036	0.696756	0.672429	0.710051	
780.000000	0.729536	0.615116	0.651717	0.740720	0.855049	0.679430	0.711928	0.704483	0.711928	
790.000000	0.731083	0.621261	0.676647	0.732178	0.855945	0.678210	0.715887	0.704646	0.715887	
800.000000	0.729620	0.576242	0.668902	0.732938	0.857751	0.674261	0.706619	0.701940	0.715887	
810.000000	0.726892	0.598122	0.675994	0.743018	0.849065	0.677756	0.711808	0.702324	0.715887	
820.000000	0.731576	0.567062	0.614674	0.688859	0.847225	0.672038	0.686906	0.680448	0.715887	
830.000000	0.731991	0.581983	0.675549	0.727258	0.840578	0.678596	0.705992	0.702927	0.715887	
840.000000	0.735421	0.647671	0.673075	0.729362	0.845960	0.676895	0.718064	0.703128	0.718064	
850.000000	0.732625	0.637037	0.676698	0.740048	0.837487	0.678045	0.716990	0.705335	0.718064	
860.000000	0.621584	0.629304	0.670612	0.736466	0.848477	0.665428	0.695312	0.668020	0.718064	
870.000000	0.725544	0.594326	0.680021	0.619243	0.833021	0.669543	0.686950	0.674782	0.718064	
880.000000	0.684874	0.648122	0.652701	0.731665	0.834731	0.674857	0.704492	0.679866	0.718064	
890.000000	0.741295	0.586674	0.690850	0.727416	0.832809	0.675754	0.709133	0.709133	0.718064	
900.000000	0.696187	0.616839	0.598589	0.730023	0.842842	0.618658	0.683856	0.657423	0.718064	
910.000000	0.729756	0.635234	0.685989	0.740267	0.848648	0.670514	0.718401	0.707873	0.718401	
920.000000	0.728137	0.638982	0.682292	0.583621	0.830983	0.637192	0.683534	0.660637	0.718401	
930.000000	0.716615	0.618899	0.683375	0.734411	0.832022	0.673406	0.709788	0.699995	0.718401	
940.000000	0.728209	0.642085	0.574749	0.740587	0.833766	0.666011	0.697568	0.697110	0.718401	
950.000000	0.740493	0.621376	0.690880	0.739066	0.836324	0.650446	0.713097	0.714973	0.718401	
960.000000	0.737180	0.629587	0.633758	0.731193	0.841139	0.676284	0.708190	0.703739	0.718401	
970.000000	0.742445	0.599886	0.682117	0.737936	0.831913	0.682418	0.712786	0.710177	0.718401	
980.000000	0.749315	0.602026	0.690522	0.738732	0.844237	0.616380	0.706869	0.714627	0.718401	
990.000000	0.733897	0.653224	0.685465	0.748166	0.837747	0.675418	0.722319	0.709681	0.722319	
1000.000000	0.730890	0.620736	0.698273	0.748588	0.844606	0.679585	0.720446	0.714581	0.722319	
1010.000000	0.739139	0.620131	0.671797	0.752961	0.833260	0.683461	0.716792	0.711300	0.722319	
1020.000000	0.735595	0.613420	0.689805	0.750952	0.832611	0.681365	0.717291	0.712700	0.722319	
1030.000000	0.730354	0.599112	0.682735	0.754127	0.857121	0.678328	0.716963	0.706545	0.722319	
1040.000000	0.723586	0.653453	0.696015	0.757696	0.854058	0.662221	0.724505	0.709800	0.724505	
1050.000000	0.730813	0.621564	0.689191	0.748102	0.851370	0.677110	0.719692	0.710002	0.724505	
1060.000000	0.736215	0.650801	0.691846	0.741466	0.831776	0.675622	0.721288	0.714031	0.724505	
1070.000000	0.728637	0.643216	0.608076	0.740994	0.848429	0.672644	0.706999	0.700640	0.724505	
1080.000000	0.722476	0.612949	0.686809	0.726162	0.838684	0.627457	0.702423	0.704642	0.724505	
1090.000000	0.734515	0.649192	0.679548	0.733410	0.833124	0.674835	0.717437	0.706479	0.724505	
1100.000000	0.735079	0.654671	0.690148	0.742744	0.836187	0.680719	0.723258	0.712614	0.724505	
1110.000000	0.738297	0.656683	0.690553	0.740761	0.847212	0.679418	0.725487	0.714425	0.725487	
1120.000000	0.743634	0.619363	0.691236	0.743382	0.851821	0.691126	0.723427	0.717309	0.725487	
1130.000000	0.730120	0.637407	0.690051	0.738737	0.842199	0.679249	0.719627	0.710085	0.725487	
1140.000000	0.747998	0.623105	0.690270	0.744443	0.841987	0.684412	0.722036	0.717357	0.725487	
1150.000000	0.742995	0.642401	0.652988	0.744510	0.840640	0.672138	0.715945	0.707567	0.725487	
1160.000000	0.735535	0.652430	0.662803	0.740117	0.834437	0.676373	0.716949	0.705954	0.725487	
1170.000000	0.744160	0.675811	0.688459	0.742558	0.823597	0.678142	0.725455	0.715508	0.725487	
1180.000000	0.748858	0.680966	0.691203	0.735650	0.836728	0.683656	0.729510	0.713427	0.729510	
1190.000000	0.744300	0.682286	0.699162	0.734230	0.842336	0.672857	0.729195	0.716696	0.729510	
1200.000000	0.743510	0.658622	0.681446	0.735865	0.838178	0.682729	0.723391	0.709297	0.729510	
1210.000000	0.741712	0.601185	0.701800	0.742148	0.837213	0.663021	0.714513	0.721756	0.729510	
1220.000000	0.752203	0.587542	0.686069	0.737479	0.838075	0.686503	0.714645	0.711991	0.729510	
1230.000000	0.746691	0.569148	0.691664	0.643564	0.849783	0.676938	0.696298	0.684301	0.729510	
1240.000000	0.738501	0.683746	0.699637	0.638912	0.843184	0.586255	0.698372	0.691692	0.729510	
1250.000000	0.744807	0.647516	0.659728	0.748926	0.846165	0.686144	0.722214	0.715475	0.729510	
1260.000000	0.638522	0.660573	0.683261	0.742205	0.844716	0.688548	0.709638	0.685905	0.729510	
1270.000000	0.745798	0.622823	0.681686	0.635010	0.841214	0.675515	0.700341	0.678601	0.729510	
1280.000000	0.738488	0.587852	0.580922	0.739931	0.843498	0.675121	0.694302	0.706804	0.729510	
1290.000000	0.749876	0.639790	0.695371	0.756601	0.847677	0.677205	0.727753	0.722623	0.729510	
1300.000000	0.751341	0.680536	0.693642	0.746891	0.855261	0.689205	0.736146	0.720266	0.736146	
1310.000000	0.757845	0.646305	0.703103	0.744081	0.852403	0.672639	0.729396	0.723592	0.736146	
1320.000000	0.758066	0.691621	0.695525	0.753169	0.848655	0.689404	0.739407	0.724347	0.739407	
1330.000000	0.753940	0.649044	0.655492	0.746409	0.835312	0.690130	0.721721	0.718270	0.739407	
1340.000000	0.681641	0.634062	0.702325	0.756367	0.848491	0.686165	0.718175	0.694245	0.739407	
1350.000000	0.669243	0.676572	0.706038	0.742837	0.841877	0.665646	0.717036	0.691305	0.739407	
1360.000000	0.758755	0.645558	0.697054	0.692544	0.846453	0.693431	0.722299	0.695242	0.739407	
1370.000000	0.764408	0.679096	0.704841	0.733453	0.844469	0.696559	0.737138	0.719147	0.739407	
1380.000000	0.765557	0.657504	0.700459	0.736873	0.836844	0.703597	0.733472	0.720235	0.739407	
1390.000000	0.767465	0.647173	0.700282	0.751143	0.837925	0.706283	0.735045	0.728713	0.739407	
1400.000000	0.763017	0.700794	0.695491	0.522488	0.846555	0.698223	0.704428	0.699509	0.739407	
1410.000000	0.759251	0.654496	0.702485	0.741583	0.838253	0.697228	0.732216	0.722034	0.739407	
1420.000000	0.755156	0.655445	0.691275	0.726903	0.816361	0.694451	0.723265	0.710677	0.739407	
1430.000000	0.759163	0.672062	0.695631	0.727404	0.822168	0.695724	0.728692	0.711564	0.739407	
1440.000000	0.770788	0.638383	0.699517	0.743685	0.827653	0.703128	0.730526	0.723406	0.739407	
1450.000000	0.760663	0.663521	0.704792	0.739431	0.828644	0.573534	0.711764	0.722112	0.739407	
1460.000000	0.761381	0.646258	0.654744	0.714599	0.855733	0.652009	0.714121	0.684671	0.739407	
1470.000000	0.756342	0.613891	0.675143	0.741154	0.838198	0.649305	0.712339	0.708148	0.739407	
1480.000000	0.658320	0.674068	0.709767	0.750018	0.859474	0.639157	0.715134	0.691917	0.739407	
1490.000000	0.741602	0.637549	0.706553	0.752108	0.867715	0.702479	0.734668	0.724078	0.739407	
1500.000000	0.766388	0.663858	0.699269	0.740484	0.840783	0.702542	0.735554	0.721513	0.739407	
1510.000000	0.770766	0.667129	0.711084	0.743235	0.843827	0.708401	0.740740	0.727159	0.740740	
1520.000000	0.763697	0.676322	0.706486	0.744653	0.853329	0.700031	0.740753	0.725569	0.740753	
1530.000000	0.745976	0.669437	0.688996	0.743618	0.848470	0.672920	0.728236	0.716307	0.740753	
1540.000000	0.767116	0.630596	0.707299	0.733718	0.839292	0.702361	0.730064	0.720508	0.740753	
1550.000000	0.769238	0.589965	0.697361	0.738217	0.842199	0.692977	0.721659	0.717789	0.740753	
1560.000000	0.746698	0.653587	0.473377	0.674458	0.841932	0.695812	0.680977	0.685135	0.740753	
1570.000000	0.769187	0.665991	0.703975	0.743194	0.840934	0.696166	0.736575	0.723585	0.740753	
1580.000000	0.761253	0.681815	0.707947	0.739009	0.838212	0.696382	0.737436	0.723478	0.740753	
1590.000000	0.768125	0.659725	0.703512	0.736747	0.842308	0.694524	0.734157	0.720129	0.740753	
1600.000000	0.773126	0.669000	0.707827	0.731694	0.834977	0.702084	0.736451	0.719761	0.740753	
1610.000000	0.769211	0.669363	0.703414	0.635726	0.835647	0.562002	0.695894	0.686389	0.740753	
1620.000000	0.763644	0.636849	0.693167	0.752909	0.842678	0.698262	0.731251	0.725585	0.740753	
1630.000000	0.767814	0.652692	0.711934	0.729079	0.833370	0.703583	0.733079	0.720506	0.740753	
1640.000000	0.777426	0.643209	0.712635	0.757306	0.837651	0.706419	0.739108	0.734971	0.740753	
1650.000000	0.686424	0.606926	0.711706	0.757793	0.855371	0.684203	0.717070	0.699065	0.740753	
1660.000000	0.773427	0.669922	0.717715	0.753629	0.854256	0.702740	0.745281	0.735672	0.745281	
1670.000000	0.761354	0.647422	0.715151	0.762040	0.840181	0.712221	0.739728	0.738253	0.745281	
1680.000000	0.774829	0.646251	0.709470	0.620831	0.844004	0.710928	0.717719	0.710199	0.745281	
1690.000000	0.774471	0.666469	0.697889	0.761539	0.838944	0.708828	0.741357	0.735184	0.745281	
1700.000000	0.773028	0.682225	0.707923	0.761165	0.846829	0.711257	0.747071	0.736211	0.747071	
1710.000000	0.774383	0.675481	0.716164	0.753023	0.855856	0.706696	0.746934	0.734594	0.747071	
1720.000000	0.770402	0.635900	0.634863	0.749466	0.851596	0.710223	0.725408	0.729844	0.747071	
1730.000000	0.761881	0.576457	0.729531	0.708763	0.861334	0.709717	0.724614	0.719624	0.747071	
1740.000000	0.767520	0.653183	0.731343	0.775218	0.862729	0.708508	0.749750	0.749432	0.749750	
1750.000000	0.760174	0.650431	0.497331	0.756358	0.858270	0.717965	0.706755	0.737161	0.749750	
1760.000000	0.773888	0.677796	0.725079	0.769936	0.860445	0.665918	0.745511	0.747508	0.749750	
1770.000000	0.777788	0.664491	0.720552	0.701980	0.847239	0.712818	0.737478	0.716685	0.749750	
1780.000000	0.775326	0.696164	0.710948	0.753205	0.862989	0.707730	0.751060	0.732076	0.751060	
1790.000000	0.773697	0.691681	0.719188	0.768051	0.842329	0.655788	0.741789	0.743620	0.751060	
1800.000000	0.748678	0.687771	0.707756	0.761773	0.862716	0.589213	0.726318	0.728217	0.751060	
1810.000000	0.766395	0.628914	0.720831	0.765078	0.855412	0.658149	0.732463	0.742954	0.751060	
1820.000000	0.772857	0.658164	0.728165	0.771705	0.853004	0.706108	0.748334	0.749935	0.751060	
1830.000000	0.776395	0.700215	0.729153	0.770475	0.861423	0.711718	0.758230	0.749814	0.758230	
1840.000000	0.694939	0.683140	0.700095	0.762705	0.850542	0.711436	0.733810	0.705766	0.758230	
1850.000000	0.781218	0.539703	0.722351	0.762252	0.862244	0.713652	0.730237	0.742302	0.758230	
1860.000000	0.775399	0.710452	0.666633	0.766757	0.859741	0.712566	0.748591	0.739661	0.758230	
1870.000000	0.770830	0.661919	0.713279	0.772065	0.857327	0.717438	0.748810	0.744134	0.758230	
1880.000000	0.777397	0.714531	0.593115	0.762726	0.857388	0.717241	0.737066	0.739984	0.758230	
1890.000000	0.773146	0.596561	0.712013	0.765367	0.846815	0.715050	0.734825	0.740209	0.758230	
1900.000000	0.778628	0.686263	0.718406	0.758603	0.850330	0.681626	0.745643	0.738504	0.758230	
1910.000000	0.782554	0.689851	0.715475	0.750459	0.851141	0.716989	0.751078	0.733724	0.758230	
1920.000000	0.787739	0.678510	0.718820	0.744105	0.840544	0.716402	0.747687	0.731463	0.758230	
1930.000000	0.780902	0.652645	0.716265	0.753114	0.836406	0.711087	0.741737	0.734690	0.758230	
1940.000000	0.785346	0.683470	0.701983	0.767100	0.852881	0.716955	0.751289	0.742028	0.758230	
1950.000000	0.789441	0.682447	0.722142	0.759871	0.857005	0.719310	0.755036	0.741007	0.758230	
1960.000000	0.786193	0.616267	0.722772	0.750073	0.846070	0.707671	0.738174	0.736422	0.758230	
1970.000000	0.781052	0.682050	0.713863	0.766390	0.864131	0.701854	0.751557	0.740126	0.758230	
1980.000000	0.775379	0.675037	0.714165	0.771428	0.861218	0.688594	0.747637	0.742797	0.758230	
1990.000000	0.780867	0.667566	0.704465	0.769922	0.860384	0.713117	0.749387	0.741520	0.758230	
2000.000000	0.775708	0.681000	0.726175	0.771724	0.843642	0.714453	0.752117	0.748949	0.758230	
2010.000000	0.783447	0.706650	0.732060	0.757917	0.854017	0.716275	0.758394	0.744988	0.758394	
2020.000000	0.548021	0.611792	0.591029	0.774067	0.860965	0.712087	0.682993	0.661940	0.758394	
2030.000000	0.782348	0.710964	0.729173	0.762271	0.860691	0.706326	0.758629	0.745722	0.758629	
2040.000000	0.784947	0.664847	0.722288	0.768075	0.862880	0.673147	0.746031	0.745182	0.758629	
2050.000000	0.784247	0.695437	0.729163	0.768811	0.860951	0.712090	0.758450	0.748987	0.758629	
2060.000000	0.776875	0.680509	0.732198	0.757857	0.849311	0.718135	0.752481	0.745028	0.758629	
2070.000000	0.793161	0.671207	0.614587	0.777725	0.857333	0.722417	0.739405	0.750071	0.758629	
2080.000000	0.784425	0.697718	0.724390	0.771886	0.864487	0.718194	0.760183	0.748138	0.760183	
2090.000000	0.784787	0.674202	0.559576	0.769214	0.864884	0.701665	0.725721	0.735439	0.760183	
2100.000000	0.783602	0.704758	0.645042	0.769915	0.849824	0.712022	0.744194	0.740968	0.760183	
2110.000000	0.786390	0.700734	0.724014	0.775528	0.859371	0.714918	0.760159	0.749771	0.760183	
2120.000000	0.777415	0.668313	0.716963	0.777725	0.866867	0.718098	0.754230	0.747757	0.760183	
2130.000000	0.783175	0.693297	0.735892	0.779208	0.868488	0.714485	0.762424	0.757550	0.762424	
2140.000000	0.789733	0.675528	0.654709	0.778533	0.861457	0.709561	0.744920	0.744047	0.762424	
2150.000000	0.781394	0.701360	0.730251	0.777234	0.856520	0.684991	0.755291	0.753743	0.762424	
2160.000000	0.781306	0.677366	0.730127	0.773797	0.857463	0.711282	0.755224	0.751962	0.762424	
2170.000000	0.780073	0.512027	0.726321	0.770396	0.848340	0.519909	0.692845	0.748359	0.762424	
2180.000000	0.788246	0.671470	0.724230	0.769522	0.864569	0.716717	0.755792	0.746876	0.762424	
2190.000000	0.788371	0.724701	0.719611	0.763823	0.844121	0.713984	0.759102	0.744262	0.762424	
2200.000000	0.785609	0.662720	0.732349	0.767186	0.865882	0.717833	0.755263	0.749767	0.762424	
2210.000000	0.785196	0.677258	0.730586	0.778202	0.872235	0.715608	0.759848	0.754394	0.762424	
2220.000000	0.788680	0.726282	0.733355	0.761959	0.861102	0.668810	0.756698	0.747657	0.762424	
2230.000000	0.791830	0.706838	0.729371	0.767322	0.861067	0.715748	0.762029	0.748346	0.762424	
2240.000000	0.783260	0.707101	0.698107	0.768551	0.860767	0.710504	0.754715	0.739528	0.762424	
2250.000000	0.792820	0.675710	0.726832	0.769288	0.857238	0.721392	0.757213	0.748060	0.762424	
2260.000000	0.786561	0.680758	0.564209	0.764137	0.863919	0.727133	0.731120	0.745635	0.762424	
2270.000000	0.794673	0.631619	0.633992	0.766680	0.853179	0.722088	0.733705	0.744384	0.762424	
2280.000000	0.792032	0.633672	0.729529	0.769581	0.867017	0.717187	0.751503	0.749555	0.762424	
2290.000000	0.791075	0.695773	0.734304	0.771028	0.860719	0.717838	0.761789	0.752666	0.762424	
2300.000000	0.789946	0.600814	0.738091	0.775807	0.867893	0.712403	0.747492	0.756949	0.762424	
2310.000000	0.788586	0.715540	0.733560	0.784950	0.852915	0.715514	0.765177	0.759255	0.765177	
2320.000000	0.793975	0.687912	0.733347	0.770453	0.862962	0.723263	0.761985	0.751900	0.765177	
2330.000000	0.791161	0.675333	0.731753	0.774634	0.851425	0.723492	0.757966	0.753193	0.765177	
2340.000000	0.794050	0.706966	0.734448	0.772854	0.857422	0.726389	0.765355	0.753651	0.765355	
2350.000000	0.791124	0.632757	0.745141	0.775931	0.850515	0.722649	0.753019	0.760536	0.765355	
2360.000000	0.738766	0.687031	0.739658	0.780414	0.845789	0.713330	0.750831	0.739212	0.765355	
2370.000000	0.791885	0.694555	0.742455	0.768230	0.850159	0.669173	0.752743	0.755343	0.765355	
2380.000000	0.797300	0.694293	0.619809	0.763351	0.838506	0.546632	0.709982	0.728822	0.765355	
2390.000000	0.791398	0.636835	0.743992	0.764159	0.850467	0.721639	0.751415	0.754075	0.765355	
2400.000000	0.799158	0.654920	0.742096	0.779291	0.859310	0.728896	0.760612	0.760693	0.765355	
2410.000000	0.794848	0.707922	0.735198	0.776758	0.858968	0.731143	0.767473	0.755978	0.767473	
2420.000000	0.794515	0.690887	0.731224	0.776467	0.862168	0.726256	0.763586	0.753846	0.767473	
2430.000000	0.794482	0.712734	0.743596	0.782483	0.865164	0.718822	0.769547	0.763039	0.769547	
2440.000000	0.790371	0.695269	0.739634	0.789750	0.865349	0.726335	0.767784	0.764692	0.769547	
2450.000000	0.785622	0.686149	0.744342	0.789123	0.864935	0.726961	0.766189	0.764982	0.769547	
2460.000000	0.789715	0.685880	0.744950	0.780221	0.858058	0.716467	0.762549	0.762585	0.769547	
2470.000000	0.784175	0.686055	0.727533	0.776109	0.846665	0.687891	0.751405	0.751821	0.769547	
2480.000000	0.783326	0.689063	0.730334	0.760004	0.858811	0.717341	0.756480	0.745169	0.769547	
2490.000000	0.780176	0.601965	0.737939	0.767372	0.855631	0.708921	0.742001	0.752655	0.769547	
2500.000000	0.791490	0.716611	0.732814	0.774038	0.862729	0.733033	0.768453	0.753536	0.769547	
2510.000000	0.761580	0.677480	0.732188	0.773929	0.867982	0.727106	0.756711	0.746884	0.769547	
2520.000000	0.786011	0.692536	0.697052	0.780512	0.856294	0.724150	0.756092	0.752331	0.769547	
2530.000000	0.780018	0.529304	0.731840	0.770310	0.854830	0.724735	0.731840	0.751075	0.769547	
2540.000000	0.787020	0.714046	0.689134	0.773264	0.844339	0.671800	0.746600	0.743655	0.769547	
2550.000000	0.795776	0.695437	0.738990	0.771242	0.852197	0.719419	0.762177	0.755116	0.769547	
2560.000000	0.796147	0.622661	0.554535	0.641331	0.846754	0.725171	0.697766	0.683251	0.769547	
2570.000000	0.799858	0.698977	0.743492	0.776485	0.874985	0.731105	0.770817	0.759988	0.770817	
2580.000000	0.790700	0.668408	0.725938	0.784635	0.855863	0.728499	0.759007	0.756567	0.770817	
2590.000000	0.792073	0.714803	0.742644	0.769755	0.858865	0.735004	0.768858	0.756200	0.770817	
2600.000000	0.793745	0.645450	0.753408	0.776517	0.862257	0.733682	0.760843	0.764962	0.770817	
2610.000000	0.793396	0.623691	0.684859	0.772992	0.852170	0.735853	0.743827	0.754422	0.770817	
2620.000000	0.792233	0.622776	0.746397	0.782735	0.860281	0.724314	0.754789	0.764566	0.770817	
2630.000000	0.794234	0.666012	0.745242	0.785946	0.860821	0.736662	0.764820	0.765594	0.770817	
2640.000000	0.796956	0.666981	0.738528	0.730838	0.854187	0.735034	0.753754	0.736781	0.770817	
2650.000000	0.802075	0.662296	0.747015	0.781393	0.855624	0.738615	0.764503	0.764204	0.770817	
2660.000000	0.766202	0.591789	0.727604	0.788227	0.863653	0.736438	0.745652	0.751320	0.770817	
2670.000000	0.802733	0.699058	0.672957	0.793075	0.874246	0.710867	0.758823	0.751971	0.770817	
2680.000000	0.804168	0.690826	0.685154	0.795780	0.875477	0.731323	0.763788	0.763551	0.770817	
2690.000000	0.803071	0.672749	0.741941	0.785584	0.870232	0.737100	0.768446	0.763762	0.770817	
2700.000000	0.805306	0.645639	0.703335	0.778240	0.874923	0.734283	0.756954	0.756261	0.770817	
2710.000000	0.806100	0.682252	0.703000	0.777501	0.869541	0.705936	0.757388	0.741719	0.770817	
2720.000000	0.802323	0.699206	0.736467	0.672868	0.864371	0.722082	0.749553	0.729274	0.770817	
2730.000000	0.809474	0.656327	0.746641	0.777332	0.865636	0.736438	0.765308	0.761986	0.770817	
2740.000000	0.802909	0.595672	0.750454	0.783033	0.858592	0.737302	0.754660	0.766744	0.770817	
2750.000000	0.810720	0.671194	0.736308	0.775912	0.859597	0.739559	0.765548	0.757735	0.770817	
2760.000000	0.805205	0.675448	0.752215	0.771948	0.865950	0.734002	0.767461	0.762081	0.770817	
2770.000000	0.767564	0.680132	0.727828	0.774572	0.869684	0.727972	0.757959	0.747768	0.770817	
2780.000000	0.784118	0.656549	0.734847	0.773109	0.869931	0.704082	0.753772	0.753978	0.770817	
2790.000000	0.800490	0.675676	0.751851	0.775564	0.862333	0.734179	0.766682	0.763707	0.770817	
2800.000000	0.775348	0.691008	0.752357	0.783136	0.866299	0.733714	0.766977	0.763853	0.770817	
2810.000000	0.806026	0.636782	0.729460	0.776560	0.869985	0.734413	0.758871	0.755487	0.770817	
2820.000000	0.805548	0.704967	0.752869	0.787559	0.870149	0.737418	0.776418	0.770214	0.776418	
2830.000000	0.812251	0.684561	0.754351	0.786137	0.866491	0.738890	0.773780	0.770244	0.776418	
2840.000000	0.804717	0.693169	0.685030	0.710338	0.868795	0.738720	0.750128	0.724529	0.776418	
2850.000000	0.804332	0.682992	0.745590	0.788186	0.865807	0.737524	0.770739	0.766888	0.776418	
2860.000000	0.808197	0.711570	0.722967	0.790417	0.857593	0.737009	0.771292	0.763713	0.776418	
2870.000000	0.801152	0.709153	0.744525	0.788270	0.872454	0.734895	0.775075	0.766397	0.776418	
2880.000000	0.802468	0.652053	0.754056	0.786010	0.868966	0.731940	0.765916	0.770033	0.776418	
2890.000000	0.791661	0.649044	0.748456	0.790870	0.855836	0.727410	0.760546	0.769663	0.776418	
2900.000000	0.794714	0.696372	0.757500	0.786859	0.869931	0.642675	0.758008	0.772179	0.776418	
2910.000000	0.794920	0.646399	0.741596	0.783183	0.874027	0.725933	0.761010	0.762389	0.776418	
2920.000000	0.792975	0.689602	0.747696	0.779451	0.870587	0.733997	0.769051	0.763573	0.776418	
2930.000000	0.780007	0.720238	0.759882	0.787919	0.865335	0.732627	0.774335	0.769945	0.776418	
2940.000000	0.804405	0.682016	0.756994	0.796195	0.866518	0.740820	0.774491	0.776594	0.776418	
2950.000000	0.775034	0.700868	0.755420	0.791037	0.871011	0.743506	0.772813	0.765227	0.776418	
2960.000000	0.805445	0.650370	0.750225	0.788320	0.873624	0.740940	0.768154	0.769272	0.776418	
2970.000000	0.798039	0.693135	0.758191	0.774400	0.869472	0.733008	0.771041	0.766296	0.776418	
2980.000000	0.803615	0.618159	0.758887	0.789001	0.859522	0.741471	0.761776	0.773944	0.776418	
2990.000000	0.779889	0.707679	0.763537	0.764152	0.859009	0.695699	0.761661	0.763844	0.776418	
3000.000000	0.803905	0.663380	0.718711	0.790205	0.856985	0.738432	0.761936	0.764318	0.776418	
3010.000000	0.804329	0.674485	0.756392	0.778316	0.855726	0.738450	0.767950	0.767354	0.776418	
3020.000000	0.796488	0.687946	0.741732	0.781920	0.854605	0.734224	0.766152	0.761826	0.776418	
3030.000000	0.770894	0.677931	0.759006	0.785369	0.857381	0.744018	0.765767	0.764950	0.776418	
3040.000000	0.802251	0.710809	0.701900	0.786637	0.861348	0.744502	0.767908	0.765569	0.776418	
3050.000000	0.804966	0.697550	0.760734	0.793400	0.871736	0.745171	0.778926	0.777067	0.778926	
3060.000000	0.805734	0.697247	0.759468	0.794490	0.873090	0.742755	0.778797	0.776979	0.778926	
3070.000000	0.804758	0.709672	0.752249	0.787822	0.868255	0.625029	0.757964	0.770035	0.778926	
3080.000000	0.812880	0.668273	0.450779	0.796445	0.872030	0.746722	0.724522	0.771584	0.778926	
3090.000000	0.803984	0.685826	0.589748	0.789056	0.865287	0.742544	0.746074	0.765800	0.778926	
3100.000000	0.808235	0.681034	0.762539	0.788172	0.873808	0.746291	0.776680	0.775355	0.778926	
3110.000000	0.804328	0.688881	0.753196	0.791013	0.870539	0.745475	0.775572	0.772105	0.778926	
3120.000000	0.801799	0.701528	0.750733	0.796242	0.870191	0.742510	0.777167	0.773488	0.778926	
3130.000000	0.803896	0.606872	0.763596	0.793468	0.870013	0.744903	0.763791	0.778532	0.778926	
3140.000000	0.805107	0.679048	0.769430	0.794440	0.873843	0.745166	0.777839	0.781935	0.778926	
3150.000000	0.801808	0.699865	0.761529	0.786201	0.864713	0.742764	0.776147	0.773865	0.778926	
3160.000000	0.800240	0.691446	0.768950	0.786246	0.864781	0.746625	0.776381	0.777598	0.778926	
3170.000000	0.784282	0.557249	0.756107	0.785963	0.850652	0.749807	0.747343	0.770195	0.778926	
3180.000000	0.792593	0.683968	0.758543	0.786852	0.866135	0.748294	0.772731	0.772697	0.778926	
3190.000000	0.799845	0.682138	0.759819	0.780578	0.859583	0.750118	0.772014	0.770199	0.778926	
3200.000000	0.806600	0.687556	0.772058	0.781739	0.867681	0.706079	0.770285	0.776899	0.778926	
3210.000000	0.805999	0.681343	0.756425	0.780683	0.865684	0.740863	0.771833	0.768554	0.778926	
3220.000000	0.799823	0.692657	0.764460	0.784092	0.863119	0.741612	0.774294	0.774276	0.778926	
3230.000000	0.802159	0.664188	0.760918	0.792522	0.864535	0.737254	0.770263	0.776720	0.778926	
3240.000000	0.764899	0.670891	0.763305	0.739383	0.857306	0.717979	0.752294	0.751344	0.778926	
3250.000000	0.804672	0.674391	0.759439	0.787783	0.863030	0.739713	0.771505	0.773611	0.778926	
3260.000000	0.791981	0.690234	0.764621	0.784494	0.868173	0.741386	0.773482	0.774557	0.778926	
3270.000000	0.806033	0.663548	0.756053	0.793079	0.866839	0.736987	0.770423	0.774566	0.778926	
3280.000000	0.806182	0.702739	0.768873	0.796531	0.869787	0.735447	0.779926	0.782702	0.779926	
3290.000000	0.807087	0.696157	0.765216	0.802442	0.876339	0.740947	0.781365	0.783829	0.781365	
3300.000000	0.808897	0.702046	0.728763	0.796657	0.857217	0.742433	0.772669	0.769545	0.781365	
3310.000000	0.803905	0.662902	0.751316	0.797072	0.865636	0.732164	0.768832	0.774194	0.781365	
3320.000000	0.800558	0.676013	0.765506	0.789862	0.863003	0.739620	0.772427	0.777684	0.781365	
3330.000000	0.800005	0.659598	0.761551	0.786325	0.868002	0.711019	0.764417	0.773938	0.781365	
3340.000000	0.805072	0.598728	0.761848	0.775726	0.869472	0.747657	0.759750	0.768787	0.781365	
3350.000000	0.804729	0.675623	0.759015	0.784883	0.872386	0.744093	0.773455	0.771949	0.781365	
3360.000000	0.800772	0.704287	0.763991	0.782201	0.858065	0.725693	0.772502	0.773096	0.781365	
3370.000000	0.801463	0.693559	0.764110	0.783131	0.862257	0.741702	0.774371	0.773621	0.781365	
3380.000000	0.803058	0.665217	0.764757	0.779051	0.863105	0.729018	0.767368	0.771904	0.781365	
3390.000000	0.800386	0.682615	0.753099	0.783632	0.871846	0.726884	0.769744	0.768365	0.781365	
3400.000000	0.803354	0.679109	0.696763	0.789163	0.864357	0.741070	0.762303	0.765117	0.781365	
3410.000000	0.803920	0.659126	0.758768	0.795222	0.871784	0.745543	0.772394	0.776995	0.781365	
3420.000000	0.804756	0.704839	0.767788	0.797267	0.863830	0.744463	0.780491	0.782527	0.781365	
3430.000000	0.798116	0.683019	0.755985	0.794288	0.861628	0.747310	0.773391	0.775137	0.781365	
3440.000000	0.783369	0.664188	0.714056	0.790012	0.867359	0.742251	0.760206	0.762810	0.781365	
3450.000000	0.790415	0.655425	0.753178	0.780776	0.870204	0.734570	0.764095	0.766977	0.781365	
3460.000000	0.795282	0.703298	0.756127	0.788615	0.856656	0.731876	0.771976	0.772371	0.781365	
3470.000000	0.807675	0.667856	0.758711	0.784728	0.868631	0.709477	0.766180	0.771720	0.781365	
3480.000000	0.798711	0.674950	0.758496	0.781906	0.855815	0.744114	0.768998	0.770201	0.781365	
3490.000000	0.794577	0.688868	0.731491	0.787114	0.859071	0.743737	0.767476	0.765425	0.781365	
3500.000000	0.802251	0.705189	0.758764	0.790169	0.866094	0.740242	0.777118	0.774467	0.781365	
3510.000000	0.805510	0.670669	0.757030	0.787662	0.866203	0.747278	0.772392	0.772346	0.781365	
3520.000000	0.801799	0.680711	0.741821	0.793575	0.869151	0.739024	0.771013	0.767698	0.781365	
3530.000000	0.798645	0.643021	0.758124	0.794088	0.870902	0.739196	0.767329	0.776106	0.781365	
3540.000000	0.716928	0.674896	0.761328	0.796652	0.865048	0.745990	0.760140	0.753659	0.781365	
3550.000000	0.807138	0.707814	0.765576	0.789924	0.874355	0.747040	0.781974	0.777750	0.781974	
3560.000000	0.806769	0.513205	0.624765	0.783334	0.862777	0.735465	0.721052	0.759399	0.781974	
3570.000000	0.795241	0.698344	0.656579	0.779818	0.861573	0.734553	0.754351	0.757185	0.781974	
3580.000000	0.792426	0.687771	0.754918	0.782966	0.871880	0.739137	0.771516	0.768942	0.781974	
3590.000000	0.774372	0.526518	0.759374	0.779339	0.879300	0.738153	0.742843	0.766873	0.781974	
3600.000000	0.798689	0.517263	0.718733	0.785668	0.864726	0.738536	0.737269	0.762102	0.781974	
3610.000000	0.798000	0.700552	0.761441	0.796545	0.865561	0.739514	0.776935	0.778993	0.781974	
3620.000000	0.794984	0.677844	0.763828	0.803884	0.858346	0.744717	0.773934	0.779406	0.781974	
3630.000000	0.803499	0.703365	0.760567	0.791182	0.854263	0.746552	0.776571	0.775875	0.781974	
3640.000000	0.799996	0.693882	0.757986	0.796171	0.856506	0.749392	0.775655	0.777078	0.781974	
3650.000000	0.810410	0.723233	0.727521	0.791831	0.867202	0.745329	0.777588	0.768580	0.781974	
3660.000000	0.807316	0.713272	0.756860	0.789411	0.866805	0.747233	0.780149	0.773135	0.781974	
3670.000000	0.807456	0.645686	0.761078	0.790167	0.872133	0.748421	0.770823	0.775622	0.781974	
3680.000000	0.807884	0.703681	0.760704	0.803907	0.863772	0.749539	0.781581	0.782305	0.781974	
3690.000000	0.753576	0.708884	0.763828	0.798599	0.869773	0.745831	0.773415	0.758702	0.781974	
3700.000000	0.807671	0.663461	0.760663	0.791711	0.882241	0.746845	0.775432	0.776187	0.781974	
3710.000000	0.812953	0.706219	0.634613	0.789056	0.867722	0.747258	0.759637	0.768157	0.781974	
3720.000000	0.812514	0.691735	0.765946	0.788224	0.876270	0.751681	0.781062	0.777085	0.781974	
3730.000000	0.769683	0.653708	0.680505	0.784594	0.881017	0.717359	0.747811	0.743521	0.781974	
3740.000000	0.807408	0.706084	0.765737	0.795530	0.876838	0.747348	0.783157	0.780633	0.783157	
3750.000000	0.772806	0.504933	0.764350	0.784423	0.865013	0.745565	0.739515	0.768578	0.783157	
3760.000000	0.811073	0.642058	0.758053	0.787695	0.871606	0.747278	0.769627	0.772874	0.783157	
3770.000000	0.812235	0.712633	0.760852	0.788131	0.866600	0.743916	0.780728	0.774492	0.783157	
3780.000000	0.811841	0.656784	0.765993	0.785542	0.874410	0.748827	0.773899	0.775767	0.783157	
3790.000000	0.751703	0.558824	0.603675	0.779325	0.863953	0.750633	0.718019	0.751168	0.783157	
3800.000000	0.815021	0.668347	0.767180	0.790064	0.879026	0.754346	0.778997	0.778622	0.783157	
3810.000000	0.710528	0.713218	0.766161	0.765436	0.874985	0.720730	0.758510	0.743083	0.783157	
3820.000000	0.815756	0.692213	0.773896	0.786520	0.878896	0.750705	0.782998	0.780208	0.783157	
3830.000000	0.818500	0.689528	0.752141	0.741087	0.874314	0.748085	0.770609	0.750113	0.783157	
3840.000000	0.814857	0.640934	0.771843	0.797053	0.874403	0.753042	0.775355	0.784448	0.783157	
3850.000000	0.806291	0.706602	0.758100	0.797243	0.863160	0.746768	0.779694	0.777671	0.783157	
3860.000000	0.780999	0.697422	0.771436	0.791535	0.867325	0.746607	0.775887	0.776218	0.783157	
3870.000000	0.814449	0.588141	0.593007	0.791587	0.871804	0.750270	0.734876	0.770929	0.783157	
3880.000000	0.820326	0.697261	0.639943	0.792350	0.866894	0.754689	0.761910	0.773519	0.783157	
3890.000000	0.809197	0.693074	0.767859	0.792047	0.860637	0.750379	0.778866	0.779953	0.783157	
3900.000000	0.750054	0.653547	0.765529	0.790157	0.859563	0.750467	0.761553	0.757998	0.783157	
3910.000000	0.809941	0.678853	0.762629	0.735036	0.856855	0.662858	0.751029	0.748832	0.783157	
3920.000000	0.714796	0.674216	0.765588	0.792958	0.858352	0.745497	0.758568	0.755543	0.783157	
3930.000000	0.816627	0.707801	0.767834	0.798104	0.876270	0.747437	0.785679	0.782969	0.785679	
3940.000000	0.814169	0.592374	0.741148	0.782890	0.872762	0.748855	0.758700	0.765872	0.785679	
3950.000000	0.815708	0.682898	0.767670	0.794524	0.871763	0.746856	0.779903	0.781097	0.785679	
3960.000000	0.815885	0.723361	0.729125	0.788820	0.872105	0.635103	0.760733	0.758972	0.785679	
3970.000000	0.814179	0.695827	0.756258	0.794991	0.865814	0.755505	0.780429	0.775624	0.785679	
3980.000000	0.821693	0.713171	0.649251	0.760843	0.869725	0.755666	0.761725	0.758255	0.785679	
3990.000000	0.812510	0.707747	0.763783	0.801088	0.870108	0.754385	0.784937	0.782435	0.785679	
4000.000000	0.803953	0.698620	0.750223	0.794874	0.871189	0.716452	0.772552	0.772548	0.785679	
4010.000000	0.811062	0.686681	0.761799	0.794281	0.871750	0.756011	0.780264	0.778040	0.785679	
4020.000000	0.807507	0.683968	0.755559	0.792414	0.860370	0.753471	0.775548	0.773987	0.785679	
4030.000000	0.799187	0.702699	0.764521	0.798881	0.862004	0.755743	0.780506	0.781701	0.785679	
4040.000000	0.801286	0.661105	0.767902	0.794781	0.865321	0.746647	0.772841	0.781342	0.785679	
4050.000000	0.815017	0.712781	0.766157	0.794083	0.864432	0.737631	0.781684	0.780120	0.785679	
4060.000000	0.819116	0.680522	0.764114	0.792257	0.874164	0.761267	0.781907	0.778186	0.785679	
4070.000000	0.814734	0.670083	0.772852	0.795878	0.862986	0.757220	0.778959	0.784365	0.785679	
4080.000000	0.810395	0.657693	0.701532	0.791528	0.871716	0.754618	0.764580	0.773073	0.785679	
4090.000000	0.811145	0.690678	0.772924	0.797403	0.866258	0.748988	0.781233	0.785164	0.785679	
4100.000000	0.812757	0.696278	0.778716	0.800089	0.872235	0.752799	0.785479	0.789402	0.785679	
4110.000000	0.803464	0.660405	0.767672	0.795041	0.867428	0.754435	0.774741	0.781356	0.785679	
4120.000000	0.815907	0.710439	0.772696	0.790057	0.872276	0.755226	0.786100	0.781377	0.786100	
4130.000000	0.806592	0.710264	0.770491	0.786570	0.866518	0.741208	0.780274	0.778531	0.786100	
4140.000000	0.814210	0.641452	0.771292	0.801209	0.863933	0.751166	0.773877	0.786251	0.786100	
4150.000000	0.821259	0.687805	0.769331	0.798576	0.864993	0.753613	0.782596	0.783953	0.786100	
4160.000000	0.803325	0.684621	0.741372	0.795029	0.863468	0.751989	0.773301	0.773509	0.786100	
4170.000000	0.810937	0.712498	0.769745	0.794633	0.869664	0.752112	0.784932	0.782189	0.786100	
4180.000000	0.809171	0.674579	0.768314	0.799343	0.862675	0.598390	0.752079	0.783829	0.786100	
4190.000000	0.811468	0.683383	0.666115	0.784692	0.857313	0.733382	0.756059	0.759037	0.786100	
4200.000000	0.806568	0.663319	0.756673	0.799431	0.863516	0.757717	0.774537	0.778574	0.786100	
4210.000000	0.806813	0.649078	0.760299	0.804008	0.872454	0.753323	0.774329	0.782153	0.786100	
4220.000000	0.806337	0.707989	0.767619	0.803648	0.872044	0.758574	0.786035	0.785633	0.786100	
4230.000000	0.810971	0.655182	0.769308	0.793609	0.868317	0.753763	0.775192	0.781458	0.786100	
4240.000000	0.811351	0.591096	0.760220	0.791251	0.866156	0.759423	0.763249	0.775736	0.786100	
4250.000000	0.812040	0.661812	0.765288	0.795294	0.855637	0.755172	0.774207	0.780291	0.786100	
4260.000000	0.751472	0.715621	0.760309	0.792345	0.867941	0.757785	0.774245	0.759047	0.786100	
4270.000000	0.818180	0.549993	0.580213	0.780490	0.864815	0.755489	0.724863	0.767990	0.786100	
4280.000000	0.818667	0.695242	0.771552	0.793439	0.866060	0.707471	0.775405	0.782496	0.786100	
4290.000000	0.816352	0.717580	0.615640	0.794521	0.865301	0.756419	0.760969	0.775470	0.786100	
4300.000000	0.810930	0.607107	0.741238	0.793511	0.869042	0.672816	0.749107	0.767374	0.786100	
4310.000000	0.817471	0.655553	0.757160	0.799760	0.859002	0.747314	0.772710	0.778460	0.786100	
4320.000000	0.820954	0.686512	0.771020	0.803531	0.877713	0.756121	0.785975	0.787275	0.786100	
4330.000000	0.814859	0.695975	0.459855	0.679151	0.865472	0.754790	0.711684	0.725382	0.786100	
4340.000000	0.811711	0.718307	0.743541	0.745122	0.867072	0.749308	0.772510	0.747215	0.786100	
4350.000000	0.807445	0.698930	0.761081	0.801445	0.854454	0.754736	0.779682	0.781263	0.786100	
4360.000000	0.801580	0.700740	0.774453	0.807228	0.857190	0.752075	0.782211	0.788016	0.786100	
4370.000000	0.754735	0.691143	0.766033	0.801905	0.869568	0.755728	0.773185	0.760880	0.786100	
4380.000000	0.814433	0.695228	0.774439	0.800308	0.868303	0.758472	0.785197	0.787374	0.786100	
4390.000000	0.817574	0.710432	0.734548	0.794131	0.866655	0.756442	0.779964	0.775286	0.786100	
4400.000000	0.819230	0.585671	0.765743	0.801612	0.858113	0.752459	0.763805	0.783677	0.786100	
4410.000000	0.818340	0.701871	0.758142	0.801607	0.861375	0.756397	0.782955	0.779875	0.786100	
4420.000000	0.816654	0.625791	0.764401	0.803998	0.850426	0.753545	0.769136	0.784200	0.786100	
4430.000000	0.819070	0.679001	0.727350	0.776143	0.866969	0.736556	0.767515	0.756349	0.786100	
4440.000000	0.808548	0.666429	0.772351	0.807404	0.865875	0.753881	0.779081	0.789878	0.786100	
4450.000000	0.819680	0.606192	0.766723	0.797239	0.869069	0.759818	0.769787	0.781981	0.786100	
4460.000000	0.815427	0.701824	0.770607	0.809885	0.868221	0.763240	0.788201	0.790246	0.788201	
4470.000000	0.814736	0.693626	0.742598	0.719972	0.869596	0.759899	0.766738	0.751248	0.788201	
4480.000000	0.760100	0.699643	0.774778	0.810767	0.873856	0.749399	0.778091	0.767439	0.788201	
4490.000000	0.813709	0.686526	0.766873	0.803726	0.870273	0.762442	0.783925	0.785300	0.788201	
4500.000000	0.814060	0.698237	0.757618	0.796986	0.869001	0.753391	0.781549	0.777302	0.788201	
4510.000000	0.814398	0.556138	0.760370	0.799689	0.870690	0.750379	0.758611	0.780029	0.788201	
4520.000000	0.804474	0.707545	0.716721	0.803316	0.869555	0.748662	0.775045	0.775989	0.788201	
4530.000000	0.795339	0.684682	0.754867	0.808665	0.883752	0.753831	0.780189	0.775103	0.788201	
4540.000000	0.811722	0.561563	0.768429	0.810438	0.867318	0.748301	0.761295	0.789434	0.788201	
4550.000000	0.815730	0.697092	0.758465	0.804284	0.874444	0.760468	0.785081	0.782376	0.788201	
4560.000000	0.722693	0.715493	0.758464	0.809020	0.873808	0.752561	0.772007	0.755513	0.788201	
4570.000000	0.816238	0.610708	0.680241	0.799896	0.869661	0.756642	0.755564	0.778269	0.788201	
4580.000000	0.812231	0.577413	0.773176	0.803705	0.867660	0.750925	0.764185	0.788441	0.788201	
4590.000000	0.810117	0.700747	0.775130	0.801379	0.870977	0.725196	0.780591	0.788254	0.788201	
4600.000000	0.817125	0.706057	0.754042	0.806505	0.867961	0.754732	0.784404	0.780618	0.788201	
4610.000000	0.813810	0.707074	0.775150	0.804425	0.869089	0.751393	0.786824	0.789787	0.788201	
4620.000000	0.817528	0.712670	0.771071	0.797584	0.865444	0.754251	0.786425	0.784327	0.788201	
4630.000000	0.824940	0.691876	0.776638	0.791449	0.863557	0.761598	0.785010	0.784044	0.788201	
4640.000000	0.818724	0.707747	0.771477	0.793845	0.868946	0.761711	0.787075	0.782661	0.788201	
4650.000000	0.820459	0.708050	0.768790	0.791479	0.881208	0.754181	0.787361	0.780134	0.788201	
4660.000000	0.803302	0.507222	0.771294	0.789399	0.866094	0.752609	0.748320	0.780347	0.788201	
4670.000000	0.790799	0.710782	0.770629	0.795561	0.872229	0.754038	0.782340	0.780714	0.788201	
4680.000000	0.805302	0.694616	0.756055	0.791528	0.870656	0.752965	0.778520	0.773791	0.788201	
4690.000000	0.809770	0.709947	0.767843	0.779792	0.862982	0.754119	0.780742	0.773817	0.788201	
4700.000000	0.814161	0.707235	0.772792	0.799918	0.871093	0.752754	0.786326	0.786355	0.788201	
4710.000000	0.809450	0.701198	0.779151	0.796416	0.879232	0.752958	0.786401	0.787784	0.788201	
4720.000000	0.814418	0.692960	0.784162	0.776679	0.873501	0.750826	0.782091	0.780420	0.788201	
4730.000000	0.813152	0.544168	0.772985	0.793076	0.878808	0.751783	0.758995	0.783031	0.788201	
4740.000000	0.818649	0.667910	0.769180	0.802518	0.870478	0.758336	0.781178	0.785849	0.788201	
4750.000000	0.819612	0.712586	0.773083	0.794147	0.867845	0.763349	0.788437	0.783615	0.788437	
4760.000000	0.816697	0.723348	0.776626	0.796428	0.874499	0.763571	0.791862	0.786527	0.791862	
4770.000000	0.819213	0.716126	0.773040	0.799317	0.873179	0.763680	0.790759	0.786179	0.791862	
4780.000000	0.815361	0.721867	0.771146	0.744100	0.871127	0.765717	0.781553	0.768431	0.791862	
4790.000000	0.812784	0.742253	0.638634	0.798159	0.874061	0.690128	0.759337	0.770206	0.791862	
4800.000000	0.815276	0.686341	0.671394	0.793180	0.878678	0.759951	0.767470	0.776565	0.791862	
4810.000000	0.819522	0.697321	0.779654	0.794500	0.873740	0.766205	0.788490	0.787077	0.791862	
4820.000000	0.811937	0.707276	0.778533	0.795820	0.872119	0.765992	0.788613	0.787177	0.791862	
4830.000000	0.779281	0.682494	0.768448	0.793013	0.864275	0.761784	0.774883	0.773865	0.791862	
4840.000000	0.814813	0.706246	0.779488	0.803395	0.871887	0.762539	0.789728	0.791442	0.791862	
4850.000000	0.810437	0.722870	0.764700	0.781846	0.870874	0.763785	0.785752	0.773273	0.791862	
4860.000000	0.818493	0.733322	0.772504	0.800623	0.880545	0.755641	0.793521	0.786563	0.793521	
4870.000000	0.818002	0.629042	0.772461	0.804379	0.870765	0.764529	0.776530	0.788420	0.793521	
4880.000000	0.790224	0.722883	0.771658	0.750649	0.871668	0.762805	0.778315	0.767231	0.793521	
4890.000000	0.818778	0.697927	0.777116	0.794169	0.873795	0.755868	0.786275	0.785642	0.793521	
4900.000000	0.824223	0.691109	0.780017	0.803099	0.874821	0.755641	0.788152	0.791558	0.793521	
4910.000000	0.823273	0.730374	0.781566	0.796905	0.876291	0.760828	0.794873	0.789235	0.794873	
4920.000000	0.814650	0.706387	0.782541	0.802956	0.869281	0.759634	0.789242	0.792749	0.794873	
4930.000000	0.819969	0.722715	0.762222	0.800969	0.869753	0.693061	0.778115	0.781595	0.794873	
4940.000000	0.818498	0.655613	0.779868	0.794529	0.877529	0.767750	0.782298	0.787198	0.794873	
4950.000000	0.816907	0.663165	0.774146	0.794648	0.879396	0.763122	0.781897	0.784397	0.794873	
4960.000000	0.813356	0.742233	0.780419	0.807564	0.881632	0.763356	0.798093	0.793991	0.798093	
4970.000000	0.810217	0.706677	0.635207	0.792684	0.870615	0.734580	0.758330	0.763632	0.798093	
4980.000000	0.812810	0.731061	0.648383	0.783281	0.875771	0.752182	0.767248	0.767732	0.798093	
4990.000000	0.815170	0.652160	0.769522	0.792853	0.873473	0.751597	0.775796	0.781187	0.798093	
5000.000000	0.816989	0.584884	0.772058	0.791425	0.867325	0.756891	0.764929	0.781742	0.798093	
