Epoch	AUC-9	AUC-10	AUC-11	AUC-Avg	AUC-Mid	AUC-Best	
1.000000	0.558078	0.498359	0.541799	0.532745	0.541799	0.532745	
10.000000	0.527759	0.660449	0.717836	0.635348	0.660449	0.635348	
20.000000	0.647642	0.701753	0.775413	0.708269	0.701753	0.708269	
30.000000	0.655323	0.710934	0.781744	0.716000	0.710934	0.716000	
40.000000	0.660395	0.721217	0.789752	0.723788	0.721217	0.723788	
50.000000	0.689314	0.748041	0.804404	0.747253	0.748041	0.747253	
60.000000	0.674871	0.758923	0.804744	0.746179	0.758923	0.747253	
70.000000	0.702086	0.781540	0.815291	0.766305	0.781540	0.766305	
80.000000	0.701942	0.801663	0.815928	0.773178	0.801663	0.773178	
90.000000	0.727745	0.807671	0.821111	0.785509	0.807671	0.785509	
100.000000	0.722217	0.826873	0.829335	0.792808	0.826873	0.792808	
110.000000	0.727412	0.818391	0.828187	0.791330	0.818391	0.792808	
120.000000	0.733460	0.824625	0.828910	0.795665	0.824625	0.795665	
130.000000	0.729153	0.825617	0.827167	0.793979	0.825617	0.795665	
140.000000	0.735920	0.827971	0.824363	0.796085	0.824363	0.796085	
150.000000	0.738205	0.832045	0.822493	0.797581	0.822493	0.797581	
160.000000	0.738317	0.828424	0.815304	0.794015	0.815304	0.797581	
170.000000	0.731800	0.831508	0.809886	0.791065	0.809886	0.797581	
180.000000	0.735455	0.836653	0.816234	0.796114	0.816234	0.797581	
190.000000	0.738226	0.828166	0.808769	0.791721	0.808769	0.797581	
200.000000	0.734531	0.830318	0.817972	0.794274	0.817972	0.797581	
210.000000	0.744198	0.836596	0.820455	0.800416	0.820455	0.800416	
220.000000	0.741439	0.830950	0.815997	0.796128	0.815997	0.800416	
230.000000	0.747691	0.828950	0.818713	0.798451	0.818713	0.800416	
240.000000	0.748493	0.835787	0.820348	0.801542	0.820348	0.801542	
250.000000	0.751716	0.838838	0.819876	0.803477	0.819876	0.803477	
260.000000	0.752873	0.843345	0.824420	0.806879	0.824420	0.806879	
270.000000	0.759166	0.838159	0.827555	0.808294	0.827555	0.808294	
280.000000	0.756441	0.832352	0.830539	0.806444	0.830539	0.808294	
290.000000	0.760733	0.833224	0.833817	0.809258	0.833224	0.809258	
300.000000	0.749241	0.831907	0.830673	0.803940	0.830673	0.809258	
310.000000	0.761120	0.832813	0.826241	0.806724	0.826241	0.809258	
320.000000	0.760356	0.835712	0.825533	0.807201	0.825533	0.809258	
330.000000	0.760056	0.841158	0.820900	0.807371	0.820900	0.809258	
340.000000	0.756695	0.843226	0.814094	0.804672	0.814094	0.809258	
350.000000	0.759399	0.844158	0.820096	0.807884	0.820096	0.809258	
360.000000	0.758044	0.839813	0.821168	0.806342	0.821168	0.809258	
370.000000	0.757251	0.833633	0.822435	0.804440	0.822435	0.809258	
380.000000	0.765374	0.841962	0.819474	0.808937	0.819474	0.809258	
390.000000	0.768145	0.841271	0.821961	0.810459	0.821961	0.810459	
400.000000	0.771303	0.841202	0.815153	0.809219	0.815153	0.810459	
410.000000	0.767453	0.842061	0.821408	0.810307	0.821408	0.810459	
420.000000	0.767537	0.844607	0.820271	0.810805	0.820271	0.810805	
430.000000	0.765703	0.843365	0.818214	0.809094	0.818214	0.810805	
440.000000	0.770760	0.848155	0.819420	0.812779	0.819420	0.812779	
450.000000	0.762841	0.841062	0.818887	0.807597	0.818887	0.812779	
460.000000	0.762212	0.844026	0.822397	0.809545	0.822397	0.812779	
470.000000	0.759803	0.849696	0.825406	0.811635	0.825406	0.812779	
480.000000	0.762368	0.845915	0.823729	0.810671	0.823729	0.812779	
490.000000	0.761767	0.841671	0.819100	0.807513	0.819100	0.812779	
500.000000	0.763927	0.845515	0.825221	0.811554	0.825221	0.812779	
510.000000	0.764133	0.840405	0.826049	0.810196	0.826049	0.812779	
520.000000	0.763263	0.839719	0.827958	0.810313	0.827958	0.812779	
530.000000	0.760887	0.837957	0.825738	0.808194	0.825738	0.812779	
540.000000	0.759704	0.835253	0.832602	0.809187	0.832602	0.812779	
550.000000	0.762685	0.840256	0.832739	0.811893	0.832739	0.812779	
560.000000	0.770413	0.833967	0.826600	0.810327	0.826600	0.812779	
570.000000	0.767880	0.833486	0.826440	0.809269	0.826440	0.812779	
580.000000	0.774562	0.839772	0.813897	0.809410	0.813897	0.812779	
590.000000	0.774659	0.835833	0.819617	0.810036	0.819617	0.812779	
600.000000	0.777187	0.834426	0.821906	0.811173	0.821906	0.812779	
610.000000	0.773779	0.836121	0.819869	0.809923	0.819869	0.812779	
620.000000	0.766270	0.836249	0.820181	0.807567	0.820181	0.812779	
630.000000	0.769822	0.838640	0.820772	0.809745	0.820772	0.812779	
640.000000	0.768908	0.835850	0.822155	0.808971	0.822155	0.812779	
650.000000	0.772005	0.836092	0.821011	0.809703	0.821011	0.812779	
660.000000	0.770594	0.837382	0.820924	0.809633	0.820924	0.812779	
670.000000	0.768189	0.843188	0.820032	0.810469	0.820032	0.812779	
680.000000	0.773700	0.840232	0.820766	0.811566	0.820766	0.812779	
690.000000	0.770600	0.841695	0.826637	0.812977	0.826637	0.812977	
700.000000	0.767231	0.840710	0.828897	0.812280	0.828897	0.812977	
710.000000	0.771903	0.839318	0.829273	0.813498	0.829273	0.813498	
720.000000	0.767270	0.840785	0.823716	0.810591	0.823716	0.813498	
730.000000	0.773341	0.838554	0.827570	0.813155	0.827570	0.813498	
740.000000	0.771984	0.838182	0.826626	0.812264	0.826626	0.813498	
750.000000	0.766726	0.841970	0.827756	0.812151	0.827756	0.813498	
760.000000	0.771790	0.843299	0.829042	0.814710	0.829042	0.814710	
770.000000	0.768915	0.839296	0.824055	0.810755	0.824055	0.814710	
780.000000	0.771236	0.841691	0.824223	0.812383	0.824223	0.814710	
790.000000	0.766615	0.843083	0.824963	0.811554	0.824963	0.814710	
800.000000	0.771598	0.846178	0.824558	0.814111	0.824558	0.814710	
810.000000	0.768774	0.845609	0.825401	0.813261	0.825401	0.814710	
820.000000	0.770428	0.843624	0.825036	0.813029	0.825036	0.814710	
830.000000	0.767821	0.840136	0.816984	0.808314	0.816984	0.814710	
840.000000	0.769292	0.844100	0.823692	0.812362	0.823692	0.814710	
850.000000	0.765077	0.841420	0.827639	0.811378	0.827639	0.814710	
860.000000	0.765829	0.841781	0.827792	0.811801	0.827792	0.814710	
870.000000	0.766657	0.836254	0.825677	0.809530	0.825677	0.814710	
880.000000	0.762955	0.833367	0.828177	0.808167	0.828177	0.814710	
890.000000	0.765877	0.830126	0.827379	0.807794	0.827379	0.814710	
900.000000	0.768557	0.833302	0.825372	0.809077	0.825372	0.814710	
910.000000	0.763812	0.831710	0.830259	0.808594	0.830259	0.814710	
920.000000	0.762974	0.838028	0.830539	0.810514	0.830539	0.814710	
930.000000	0.762314	0.840763	0.826141	0.809739	0.826141	0.814710	
940.000000	0.767390	0.839468	0.817827	0.808228	0.817827	0.814710	
950.000000	0.767141	0.841283	0.823397	0.810607	0.823397	0.814710	
960.000000	0.767495	0.842236	0.819052	0.809594	0.819052	0.814710	
970.000000	0.777424	0.842704	0.827457	0.815862	0.827457	0.815862	
980.000000	0.772505	0.839292	0.828530	0.813443	0.828530	0.815862	
990.000000	0.774575	0.840251	0.832000	0.815609	0.832000	0.815862	
1000.000000	0.772982	0.847179	0.828860	0.816340	0.828860	0.816340	
1010.000000	0.770339	0.847660	0.834146	0.817382	0.834146	0.817382	
1020.000000	0.782508	0.847730	0.827489	0.819242	0.827489	0.819242	
1030.000000	0.775908	0.844380	0.827237	0.815842	0.827237	0.819242	
1040.000000	0.782006	0.844849	0.829384	0.818746	0.829384	0.819242	
1050.000000	0.781417	0.845744	0.826348	0.817836	0.826348	0.819242	
1060.000000	0.777989	0.848443	0.829912	0.818781	0.829912	0.819242	
1070.000000	0.778412	0.847119	0.831530	0.819020	0.831530	0.819242	
1080.000000	0.777514	0.846355	0.829666	0.817845	0.829666	0.819242	
1090.000000	0.781488	0.852644	0.833758	0.822630	0.833758	0.822630	
1100.000000	0.778508	0.848253	0.836084	0.820949	0.836084	0.822630	
1110.000000	0.778170	0.850829	0.830773	0.819924	0.830773	0.822630	
1120.000000	0.783608	0.837517	0.828761	0.816628	0.828761	0.822630	
1130.000000	0.783053	0.843133	0.834125	0.820104	0.834125	0.822630	
1140.000000	0.783131	0.842724	0.836316	0.820724	0.836316	0.822630	
1150.000000	0.786769	0.843956	0.835189	0.821972	0.835189	0.822630	
1160.000000	0.786748	0.844532	0.830481	0.820587	0.830481	0.822630	
1170.000000	0.785105	0.847962	0.832903	0.821990	0.832903	0.822630	
1180.000000	0.781803	0.846396	0.828963	0.819054	0.828963	0.822630	
1190.000000	0.783763	0.849111	0.836189	0.823021	0.836189	0.823021	
1200.000000	0.778146	0.848339	0.827102	0.817862	0.827102	0.823021	
1210.000000	0.778889	0.847555	0.835537	0.820660	0.835537	0.823021	
1220.000000	0.781638	0.842881	0.831417	0.818646	0.831417	0.823021	
1230.000000	0.782354	0.847228	0.832920	0.820834	0.832920	0.823021	
1240.000000	0.782815	0.843135	0.828915	0.818288	0.828915	0.823021	
1250.000000	0.784623	0.841091	0.830523	0.818746	0.830523	0.823021	
1260.000000	0.780218	0.843418	0.825944	0.816527	0.825944	0.823021	
1270.000000	0.784196	0.846759	0.833518	0.821491	0.833518	0.823021	
1280.000000	0.780649	0.847064	0.829053	0.818922	0.829053	0.823021	
1290.000000	0.782476	0.848428	0.827950	0.819618	0.827950	0.823021	
1300.000000	0.780113	0.853105	0.830811	0.821343	0.830811	0.823021	
1310.000000	0.785472	0.850313	0.829471	0.821752	0.829471	0.823021	
1320.000000	0.783067	0.846442	0.837490	0.822333	0.837490	0.823021	
1330.000000	0.781701	0.853622	0.836594	0.823972	0.836594	0.823972	
1340.000000	0.786456	0.845736	0.832440	0.821544	0.832440	0.823972	
1350.000000	0.783639	0.849264	0.827922	0.820275	0.827922	0.823972	
1360.000000	0.785374	0.849525	0.832653	0.822517	0.832653	0.823972	
1370.000000	0.788826	0.851849	0.828125	0.822933	0.828125	0.823972	
1380.000000	0.785622	0.850875	0.828901	0.821799	0.828901	0.823972	
1390.000000	0.788297	0.851400	0.829556	0.823084	0.829556	0.823972	
1400.000000	0.784542	0.853629	0.825790	0.821321	0.825790	0.823972	
1410.000000	0.784475	0.853342	0.830546	0.822788	0.830546	0.823972	
1420.000000	0.781669	0.854816	0.832439	0.822975	0.832439	0.823972	
1430.000000	0.777997	0.852366	0.829043	0.819802	0.829043	0.823972	
1440.000000	0.777172	0.851663	0.827901	0.818912	0.827901	0.823972	
1450.000000	0.781017	0.854006	0.831325	0.822116	0.831325	0.823972	
1460.000000	0.781162	0.849185	0.833897	0.821415	0.833897	0.823972	
1470.000000	0.787279	0.850252	0.832612	0.823381	0.832612	0.823972	
1480.000000	0.781124	0.849496	0.832507	0.821042	0.832507	0.823972	
1490.000000	0.786394	0.849119	0.831172	0.822228	0.831172	0.823972	
1500.000000	0.786942	0.850431	0.825094	0.820822	0.825094	0.823972	
1510.000000	0.787655	0.849733	0.833411	0.823599	0.833411	0.823972	
1520.000000	0.788072	0.849738	0.833354	0.823721	0.833354	0.823972	
1530.000000	0.791436	0.853995	0.832693	0.826041	0.832693	0.826041	
1540.000000	0.786093	0.848750	0.837680	0.824174	0.837680	0.826041	
1550.000000	0.788653	0.848151	0.834968	0.823924	0.834968	0.826041	
1560.000000	0.791517	0.851168	0.834623	0.825769	0.834623	0.826041	
1570.000000	0.791863	0.850248	0.833917	0.825343	0.833917	0.826041	
1580.000000	0.791134	0.847036	0.836641	0.824937	0.836641	0.826041	
1590.000000	0.792922	0.846936	0.834688	0.824849	0.834688	0.826041	
1600.000000	0.794061	0.847946	0.835182	0.825730	0.835182	0.826041	
1610.000000	0.795584	0.847862	0.830119	0.824522	0.830119	0.826041	
1620.000000	0.787150	0.847705	0.836598	0.823818	0.836598	0.826041	
1630.000000	0.791148	0.846342	0.828021	0.821837	0.828021	0.826041	
1640.000000	0.792071	0.853679	0.829704	0.825151	0.829704	0.826041	
1650.000000	0.786467	0.852274	0.835476	0.824739	0.835476	0.826041	
1660.000000	0.786352	0.851289	0.827976	0.821872	0.827976	0.826041	
1670.000000	0.783637	0.851727	0.834699	0.823354	0.834699	0.826041	
1680.000000	0.786202	0.853316	0.833699	0.824406	0.833699	0.826041	
1690.000000	0.786719	0.851547	0.833235	0.823834	0.833235	0.826041	
1700.000000	0.784240	0.847265	0.832156	0.821220	0.832156	0.826041	
1710.000000	0.783954	0.847253	0.830639	0.820615	0.830639	0.826041	
1720.000000	0.783958	0.846681	0.832248	0.820962	0.832248	0.826041	
1730.000000	0.782885	0.844027	0.836672	0.821195	0.836672	0.826041	
1740.000000	0.780909	0.842895	0.837934	0.820580	0.837934	0.826041	
1750.000000	0.784566	0.840847	0.833354	0.819589	0.833354	0.826041	
1760.000000	0.781522	0.840066	0.830609	0.817399	0.830609	0.826041	
1770.000000	0.782008	0.841088	0.840365	0.821154	0.840365	0.826041	
1780.000000	0.780742	0.844116	0.830456	0.818438	0.830456	0.826041	
1790.000000	0.787758	0.840246	0.832584	0.820196	0.832584	0.826041	
1800.000000	0.790032	0.847331	0.836028	0.824464	0.836028	0.826041	
1810.000000	0.791051	0.849195	0.837187	0.825811	0.837187	0.826041	
1820.000000	0.786620	0.853102	0.838258	0.825994	0.838258	0.826041	
1830.000000	0.786961	0.852665	0.840393	0.826673	0.840393	0.826673	
1840.000000	0.789502	0.853766	0.831800	0.825023	0.831800	0.826673	
1850.000000	0.792074	0.851490	0.827217	0.823594	0.827217	0.826673	
1860.000000	0.790943	0.855347	0.834175	0.826821	0.834175	0.826821	
1870.000000	0.788157	0.851057	0.830792	0.823335	0.830792	0.826821	
1880.000000	0.781421	0.855695	0.825706	0.820941	0.825706	0.826821	
1890.000000	0.787339	0.853872	0.826593	0.822601	0.826593	0.826821	
1900.000000	0.789064	0.852382	0.831905	0.824450	0.831905	0.826821	
1910.000000	0.780670	0.849466	0.835987	0.822041	0.835987	0.826821	
1920.000000	0.789149	0.852433	0.832268	0.824617	0.832268	0.826821	
1930.000000	0.791290	0.852502	0.832535	0.825442	0.832535	0.826821	
1940.000000	0.790608	0.849884	0.827684	0.822725	0.827684	0.826821	
1950.000000	0.792158	0.847868	0.830501	0.823509	0.830501	0.826821	
1960.000000	0.791810	0.847035	0.832692	0.823846	0.832692	0.826821	
1970.000000	0.786627	0.850221	0.829737	0.822195	0.829737	0.826821	
1980.000000	0.789460	0.849415	0.833455	0.824110	0.833455	0.826821	
1990.000000	0.788962	0.851014	0.833693	0.824556	0.833693	0.826821	
2000.000000	0.784247	0.854256	0.832454	0.823652	0.832454	0.826821	
2010.000000	0.783556	0.850577	0.833056	0.822396	0.833056	0.826821	
2020.000000	0.780688	0.852422	0.832836	0.821982	0.832836	0.826821	
2030.000000	0.784741	0.851837	0.827334	0.821304	0.827334	0.826821	
2040.000000	0.782159	0.846353	0.834078	0.820863	0.834078	0.826821	
2050.000000	0.781126	0.842731	0.835882	0.819913	0.835882	0.826821	
2060.000000	0.779205	0.845945	0.837846	0.820999	0.837846	0.826821	
2070.000000	0.781209	0.840123	0.835769	0.819034	0.835769	0.826821	
2080.000000	0.784628	0.839666	0.841077	0.821790	0.839666	0.826821	
2090.000000	0.783680	0.843729	0.839577	0.822329	0.839577	0.826821	
2100.000000	0.781741	0.839560	0.839069	0.820123	0.839069	0.826821	
2110.000000	0.785811	0.846090	0.837217	0.823039	0.837217	0.826821	
2120.000000	0.785186	0.846823	0.841200	0.824403	0.841200	0.826821	
2130.000000	0.784722	0.843402	0.839244	0.822456	0.839244	0.826821	
2140.000000	0.782255	0.841531	0.834687	0.819491	0.834687	0.826821	
2150.000000	0.786353	0.845064	0.836970	0.822796	0.836970	0.826821	
2160.000000	0.787165	0.847914	0.835887	0.823655	0.835887	0.826821	
2170.000000	0.786525	0.851415	0.838294	0.825411	0.838294	0.826821	
2180.000000	0.786723	0.848623	0.840287	0.825211	0.840287	0.826821	
2190.000000	0.789266	0.845975	0.840440	0.825227	0.840440	0.826821	
2200.000000	0.786391	0.850376	0.840482	0.825750	0.840482	0.826821	
2210.000000	0.791121	0.855283	0.838952	0.828452	0.838952	0.828452	
2220.000000	0.794113	0.857554	0.839522	0.830396	0.839522	0.830396	
2230.000000	0.787807	0.859342	0.836123	0.827757	0.836123	0.830396	
2240.000000	0.795568	0.861055	0.836500	0.831041	0.836500	0.831041	
2250.000000	0.792198	0.861095	0.840365	0.831220	0.840365	0.831220	
2260.000000	0.794148	0.863286	0.840329	0.832588	0.840329	0.832588	
2270.000000	0.793702	0.858401	0.844881	0.832328	0.844881	0.832588	
2280.000000	0.794898	0.853523	0.838101	0.828840	0.838101	0.832588	
2290.000000	0.792514	0.856211	0.841955	0.830227	0.841955	0.832588	
2300.000000	0.791989	0.852074	0.842159	0.828741	0.842159	0.832588	
2310.000000	0.789801	0.851948	0.840973	0.827574	0.840973	0.832588	
2320.000000	0.792061	0.854131	0.841328	0.829173	0.841328	0.832588	
2330.000000	0.793061	0.857305	0.839191	0.829852	0.839191	0.832588	
2340.000000	0.792466	0.857536	0.844754	0.831585	0.844754	0.832588	
2350.000000	0.788095	0.850720	0.840888	0.826567	0.840888	0.832588	
2360.000000	0.792509	0.857035	0.844177	0.831240	0.844177	0.832588	
2370.000000	0.793250	0.856012	0.844509	0.831257	0.844509	0.832588	
2380.000000	0.791054	0.859261	0.837299	0.829205	0.837299	0.832588	
2390.000000	0.792393	0.858455	0.841606	0.830818	0.841606	0.832588	
2400.000000	0.788064	0.857181	0.842378	0.829208	0.842378	0.832588	
2410.000000	0.791159	0.855819	0.841203	0.829394	0.841203	0.832588	
2420.000000	0.790355	0.856159	0.839013	0.828509	0.839013	0.832588	
2430.000000	0.787550	0.857918	0.839142	0.828203	0.839142	0.832588	
2440.000000	0.787768	0.854298	0.836229	0.826098	0.836229	0.832588	
2450.000000	0.791340	0.850210	0.836031	0.825860	0.836031	0.832588	
2460.000000	0.792586	0.852405	0.834767	0.826586	0.834767	0.832588	
2470.000000	0.791132	0.853395	0.834818	0.826448	0.834818	0.832588	
2480.000000	0.784837	0.850650	0.832523	0.822670	0.832523	0.832588	
2490.000000	0.787679	0.850886	0.835473	0.824679	0.835473	0.832588	
2500.000000	0.782943	0.843220	0.838380	0.821514	0.838380	0.832588	
2510.000000	0.783752	0.852867	0.838051	0.824890	0.838051	0.832588	
2520.000000	0.783331	0.851227	0.838222	0.824260	0.838222	0.832588	
2530.000000	0.781662	0.854333	0.833693	0.823229	0.833693	0.832588	
2540.000000	0.785626	0.856041	0.831394	0.824353	0.831394	0.832588	
2550.000000	0.786636	0.850967	0.837882	0.825162	0.837882	0.832588	
2560.000000	0.783349	0.851122	0.836239	0.823570	0.836239	0.832588	
2570.000000	0.779372	0.851442	0.832749	0.821188	0.832749	0.832588	
2580.000000	0.782061	0.851338	0.833222	0.822207	0.833222	0.832588	
2590.000000	0.786740	0.852528	0.832720	0.823996	0.832720	0.832588	
2600.000000	0.782542	0.847200	0.824606	0.818116	0.824606	0.832588	
2610.000000	0.787851	0.849483	0.834072	0.823802	0.834072	0.832588	
2620.000000	0.790362	0.842879	0.826338	0.819860	0.826338	0.832588	
2630.000000	0.785942	0.846883	0.831893	0.821573	0.831893	0.832588	
2640.000000	0.790514	0.847959	0.832748	0.823740	0.832748	0.832588	
2650.000000	0.792951	0.847107	0.833110	0.824389	0.833110	0.832588	
2660.000000	0.785799	0.840676	0.833427	0.819968	0.833427	0.832588	
2670.000000	0.788441	0.844339	0.834791	0.822524	0.834791	0.832588	
2680.000000	0.790521	0.842502	0.833258	0.822094	0.833258	0.832588	
2690.000000	0.786698	0.842197	0.832162	0.820352	0.832162	0.832588	
2700.000000	0.790423	0.844391	0.830946	0.821920	0.830946	0.832588	
2710.000000	0.788015	0.846852	0.832425	0.822430	0.832425	0.832588	
2720.000000	0.781908	0.848963	0.830227	0.820366	0.830227	0.832588	
2730.000000	0.788701	0.845949	0.829994	0.821548	0.829994	0.832588	
2740.000000	0.785920	0.845361	0.829512	0.820264	0.829512	0.832588	
2750.000000	0.786581	0.841521	0.833582	0.820562	0.833582	0.832588	
2760.000000	0.781875	0.836156	0.831800	0.816610	0.831800	0.832588	
2770.000000	0.777590	0.835047	0.838268	0.816968	0.835047	0.832588	
2780.000000	0.775654	0.831869	0.836959	0.814828	0.831869	0.832588	
2790.000000	0.783090	0.838144	0.834991	0.818742	0.834991	0.832588	
2800.000000	0.778839	0.833607	0.836995	0.816480	0.833607	0.832588	
2810.000000	0.776883	0.840796	0.837729	0.818469	0.837729	0.832588	
2820.000000	0.781457	0.839867	0.837833	0.819719	0.837833	0.832588	
2830.000000	0.780429	0.838797	0.834681	0.817969	0.834681	0.832588	
2840.000000	0.784146	0.845023	0.833533	0.820901	0.833533	0.832588	
2850.000000	0.788307	0.849164	0.837102	0.824858	0.837102	0.832588	
2860.000000	0.784080	0.853201	0.839078	0.825453	0.839078	0.832588	
2870.000000	0.784113	0.853426	0.835721	0.824420	0.835721	0.832588	
2880.000000	0.784850	0.855649	0.834082	0.824860	0.834082	0.832588	
2890.000000	0.778926	0.852849	0.833325	0.821700	0.833325	0.832588	
2900.000000	0.783630	0.855977	0.823542	0.821050	0.823542	0.832588	
2910.000000	0.780862	0.855978	0.832087	0.822976	0.832087	0.832588	
2920.000000	0.781876	0.857157	0.833627	0.824220	0.833627	0.832588	
2930.000000	0.780352	0.855866	0.830902	0.822374	0.830902	0.832588	
2940.000000	0.781277	0.853757	0.831574	0.822203	0.831574	0.832588	
2950.000000	0.788787	0.852650	0.833934	0.825124	0.833934	0.832588	
2960.000000	0.786708	0.853919	0.836115	0.825580	0.836115	0.832588	
2970.000000	0.786105	0.847708	0.837145	0.823652	0.837145	0.832588	
2980.000000	0.776751	0.847088	0.837987	0.820609	0.837987	0.832588	
2990.000000	0.785257	0.846944	0.840653	0.824285	0.840653	0.832588	
3000.000000	0.787624	0.845950	0.840415	0.824663	0.840415	0.832588	
3010.000000	0.784667	0.847522	0.842684	0.824958	0.842684	0.832588	
3020.000000	0.787519	0.847196	0.835381	0.823365	0.835381	0.832588	
3030.000000	0.789693	0.850784	0.835502	0.825326	0.835502	0.832588	
3040.000000	0.790947	0.851576	0.837599	0.826708	0.837599	0.832588	
3050.000000	0.791314	0.848321	0.840382	0.826672	0.840382	0.832588	
3060.000000	0.786042	0.850258	0.841550	0.825950	0.841550	0.832588	
3070.000000	0.785289	0.851025	0.838567	0.824960	0.838567	0.832588	
3080.000000	0.785113	0.854548	0.833443	0.824368	0.833443	0.832588	
3090.000000	0.789972	0.852547	0.833547	0.825355	0.833547	0.832588	
3100.000000	0.784390	0.850585	0.833421	0.822799	0.833421	0.832588	
3110.000000	0.783631	0.853893	0.828251	0.821925	0.828251	0.832588	
3120.000000	0.788996	0.850432	0.830263	0.823231	0.830263	0.832588	
3130.000000	0.791306	0.845641	0.834506	0.823818	0.834506	0.832588	
3140.000000	0.786556	0.848387	0.838217	0.824386	0.838217	0.832588	
3150.000000	0.794189	0.847902	0.843015	0.828369	0.843015	0.832588	
3160.000000	0.789269	0.850312	0.841156	0.826912	0.841156	0.832588	
3170.000000	0.785576	0.850878	0.836814	0.824423	0.836814	0.832588	
3180.000000	0.786845	0.850799	0.842018	0.826554	0.842018	0.832588	
3190.000000	0.793215	0.852163	0.838634	0.828004	0.838634	0.832588	
3200.000000	0.792098	0.855583	0.838036	0.828572	0.838036	0.832588	
3210.000000	0.793149	0.852743	0.844037	0.829976	0.844037	0.832588	
3220.000000	0.789126	0.851183	0.838892	0.826400	0.838892	0.832588	
3230.000000	0.786369	0.844290	0.836775	0.822478	0.836775	0.832588	
3240.000000	0.784371	0.841147	0.842628	0.822715	0.841147	0.832588	
3250.000000	0.784590	0.843818	0.844704	0.824370	0.843818	0.832588	
3260.000000	0.784253	0.843234	0.843320	0.823602	0.843234	0.832588	
3270.000000	0.788079	0.844659	0.843266	0.825335	0.843266	0.832588	
3280.000000	0.788368	0.849707	0.842815	0.826963	0.842815	0.832588	
3290.000000	0.790053	0.848692	0.846937	0.828561	0.846937	0.832588	
3300.000000	0.793598	0.850059	0.847144	0.830267	0.847144	0.832588	
3310.000000	0.794899	0.844874	0.850276	0.830016	0.844874	0.832588	
3320.000000	0.794637	0.841530	0.846443	0.827537	0.841530	0.832588	
3330.000000	0.792974	0.849700	0.844601	0.829092	0.844601	0.832588	
3340.000000	0.793686	0.842733	0.840750	0.825723	0.840750	0.832588	
3350.000000	0.786377	0.846606	0.841760	0.824914	0.841760	0.832588	
3360.000000	0.788872	0.846242	0.837750	0.824288	0.837750	0.832588	
3370.000000	0.785647	0.838757	0.839721	0.821375	0.838757	0.832588	
3380.000000	0.786674	0.839029	0.835440	0.820381	0.835440	0.832588	
3390.000000	0.786929	0.844237	0.833404	0.821523	0.833404	0.832588	
3400.000000	0.786287	0.845902	0.830696	0.820962	0.830696	0.832588	
3410.000000	0.787138	0.849711	0.837108	0.824652	0.837108	0.832588	
3420.000000	0.788225	0.849180	0.835503	0.824303	0.835503	0.832588	
3430.000000	0.792692	0.855802	0.836958	0.828484	0.836958	0.832588	
3440.000000	0.791534	0.853627	0.836543	0.827235	0.836543	0.832588	
3450.000000	0.791746	0.854324	0.832759	0.826276	0.832759	0.832588	
3460.000000	0.792599	0.854965	0.834604	0.827389	0.834604	0.832588	
3470.000000	0.794095	0.849820	0.838800	0.827572	0.838800	0.832588	
3480.000000	0.792725	0.848783	0.839095	0.826868	0.839095	0.832588	
3490.000000	0.791638	0.846286	0.844949	0.827624	0.844949	0.832588	
3500.000000	0.787792	0.845759	0.842461	0.825338	0.842461	0.832588	
3510.000000	0.792503	0.847416	0.842495	0.827471	0.842495	0.832588	
3520.000000	0.792915	0.847850	0.842257	0.827674	0.842257	0.832588	
3530.000000	0.794049	0.841637	0.841867	0.825851	0.841637	0.832588	
3540.000000	0.789493	0.846679	0.840017	0.825396	0.840017	0.832588	
3550.000000	0.792965	0.842243	0.841650	0.825619	0.841650	0.832588	
3560.000000	0.787802	0.844749	0.833776	0.822109	0.833776	0.832588	
3570.000000	0.789109	0.844826	0.833134	0.822356	0.833134	0.832588	
3580.000000	0.789238	0.842065	0.836129	0.822477	0.836129	0.832588	
3590.000000	0.783903	0.842025	0.831835	0.819254	0.831835	0.832588	
3600.000000	0.787895	0.846688	0.831093	0.821892	0.831093	0.832588	
3610.000000	0.788158	0.847741	0.842744	0.826214	0.842744	0.832588	
3620.000000	0.788316	0.852091	0.836186	0.825531	0.836186	0.832588	
3630.000000	0.791212	0.852454	0.837294	0.826987	0.837294	0.832588	
3640.000000	0.793372	0.851200	0.844558	0.829710	0.844558	0.832588	
3650.000000	0.793657	0.853968	0.843288	0.830304	0.843288	0.832588	
3660.000000	0.795975	0.853239	0.834764	0.827993	0.834764	0.832588	
3670.000000	0.798872	0.855101	0.839634	0.831202	0.839634	0.832588	
3680.000000	0.795948	0.854897	0.841566	0.830804	0.841566	0.832588	
3690.000000	0.794061	0.854381	0.843105	0.830516	0.843105	0.832588	
3700.000000	0.793433	0.853952	0.842837	0.830074	0.842837	0.832588	
3710.000000	0.789979	0.850868	0.845304	0.828717	0.845304	0.832588	
3720.000000	0.789827	0.849228	0.843864	0.827640	0.843864	0.832588	
3730.000000	0.788247	0.852850	0.837060	0.826052	0.837060	0.832588	
3740.000000	0.790735	0.849996	0.838426	0.826386	0.838426	0.832588	
3750.000000	0.792462	0.853149	0.839323	0.828311	0.839323	0.832588	
3760.000000	0.787466	0.852179	0.835797	0.825147	0.835797	0.832588	
3770.000000	0.788591	0.852613	0.836137	0.825780	0.836137	0.832588	
3780.000000	0.789762	0.848510	0.847097	0.828456	0.847097	0.832588	
3790.000000	0.784589	0.844749	0.840024	0.823120	0.840024	0.832588	
3800.000000	0.790859	0.844684	0.844915	0.826820	0.844684	0.832588	
3810.000000	0.791811	0.846076	0.839660	0.825849	0.839660	0.832588	
3820.000000	0.791190	0.844952	0.843472	0.826538	0.843472	0.832588	
3830.000000	0.787542	0.846382	0.832647	0.822191	0.832647	0.832588	
3840.000000	0.790788	0.844096	0.837374	0.824086	0.837374	0.832588	
3850.000000	0.784100	0.846606	0.838743	0.823149	0.838743	0.832588	
3860.000000	0.793422	0.851299	0.835163	0.826628	0.835163	0.832588	
3870.000000	0.792390	0.848021	0.841869	0.827427	0.841869	0.832588	
3880.000000	0.792398	0.843955	0.840978	0.825777	0.840978	0.832588	
3890.000000	0.792651	0.856391	0.841766	0.830269	0.841766	0.832588	
3900.000000	0.790589	0.851939	0.837260	0.826596	0.837260	0.832588	
3910.000000	0.789253	0.854361	0.839961	0.827858	0.839961	0.832588	
3920.000000	0.792725	0.854848	0.842515	0.830029	0.842515	0.832588	
3930.000000	0.793699	0.854935	0.843881	0.830838	0.843881	0.832588	
3940.000000	0.791266	0.858315	0.837761	0.829114	0.837761	0.832588	
3950.000000	0.790434	0.859079	0.841016	0.830177	0.841016	0.832588	
3960.000000	0.790125	0.858158	0.847048	0.831777	0.847048	0.832588	
3970.000000	0.791808	0.850836	0.851484	0.831376	0.850836	0.832588	
3980.000000	0.791924	0.855701	0.849696	0.832441	0.849696	0.832588	
3990.000000	0.794402	0.859611	0.843270	0.832428	0.843270	0.832588	
4000.000000	0.790113	0.856932	0.843479	0.830175	0.843479	0.832588	
4010.000000	0.796478	0.857943	0.844067	0.832829	0.844067	0.832829	
4020.000000	0.795596	0.855513	0.844256	0.831788	0.844256	0.832829	
4030.000000	0.793977	0.859409	0.841757	0.831714	0.841757	0.832829	
4040.000000	0.795601	0.860289	0.838498	0.831463	0.838498	0.832829	
4050.000000	0.791714	0.857486	0.842707	0.830635	0.842707	0.832829	
4060.000000	0.795059	0.858194	0.842903	0.832052	0.842903	0.832829	
4070.000000	0.795687	0.858507	0.843340	0.832511	0.843340	0.832829	
4080.000000	0.794326	0.859569	0.844867	0.832920	0.844867	0.832920	
4090.000000	0.794098	0.856201	0.840983	0.830427	0.840983	0.832920	
4100.000000	0.789876	0.854922	0.841869	0.828889	0.841869	0.832920	
4110.000000	0.791767	0.854252	0.845567	0.830529	0.845567	0.832920	
4120.000000	0.792711	0.850181	0.845358	0.829416	0.845358	0.832920	
4130.000000	0.786940	0.847665	0.846703	0.827103	0.846703	0.832920	
4140.000000	0.787107	0.849443	0.843562	0.826704	0.843562	0.832920	
4150.000000	0.786753	0.848702	0.843762	0.826406	0.843762	0.832920	
4160.000000	0.787961	0.851235	0.841726	0.826974	0.841726	0.832920	
4170.000000	0.786688	0.851758	0.840100	0.826182	0.840100	0.832920	
4180.000000	0.788870	0.847497	0.846304	0.827557	0.846304	0.832920	
4190.000000	0.782530	0.845450	0.848020	0.825333	0.845450	0.832920	
4200.000000	0.785484	0.846318	0.846120	0.825974	0.846120	0.832920	
4210.000000	0.791579	0.848119	0.838951	0.826216	0.838951	0.832920	
4220.000000	0.789226	0.854059	0.841620	0.828302	0.841620	0.832920	
4230.000000	0.796410	0.854183	0.842521	0.831038	0.842521	0.832920	
4240.000000	0.793308	0.848174	0.841658	0.827713	0.841658	0.832920	
4250.000000	0.794469	0.851947	0.839673	0.828696	0.839673	0.832920	
4260.000000	0.793240	0.855654	0.836400	0.828431	0.836400	0.832920	
4270.000000	0.793641	0.859313	0.839658	0.830871	0.839658	0.832920	
4280.000000	0.797337	0.855651	0.843425	0.832138	0.843425	0.832920	
4290.000000	0.793501	0.851880	0.843790	0.829724	0.843790	0.832920	
4300.000000	0.794025	0.852247	0.836318	0.827530	0.836318	0.832920	
4310.000000	0.796403	0.854214	0.837516	0.829377	0.837516	0.832920	
4320.000000	0.787722	0.853452	0.841636	0.827604	0.841636	0.832920	
4330.000000	0.787392	0.853652	0.839477	0.826840	0.839477	0.832920	
4340.000000	0.792948	0.855516	0.834931	0.827798	0.834931	0.832920	
4350.000000	0.791860	0.854805	0.837561	0.828076	0.837561	0.832920	
4360.000000	0.787091	0.852466	0.839083	0.826213	0.839083	0.832920	
4370.000000	0.785341	0.851655	0.832927	0.823307	0.832927	0.832920	
4380.000000	0.786375	0.854575	0.836233	0.825728	0.836233	0.832920	
4390.000000	0.785629	0.849412	0.842738	0.825926	0.842738	0.832920	
4400.000000	0.787929	0.848918	0.839332	0.825393	0.839332	0.832920	
4410.000000	0.788170	0.859198	0.838621	0.828663	0.838621	0.832920	
4420.000000	0.791430	0.850535	0.836540	0.826168	0.836540	0.832920	
4430.000000	0.787413	0.849095	0.842119	0.826209	0.842119	0.832920	
4440.000000	0.793529	0.848749	0.840479	0.827586	0.840479	0.832920	
4450.000000	0.791976	0.843259	0.847909	0.827715	0.843259	0.832920	
4460.000000	0.791173	0.846721	0.847828	0.828574	0.846721	0.832920	
4470.000000	0.785201	0.845440	0.846045	0.825562	0.845440	0.832920	
4480.000000	0.789763	0.852250	0.841017	0.827677	0.841017	0.832920	
4490.000000	0.793544	0.849395	0.846593	0.829844	0.846593	0.832920	
4500.000000	0.793520	0.856491	0.844808	0.831606	0.844808	0.832920	
4510.000000	0.792450	0.855142	0.845597	0.831063	0.845597	0.832920	
4520.000000	0.790336	0.854286	0.842456	0.829026	0.842456	0.832920	
4530.000000	0.792980	0.852873	0.837998	0.827950	0.837998	0.832920	
4540.000000	0.791525	0.850047	0.839902	0.827158	0.839902	0.832920	
4550.000000	0.787892	0.845569	0.843047	0.825503	0.843047	0.832920	
4560.000000	0.785198	0.846373	0.847253	0.826275	0.846373	0.832920	
4570.000000	0.792109	0.844211	0.846922	0.827747	0.844211	0.832920	
4580.000000	0.784455	0.845037	0.843772	0.824421	0.843772	0.832920	
4590.000000	0.790396	0.852844	0.839447	0.827562	0.839447	0.832920	
4600.000000	0.787769	0.855284	0.845635	0.829562	0.845635	0.832920	
4610.000000	0.783450	0.854708	0.839757	0.825972	0.839757	0.832920	
4620.000000	0.788582	0.854391	0.836664	0.826546	0.836664	0.832920	
4630.000000	0.788576	0.856465	0.835054	0.826699	0.835054	0.832920	
4640.000000	0.789013	0.850916	0.837700	0.825876	0.837700	0.832920	
4650.000000	0.785431	0.850924	0.835368	0.823908	0.835368	0.832920	
4660.000000	0.786133	0.851020	0.833807	0.823653	0.833807	0.832920	
4670.000000	0.790300	0.854936	0.833633	0.826290	0.833633	0.832920	
4680.000000	0.790977	0.855873	0.828692	0.825181	0.828692	0.832920	
4690.000000	0.786442	0.854823	0.829924	0.823730	0.829924	0.832920	
4700.000000	0.787906	0.850173	0.838887	0.825655	0.838887	0.832920	
4710.000000	0.788026	0.849120	0.841258	0.826135	0.841258	0.832920	
4720.000000	0.786734	0.849389	0.836849	0.824324	0.836849	0.832920	
4730.000000	0.780349	0.847737	0.839355	0.822480	0.839355	0.832920	
4740.000000	0.789519	0.855363	0.836948	0.827277	0.836948	0.832920	
4750.000000	0.793976	0.856209	0.833967	0.828050	0.833967	0.832920	
4760.000000	0.795236	0.859488	0.836375	0.830366	0.836375	0.832920	
4770.000000	0.792290	0.852358	0.828230	0.824293	0.828230	0.832920	
4780.000000	0.797851	0.855413	0.836238	0.829834	0.836238	0.832920	
4790.000000	0.793737	0.854762	0.841498	0.829999	0.841498	0.832920	
4800.000000	0.796499	0.855167	0.841975	0.831214	0.841975	0.832920	
4810.000000	0.794331	0.855688	0.843548	0.831189	0.843548	0.832920	
4820.000000	0.795439	0.852215	0.839861	0.829172	0.839861	0.832920	
4830.000000	0.793459	0.845749	0.841151	0.826786	0.841151	0.832920	
4840.000000	0.794997	0.849299	0.837090	0.827129	0.837090	0.832920	
4850.000000	0.794033	0.848444	0.838759	0.827079	0.838759	0.832920	
4860.000000	0.791833	0.851865	0.827180	0.823626	0.827180	0.832920	
4870.000000	0.792163	0.852251	0.841089	0.828501	0.841089	0.832920	
4880.000000	0.788371	0.852958	0.833967	0.825099	0.833967	0.832920	
4890.000000	0.789386	0.854159	0.832913	0.825486	0.832913	0.832920	
4900.000000	0.789780	0.857462	0.832899	0.826714	0.832899	0.832920	
4910.000000	0.791732	0.865025	0.831018	0.829258	0.831018	0.832920	
4920.000000	0.783328	0.859577	0.838122	0.827009	0.838122	0.832920	
4930.000000	0.788733	0.856398	0.833649	0.826260	0.833649	0.832920	
4940.000000	0.786418	0.858559	0.837482	0.827487	0.837482	0.832920	
4950.000000	0.788174	0.851212	0.842933	0.827440	0.842933	0.832920	
4960.000000	0.786421	0.844917	0.844272	0.825203	0.844272	0.832920	
4970.000000	0.780974	0.847952	0.843199	0.824042	0.843199	0.832920	
4980.000000	0.778991	0.855819	0.842037	0.825616	0.842037	0.832920	
4990.000000	0.784475	0.854022	0.841806	0.826768	0.841806	0.832920	
5000.000000	0.784643	0.854273	0.842765	0.827227	0.842765	0.832920	
