Epoch	AUC-21	AUC-22	AUC-23	AUC-24	AUC-25	AUC-26	AUC-Avg	AUC-Mid	AUC-Best	
1.000000	0.462027	0.478283	0.503435	0.475196	0.422612	0.480897	0.470408	0.476739	0.470408	
10.000000	0.527114	0.487355	0.539508	0.504224	0.547765	0.487126	0.515515	0.515669	0.515515	
20.000000	0.545556	0.497018	0.550576	0.546028	0.630921	0.529149	0.549875	0.545792	0.549875	
30.000000	0.562294	0.521906	0.563528	0.557674	0.657210	0.543807	0.567737	0.559984	0.567737	
40.000000	0.592408	0.516625	0.576377	0.584610	0.687751	0.545013	0.583797	0.580494	0.583797	
50.000000	0.609936	0.540310	0.585923	0.602562	0.733163	0.554685	0.604430	0.594242	0.604430	
60.000000	0.607899	0.549069	0.587506	0.601787	0.738969	0.560408	0.607606	0.594646	0.607606	
70.000000	0.605503	0.549490	0.590458	0.587378	0.738164	0.562424	0.605570	0.588918	0.607606	
80.000000	0.615133	0.547383	0.603269	0.610585	0.734037	0.572568	0.613829	0.606927	0.613829	
90.000000	0.626607	0.541221	0.595198	0.609015	0.737950	0.567478	0.612912	0.602107	0.613829	
100.000000	0.621558	0.545728	0.606062	0.616665	0.745669	0.574407	0.618348	0.611363	0.618348	
110.000000	0.641585	0.532425	0.602167	0.614542	0.754048	0.586149	0.621819	0.608354	0.621819	
120.000000	0.629542	0.535339	0.609898	0.626235	0.761767	0.585117	0.624650	0.618066	0.624650	
130.000000	0.643497	0.548895	0.608382	0.626602	0.765082	0.592829	0.630881	0.617492	0.630881	
140.000000	0.647825	0.550730	0.616455	0.630273	0.764837	0.592132	0.633709	0.623364	0.633709	
150.000000	0.644545	0.564714	0.611229	0.623602	0.769234	0.592266	0.634265	0.617415	0.634265	
160.000000	0.641545	0.556433	0.612351	0.629741	0.769290	0.595035	0.634066	0.621046	0.634265	
170.000000	0.649978	0.554821	0.619807	0.640174	0.764050	0.595437	0.637378	0.629991	0.637378	
180.000000	0.651527	0.552292	0.617818	0.634497	0.775984	0.602404	0.639087	0.626158	0.639087	
190.000000	0.656170	0.573101	0.619890	0.638802	0.773071	0.603466	0.644083	0.629346	0.644083	
200.000000	0.660935	0.566865	0.627703	0.630197	0.761031	0.611554	0.643048	0.628950	0.644083	
210.000000	0.651737	0.570665	0.617895	0.642685	0.757451	0.605064	0.640916	0.630290	0.644083	
220.000000	0.664280	0.568353	0.626586	0.651249	0.780035	0.610415	0.650153	0.638917	0.650153	
230.000000	0.666741	0.572767	0.620051	0.646005	0.772637	0.610196	0.648066	0.633028	0.650153	
240.000000	0.663548	0.571700	0.622580	0.645767	0.769772	0.610503	0.647312	0.634174	0.650153	
250.000000	0.673808	0.585809	0.625347	0.660925	0.778330	0.612565	0.656131	0.643136	0.656131	
260.000000	0.662494	0.570380	0.622605	0.650731	0.780129	0.607354	0.648949	0.636668	0.656131	
270.000000	0.664218	0.573331	0.626286	0.653706	0.783451	0.609680	0.651779	0.639996	0.656131	
280.000000	0.672455	0.573486	0.617222	0.647942	0.781972	0.610492	0.650595	0.632582	0.656131	
290.000000	0.677491	0.571223	0.626243	0.651885	0.786061	0.615515	0.654736	0.639064	0.656131	
300.000000	0.678779	0.575643	0.624678	0.654122	0.780658	0.613080	0.654493	0.639400	0.656131	
310.000000	0.678415	0.573951	0.619930	0.650821	0.793774	0.629273	0.657694	0.640047	0.657694	
320.000000	0.687571	0.578432	0.620735	0.665450	0.793377	0.623242	0.661468	0.644346	0.661468	
330.000000	0.690037	0.579839	0.626140	0.659972	0.793767	0.626281	0.662673	0.643127	0.662673	
340.000000	0.688582	0.580230	0.629645	0.670974	0.807506	0.627048	0.667331	0.650309	0.667331	
350.000000	0.694623	0.560729	0.633208	0.664737	0.803474	0.642943	0.666619	0.653840	0.667331	
360.000000	0.697734	0.562390	0.636956	0.667208	0.806323	0.634284	0.667483	0.652082	0.667483	
370.000000	0.692306	0.570857	0.632956	0.666309	0.808280	0.640536	0.668541	0.653422	0.668541	
380.000000	0.693424	0.560977	0.625482	0.664749	0.804188	0.639469	0.664715	0.652109	0.668541	
390.000000	0.698020	0.581569	0.636310	0.673648	0.804078	0.633677	0.671217	0.654979	0.671217	
400.000000	0.691190	0.583633	0.632825	0.666463	0.798976	0.636246	0.668222	0.651354	0.671217	
410.000000	0.679965	0.594338	0.628146	0.662885	0.791880	0.630026	0.664540	0.646456	0.671217	
420.000000	0.682618	0.602452	0.640442	0.673345	0.801241	0.635137	0.672539	0.656893	0.672539	
430.000000	0.690441	0.595367	0.642627	0.669357	0.788414	0.628735	0.669157	0.655992	0.672539	
440.000000	0.689284	0.591865	0.646232	0.670830	0.800064	0.637511	0.672631	0.658531	0.672631	
450.000000	0.687722	0.597053	0.648954	0.682783	0.801687	0.642224	0.676737	0.665868	0.676737	
460.000000	0.695459	0.590836	0.652990	0.686280	0.798133	0.640990	0.677448	0.669635	0.677448	
470.000000	0.695523	0.592571	0.653834	0.680546	0.795283	0.641874	0.676605	0.667190	0.677448	
480.000000	0.699368	0.604151	0.651797	0.680338	0.804159	0.643683	0.680583	0.666067	0.680583	
490.000000	0.697881	0.603481	0.650267	0.680715	0.812740	0.644266	0.681558	0.665491	0.681558	
500.000000	0.696541	0.603760	0.649741	0.677136	0.807047	0.646966	0.680199	0.663438	0.681558	
510.000000	0.700882	0.598026	0.651421	0.678651	0.812060	0.649537	0.681763	0.665036	0.681763	
520.000000	0.708742	0.603277	0.652705	0.675232	0.812020	0.646587	0.683094	0.663969	0.683094	
530.000000	0.694005	0.608322	0.658277	0.681811	0.807116	0.642709	0.682040	0.670044	0.683094	
540.000000	0.700533	0.598820	0.657954	0.683229	0.808406	0.648132	0.682846	0.670591	0.683094	
550.000000	0.702407	0.603308	0.657724	0.691390	0.804216	0.645631	0.684112	0.674557	0.684112	
560.000000	0.705420	0.598504	0.659929	0.688376	0.806600	0.649264	0.684682	0.674152	0.684682	
570.000000	0.710358	0.610603	0.648881	0.676178	0.795195	0.648765	0.681664	0.662530	0.684682	
580.000000	0.704782	0.618538	0.649711	0.676054	0.803870	0.653205	0.684360	0.664629	0.684682	
590.000000	0.706261	0.618780	0.646198	0.677270	0.808619	0.656255	0.685564	0.666763	0.685564	
600.000000	0.709847	0.612463	0.649132	0.674686	0.805468	0.653175	0.684129	0.663931	0.685564	
610.000000	0.721675	0.605446	0.653325	0.676435	0.800794	0.665608	0.687214	0.671022	0.687214	
620.000000	0.721638	0.602279	0.667419	0.689396	0.807814	0.654724	0.690545	0.678407	0.690545	
630.000000	0.717128	0.604578	0.664540	0.687157	0.806109	0.657784	0.689549	0.675848	0.690545	
640.000000	0.712443	0.601591	0.659461	0.688334	0.806619	0.656252	0.687450	0.673897	0.690545	
650.000000	0.719526	0.597450	0.662182	0.687175	0.810997	0.649544	0.687812	0.674679	0.690545	
660.000000	0.712090	0.603363	0.660199	0.689179	0.800530	0.646861	0.685370	0.674689	0.690545	
670.000000	0.716168	0.606413	0.660868	0.690236	0.799680	0.645485	0.686475	0.675552	0.690545	
680.000000	0.709946	0.613641	0.658778	0.680971	0.803335	0.645397	0.685345	0.669875	0.690545	
690.000000	0.713646	0.603357	0.657452	0.682806	0.807865	0.650276	0.685900	0.670129	0.690545	
700.000000	0.714301	0.610449	0.667627	0.692646	0.811224	0.653708	0.691659	0.680137	0.691659	
710.000000	0.720681	0.607535	0.656028	0.685852	0.807437	0.656296	0.688971	0.671074	0.691659	
720.000000	0.705847	0.612643	0.660537	0.689021	0.811601	0.653285	0.688822	0.674779	0.691659	
730.000000	0.719001	0.615315	0.667615	0.692333	0.806946	0.647489	0.691450	0.679974	0.691659	
740.000000	0.709442	0.604430	0.666391	0.688704	0.807387	0.648876	0.687538	0.677547	0.691659	
750.000000	0.722091	0.610449	0.669060	0.694975	0.810739	0.655335	0.693775	0.682017	0.693775	
760.000000	0.722140	0.608118	0.668647	0.695045	0.815363	0.654059	0.693895	0.681846	0.693895	
770.000000	0.717267	0.606317	0.670506	0.693414	0.809337	0.646019	0.690476	0.681960	0.693895	
780.000000	0.723448	0.613511	0.673401	0.695778	0.808789	0.658959	0.695648	0.684589	0.695648	
790.000000	0.726544	0.619009	0.673343	0.698769	0.821836	0.660758	0.700043	0.686056	0.700043	
800.000000	0.728591	0.614174	0.675043	0.700802	0.812048	0.663516	0.699029	0.687923	0.700043	
810.000000	0.723203	0.619375	0.670557	0.695210	0.817187	0.671834	0.699561	0.683522	0.700043	
820.000000	0.722526	0.618668	0.673738	0.697416	0.817445	0.659233	0.698171	0.685577	0.700043	
830.000000	0.735551	0.611453	0.673944	0.699037	0.815665	0.664755	0.700068	0.686491	0.700068	
840.000000	0.732280	0.616027	0.674271	0.696773	0.819741	0.665529	0.700770	0.685522	0.700770	
850.000000	0.726610	0.617007	0.673607	0.696028	0.812708	0.663671	0.698272	0.684817	0.700770	
860.000000	0.716765	0.631394	0.674942	0.701584	0.811035	0.656025	0.698624	0.688263	0.700770	
870.000000	0.715948	0.645949	0.676688	0.704624	0.811639	0.661371	0.702703	0.690656	0.702703	
880.000000	0.720858	0.638746	0.671380	0.708551	0.811626	0.663217	0.702396	0.689966	0.702703	
890.000000	0.722740	0.643103	0.672460	0.702724	0.809689	0.663792	0.702418	0.687592	0.702703	
900.000000	0.728313	0.638454	0.678750	0.710400	0.811733	0.666742	0.705732	0.694575	0.705732	
910.000000	0.720717	0.637246	0.675376	0.698970	0.816005	0.665422	0.702289	0.687173	0.705732	
920.000000	0.723472	0.642390	0.685323	0.709141	0.808877	0.665474	0.705780	0.697232	0.705780	
930.000000	0.714115	0.634090	0.677031	0.699703	0.799385	0.666314	0.698440	0.688367	0.705780	
940.000000	0.725349	0.641337	0.681759	0.708156	0.805902	0.667245	0.704958	0.694957	0.705780	
950.000000	0.736202	0.636452	0.683144	0.709067	0.809475	0.670950	0.707548	0.696105	0.707548	
960.000000	0.727637	0.638473	0.679330	0.714790	0.815898	0.669087	0.707536	0.697060	0.707548	
970.000000	0.730072	0.633099	0.683714	0.707073	0.825459	0.672224	0.708607	0.695394	0.708607	
980.000000	0.733065	0.633136	0.676197	0.707338	0.818584	0.672855	0.706862	0.691767	0.708607	
990.000000	0.735589	0.625449	0.675368	0.707457	0.825736	0.669625	0.706538	0.691413	0.708607	
1000.000000	0.731121	0.631115	0.672273	0.703812	0.815923	0.660450	0.702449	0.688043	0.708607	
1010.000000	0.727907	0.634692	0.668683	0.701790	0.812985	0.667736	0.702299	0.685237	0.708607	
1020.000000	0.728678	0.635442	0.673779	0.700208	0.806795	0.671775	0.702779	0.686994	0.708607	
1030.000000	0.730232	0.639675	0.675333	0.705514	0.812237	0.665205	0.704699	0.690423	0.708607	
1040.000000	0.720657	0.635222	0.680296	0.709285	0.816432	0.656735	0.703105	0.694790	0.708607	
1050.000000	0.728411	0.647101	0.681447	0.713231	0.811991	0.660864	0.707174	0.697339	0.708607	
1060.000000	0.729619	0.648571	0.679757	0.710312	0.820113	0.665751	0.709020	0.695034	0.709020	
1070.000000	0.734751	0.654608	0.676510	0.710152	0.825598	0.663984	0.710934	0.693331	0.710934	
1080.000000	0.726561	0.650827	0.679945	0.710413	0.816791	0.667601	0.708690	0.695179	0.710934	
1090.000000	0.722386	0.646240	0.680344	0.711445	0.818867	0.663078	0.707060	0.695894	0.710934	
1100.000000	0.729045	0.657044	0.677483	0.710145	0.818741	0.670723	0.710530	0.693814	0.710934	
1110.000000	0.726997	0.641417	0.682922	0.708514	0.828479	0.670421	0.709792	0.695718	0.710934	
1120.000000	0.734151	0.632113	0.687622	0.717324	0.832857	0.673585	0.712942	0.702473	0.712942	
1130.000000	0.736136	0.639235	0.682448	0.717142	0.831826	0.674433	0.713537	0.699795	0.713537	
1140.000000	0.735807	0.648701	0.687944	0.712618	0.825887	0.671556	0.713752	0.700281	0.713752	
1150.000000	0.737027	0.654621	0.684055	0.714991	0.828391	0.667802	0.714481	0.699523	0.714481	
1160.000000	0.727566	0.639458	0.688272	0.714209	0.834468	0.668534	0.712085	0.701240	0.714481	
1170.000000	0.723679	0.648447	0.687564	0.715942	0.831033	0.663501	0.711694	0.701753	0.714481	
1180.000000	0.724735	0.629299	0.691691	0.720899	0.835009	0.668252	0.711647	0.706295	0.714481	
1190.000000	0.725584	0.645862	0.687743	0.722722	0.830360	0.663807	0.712680	0.705233	0.714481	
1200.000000	0.725008	0.646860	0.684445	0.720756	0.830171	0.667260	0.712417	0.702601	0.714481	
1210.000000	0.727652	0.637332	0.686920	0.719921	0.835946	0.674392	0.713694	0.703420	0.714481	
1220.000000	0.728288	0.638851	0.684842	0.719335	0.829467	0.670653	0.711906	0.702089	0.714481	
1230.000000	0.730164	0.635659	0.682981	0.721165	0.840287	0.661863	0.712020	0.702073	0.714481	
1240.000000	0.727059	0.630470	0.685634	0.716961	0.830379	0.661398	0.708650	0.701298	0.714481	
1250.000000	0.721844	0.632057	0.681709	0.716499	0.831216	0.663719	0.707841	0.699104	0.714481	
1260.000000	0.728307	0.638175	0.682018	0.718392	0.831650	0.665852	0.710732	0.700205	0.714481	
1270.000000	0.731330	0.632559	0.674960	0.709231	0.826334	0.665538	0.706659	0.692096	0.714481	
1280.000000	0.738895	0.642099	0.676831	0.714839	0.829228	0.670317	0.712035	0.695835	0.714481	
1290.000000	0.736934	0.647449	0.679654	0.717219	0.831951	0.672820	0.714338	0.698437	0.714481	
1300.000000	0.739746	0.649228	0.675917	0.711454	0.829140	0.672956	0.713074	0.693686	0.714481	
1310.000000	0.740849	0.650647	0.678127	0.712876	0.829636	0.672535	0.714112	0.695501	0.714481	
1320.000000	0.736217	0.653728	0.681019	0.717553	0.829781	0.665591	0.713982	0.699286	0.714481	
1330.000000	0.729643	0.648223	0.680946	0.720538	0.834839	0.664778	0.713161	0.700742	0.714481	
1340.000000	0.730887	0.653635	0.687867	0.724473	0.838613	0.667504	0.717163	0.706170	0.717163	
1350.000000	0.737331	0.656747	0.686129	0.724313	0.835852	0.677055	0.719571	0.705221	0.719571	
1360.000000	0.734644	0.660007	0.682321	0.717018	0.832996	0.677011	0.717333	0.699669	0.719571	
1370.000000	0.734723	0.663051	0.684877	0.713899	0.835028	0.680139	0.718620	0.699388	0.719571	
1380.000000	0.739770	0.649618	0.684881	0.717804	0.829938	0.673211	0.715870	0.701343	0.719571	
1390.000000	0.741321	0.651019	0.687562	0.717864	0.829643	0.669264	0.716112	0.702713	0.719571	
1400.000000	0.742117	0.639118	0.691715	0.724309	0.831524	0.671936	0.716786	0.708012	0.719571	
1410.000000	0.744987	0.647746	0.692267	0.722161	0.832769	0.679700	0.719938	0.707214	0.719938	
1420.000000	0.738203	0.649277	0.682797	0.715137	0.816294	0.673708	0.712569	0.698967	0.719938	
1430.000000	0.744120	0.654943	0.683086	0.714730	0.813727	0.673717	0.714054	0.698908	0.719938	
1440.000000	0.741938	0.655526	0.681438	0.716791	0.827655	0.674127	0.716246	0.699114	0.719938	
1450.000000	0.749325	0.667018	0.681774	0.716488	0.827429	0.681830	0.720644	0.699159	0.720644	
1460.000000	0.742281	0.652717	0.681107	0.711646	0.822673	0.676770	0.714532	0.696377	0.720644	
1470.000000	0.742428	0.660137	0.687665	0.717048	0.827686	0.680906	0.719312	0.702356	0.720644	
1480.000000	0.750129	0.653226	0.688117	0.721734	0.839802	0.683657	0.722778	0.704926	0.722778	
1490.000000	0.749261	0.652042	0.689538	0.718850	0.831165	0.675170	0.719337	0.704194	0.722778	
1500.000000	0.751373	0.661482	0.688876	0.715868	0.831675	0.680496	0.721628	0.702372	0.722778	
1510.000000	0.753127	0.656207	0.689070	0.714219	0.843451	0.684951	0.723504	0.701644	0.723504	
1520.000000	0.750599	0.650182	0.691656	0.722139	0.837280	0.681559	0.722236	0.706897	0.723504	
1530.000000	0.751900	0.656635	0.694806	0.725648	0.833902	0.686484	0.724896	0.710227	0.724896	
1540.000000	0.750061	0.659034	0.699312	0.732756	0.837349	0.685829	0.727390	0.716034	0.727390	
1550.000000	0.741741	0.652246	0.696091	0.725983	0.834436	0.680659	0.721860	0.711037	0.727390	
1560.000000	0.734215	0.646978	0.692215	0.722861	0.831561	0.678598	0.717738	0.707538	0.727390	
1570.000000	0.735705	0.659164	0.687422	0.720064	0.824837	0.678205	0.717566	0.703743	0.727390	
1580.000000	0.743621	0.653065	0.686530	0.725935	0.830410	0.683840	0.720567	0.706232	0.727390	
1590.000000	0.738319	0.648447	0.691971	0.725121	0.831115	0.684566	0.719923	0.708546	0.727390	
1600.000000	0.746297	0.653523	0.688466	0.727191	0.825988	0.687555	0.721503	0.707828	0.727390	
1610.000000	0.750995	0.658079	0.693542	0.723385	0.832977	0.684299	0.723880	0.708463	0.727390	
1620.000000	0.748726	0.651980	0.695884	0.728900	0.830857	0.682670	0.723170	0.712392	0.727390	
1630.000000	0.741240	0.651472	0.691244	0.727219	0.837984	0.686188	0.722558	0.709231	0.727390	
1640.000000	0.749809	0.659307	0.691993	0.721383	0.828492	0.686731	0.722952	0.706688	0.727390	
1650.000000	0.743132	0.665561	0.692096	0.721498	0.826158	0.685608	0.722342	0.706797	0.727390	
1660.000000	0.745887	0.662387	0.695557	0.721565	0.831153	0.688589	0.724190	0.708561	0.727390	
1670.000000	0.745567	0.662741	0.691680	0.722636	0.828234	0.687075	0.722989	0.707158	0.727390	
1680.000000	0.749310	0.661538	0.694467	0.723084	0.830329	0.688051	0.724463	0.708776	0.727390	
1690.000000	0.742945	0.658234	0.693493	0.714989	0.828850	0.683309	0.720303	0.704241	0.727390	
1700.000000	0.738997	0.657466	0.693017	0.718082	0.827561	0.679864	0.719164	0.705549	0.727390	
1710.000000	0.747475	0.661532	0.695197	0.724623	0.835952	0.681304	0.724347	0.709910	0.727390	
1720.000000	0.738312	0.662375	0.700978	0.726629	0.837424	0.679771	0.724248	0.713804	0.727390	
1730.000000	0.736545	0.663181	0.699169	0.725465	0.832480	0.676801	0.722274	0.712317	0.727390	
1740.000000	0.738274	0.672349	0.700495	0.728644	0.830316	0.681685	0.725294	0.714569	0.727390	
1750.000000	0.746564	0.659989	0.702130	0.728618	0.840500	0.683968	0.726961	0.715374	0.727390	
1760.000000	0.754117	0.654912	0.700228	0.728005	0.843879	0.687101	0.728040	0.714117	0.728040	
1770.000000	0.747074	0.646463	0.699227	0.728757	0.839916	0.683034	0.724078	0.713992	0.728040	
1780.000000	0.760952	0.649903	0.703489	0.729735	0.838230	0.687266	0.728263	0.716612	0.728263	
1790.000000	0.756718	0.657054	0.704400	0.728782	0.839997	0.690778	0.729622	0.716591	0.729622	
1800.000000	0.752316	0.656796	0.704323	0.731174	0.828680	0.689695	0.727164	0.717749	0.729622	
1810.000000	0.759268	0.663757	0.703295	0.731392	0.835109	0.688444	0.730211	0.717343	0.730211	
1820.000000	0.759938	0.664067	0.702575	0.725343	0.833738	0.689321	0.729164	0.713959	0.730211	
1830.000000	0.755289	0.653455	0.702371	0.729867	0.838764	0.687837	0.727931	0.716119	0.730211	
1840.000000	0.756883	0.671611	0.705558	0.726349	0.840997	0.688252	0.731608	0.715953	0.731608	
1850.000000	0.746318	0.667030	0.699728	0.725974	0.836739	0.687657	0.727241	0.712851	0.731608	
1860.000000	0.750481	0.661408	0.701335	0.728792	0.834172	0.690999	0.727864	0.715063	0.731608	
1870.000000	0.754305	0.656604	0.703643	0.733073	0.838802	0.688582	0.729168	0.718358	0.731608	
1880.000000	0.758417	0.663348	0.706824	0.736215	0.843872	0.690606	0.733214	0.721519	0.733214	
1890.000000	0.758008	0.653722	0.706160	0.737832	0.843275	0.691680	0.731779	0.721996	0.733214	
1900.000000	0.751136	0.646128	0.705229	0.737096	0.837550	0.686517	0.727276	0.721162	0.733214	
1910.000000	0.753584	0.654230	0.706931	0.735343	0.834417	0.684815	0.728220	0.721137	0.733214	
1920.000000	0.752764	0.662530	0.703326	0.739069	0.844822	0.684180	0.731115	0.721198	0.733214	
1930.000000	0.750159	0.663472	0.704361	0.735174	0.840085	0.684923	0.729696	0.719767	0.733214	
1940.000000	0.752848	0.664588	0.706721	0.737094	0.840884	0.687595	0.731621	0.721907	0.733214	
1950.000000	0.745591	0.667582	0.703210	0.735544	0.836647	0.687875	0.729408	0.719377	0.733214	
1960.000000	0.758829	0.670824	0.701161	0.733018	0.835669	0.687535	0.731173	0.717089	0.733214	
1970.000000	0.756181	0.656939	0.698006	0.727064	0.823176	0.688463	0.724971	0.712535	0.733214	
1980.000000	0.757038	0.668326	0.702336	0.741824	0.834638	0.693344	0.732918	0.722080	0.733214	
1990.000000	0.752389	0.662394	0.703453	0.736377	0.836040	0.690525	0.730196	0.719915	0.733214	
2000.000000	0.756727	0.674735	0.706623	0.738519	0.833386	0.691188	0.733530	0.722571	0.733530	
2010.000000	0.761784	0.669206	0.706406	0.731791	0.832165	0.694839	0.732698	0.719098	0.733530	
2020.000000	0.755470	0.676483	0.705890	0.732291	0.829152	0.693296	0.732097	0.719091	0.733530	
2030.000000	0.759682	0.668760	0.702243	0.728567	0.827856	0.694985	0.730349	0.715405	0.733530	
2040.000000	0.760271	0.667545	0.701303	0.731220	0.836751	0.697751	0.732474	0.716262	0.733530	
2050.000000	0.757326	0.672566	0.700239	0.733849	0.839809	0.695399	0.733198	0.717044	0.733530	
2060.000000	0.761598	0.666274	0.701688	0.736335	0.841488	0.694603	0.733664	0.719011	0.733664	
2070.000000	0.759452	0.670824	0.697919	0.733145	0.833694	0.695653	0.731781	0.715532	0.733664	
2080.000000	0.756509	0.678306	0.700762	0.733989	0.834034	0.696263	0.733311	0.717376	0.733664	
2090.000000	0.765802	0.671146	0.703964	0.738905	0.840884	0.699464	0.736694	0.721435	0.736694	
2100.000000	0.759093	0.664960	0.703525	0.740642	0.844432	0.695485	0.734689	0.722083	0.736694	
2110.000000	0.761841	0.673167	0.708417	0.743032	0.846955	0.695637	0.738175	0.725724	0.738175	
2120.000000	0.764551	0.674574	0.705389	0.744713	0.850194	0.697992	0.739569	0.725051	0.739569	
2130.000000	0.758897	0.682868	0.699160	0.739997	0.840349	0.695728	0.736166	0.719578	0.739569	
2140.000000	0.756819	0.684994	0.700130	0.729978	0.840821	0.693596	0.734390	0.715054	0.739569	
2150.000000	0.749278	0.673384	0.695452	0.730559	0.830253	0.694096	0.728837	0.713006	0.739569	
2160.000000	0.751996	0.682180	0.703634	0.738530	0.829467	0.697167	0.733829	0.721082	0.739569	
2170.000000	0.755380	0.673167	0.706976	0.740108	0.842463	0.697485	0.735930	0.723542	0.739569	
2180.000000	0.745371	0.670712	0.703221	0.730196	0.839104	0.689905	0.729752	0.716709	0.739569	
2190.000000	0.748206	0.671267	0.703919	0.733610	0.830706	0.695037	0.730458	0.718764	0.739569	
2200.000000	0.751695	0.679700	0.707137	0.730762	0.829832	0.692028	0.731859	0.718950	0.739569	
2210.000000	0.751778	0.684114	0.707218	0.733020	0.838009	0.693779	0.734653	0.720119	0.739569	
2220.000000	0.753829	0.670638	0.707533	0.733934	0.839922	0.689753	0.732601	0.720733	0.739569	
2230.000000	0.761861	0.670223	0.711264	0.733263	0.840749	0.691779	0.734856	0.722264	0.739569	
2240.000000	0.758543	0.669724	0.713220	0.735363	0.838657	0.697028	0.735422	0.724292	0.739569	
2250.000000	0.761837	0.676954	0.714559	0.739856	0.837267	0.692299	0.737129	0.727207	0.739569	
2260.000000	0.752465	0.675045	0.708225	0.746825	0.837940	0.691042	0.735257	0.727525	0.739569	
2270.000000	0.752252	0.674518	0.711688	0.744857	0.838871	0.692425	0.735769	0.728272	0.739569	
2280.000000	0.760954	0.684331	0.717757	0.746601	0.844464	0.696955	0.741844	0.732179	0.741844	
2290.000000	0.752163	0.682087	0.717028	0.748400	0.841331	0.699072	0.740013	0.732714	0.741844	
2300.000000	0.760341	0.697032	0.714799	0.749592	0.843633	0.692791	0.743031	0.732195	0.743031	
2310.000000	0.756573	0.679446	0.717377	0.750066	0.849194	0.692751	0.740901	0.733721	0.743031	
2320.000000	0.754408	0.672739	0.719505	0.749784	0.849930	0.686698	0.738844	0.734644	0.743031	
2330.000000	0.768465	0.672783	0.713536	0.747505	0.844816	0.690194	0.739550	0.730521	0.743031	
2340.000000	0.759161	0.681771	0.716572	0.744915	0.840230	0.694696	0.739557	0.730743	0.743031	
2350.000000	0.763642	0.672150	0.714319	0.745130	0.836474	0.694649	0.737728	0.729724	0.743031	
2360.000000	0.760143	0.682527	0.717145	0.743774	0.838337	0.695018	0.739491	0.730460	0.743031	
2370.000000	0.764918	0.682471	0.715388	0.742060	0.822365	0.698016	0.737536	0.728724	0.743031	
2380.000000	0.769241	0.681343	0.711478	0.735592	0.826592	0.700642	0.737481	0.723535	0.743031	
2390.000000	0.776452	0.669869	0.714601	0.736145	0.832033	0.704652	0.738959	0.725373	0.743031	
2400.000000	0.772043	0.677996	0.711958	0.737975	0.825894	0.699755	0.737603	0.724966	0.743031	
2410.000000	0.765234	0.673709	0.715183	0.743881	0.835418	0.700208	0.738939	0.729532	0.743031	
2420.000000	0.759098	0.673186	0.719544	0.744894	0.830435	0.701973	0.738188	0.732219	0.743031	
2430.000000	0.767349	0.679694	0.721086	0.742486	0.834292	0.701307	0.741036	0.731786	0.743031	
2440.000000	0.767842	0.680221	0.717032	0.743082	0.841815	0.698364	0.741393	0.730057	0.743031	
2450.000000	0.767652	0.679322	0.716148	0.744019	0.838903	0.697476	0.740587	0.730084	0.743031	
2460.000000	0.763482	0.675144	0.711696	0.742146	0.837726	0.698902	0.738183	0.726921	0.743031	
2470.000000	0.772875	0.689203	0.710327	0.741193	0.842180	0.705558	0.743556	0.725760	0.743556	
2480.000000	0.765864	0.691955	0.711329	0.738757	0.832191	0.703261	0.740559	0.725043	0.743556	
2490.000000	0.769015	0.696877	0.710166	0.740274	0.831901	0.707222	0.742576	0.725220	0.743556	
2500.000000	0.771525	0.697199	0.714898	0.746922	0.831788	0.701689	0.744003	0.730910	0.744003	
2510.000000	0.768682	0.688893	0.718324	0.743670	0.845206	0.703757	0.744755	0.730997	0.744755	
2520.000000	0.765943	0.690964	0.710798	0.745093	0.833952	0.707976	0.742454	0.727946	0.744755	
2530.000000	0.769845	0.684690	0.714191	0.742624	0.835927	0.710057	0.742889	0.728408	0.744755	
2540.000000	0.769515	0.678120	0.714242	0.738775	0.835984	0.702562	0.739866	0.726509	0.744755	
2550.000000	0.769583	0.681219	0.715546	0.734339	0.828900	0.710763	0.740058	0.724942	0.744755	
2560.000000	0.767777	0.678628	0.715885	0.735495	0.832776	0.707156	0.739619	0.725690	0.744755	
2570.000000	0.773121	0.671568	0.716291	0.740289	0.836531	0.707304	0.740851	0.728290	0.744755	
2580.000000	0.774369	0.676390	0.717460	0.742712	0.835009	0.711274	0.742869	0.730086	0.744755	
2590.000000	0.766009	0.684362	0.717844	0.737753	0.837255	0.709275	0.742083	0.727799	0.744755	
2600.000000	0.771077	0.678269	0.715698	0.736602	0.823862	0.709156	0.739110	0.726150	0.744755	
2610.000000	0.770050	0.673998	0.718988	0.741803	0.836298	0.705796	0.741155	0.730395	0.744755	
2620.000000	0.770424	0.674394	0.715312	0.735169	0.839752	0.701872	0.739487	0.725241	0.744755	
2630.000000	0.772196	0.671493	0.717230	0.736203	0.836393	0.705622	0.739856	0.726717	0.744755	
2640.000000	0.775291	0.678058	0.720553	0.742011	0.837072	0.705428	0.743069	0.731282	0.744755	
2650.000000	0.772852	0.680159	0.720837	0.743552	0.833631	0.709899	0.743488	0.732195	0.744755	
2660.000000	0.767012	0.680060	0.718151	0.745458	0.834405	0.708565	0.742275	0.731805	0.744755	
2670.000000	0.769773	0.682986	0.720811	0.744521	0.834285	0.708704	0.743513	0.732666	0.744755	
2680.000000	0.769457	0.693362	0.719798	0.746841	0.836864	0.710035	0.746060	0.733320	0.746060	
2690.000000	0.773991	0.676353	0.723474	0.750112	0.840129	0.708067	0.745354	0.736793	0.746060	
2700.000000	0.771100	0.681864	0.719642	0.743621	0.842035	0.707685	0.744325	0.731631	0.746060	
2710.000000	0.780158	0.676651	0.721183	0.747131	0.846376	0.710289	0.746964	0.734157	0.746964	
2720.000000	0.778263	0.681368	0.717446	0.748053	0.836474	0.716071	0.746279	0.732750	0.746964	
2730.000000	0.774789	0.692736	0.716388	0.739853	0.837481	0.718058	0.746551	0.728956	0.746964	
2740.000000	0.778385	0.693672	0.717670	0.741523	0.834543	0.714616	0.746735	0.729597	0.746964	
2750.000000	0.777275	0.684814	0.718308	0.743628	0.827756	0.714266	0.744341	0.730968	0.746964	
2760.000000	0.771761	0.687740	0.720327	0.743545	0.837236	0.712412	0.745504	0.731936	0.746964	
2770.000000	0.773225	0.694708	0.721692	0.748310	0.831517	0.714153	0.747268	0.735001	0.747268	
2780.000000	0.769489	0.692842	0.717046	0.747447	0.826932	0.715906	0.744944	0.732247	0.747268	
2790.000000	0.775824	0.694980	0.714870	0.747082	0.836336	0.717230	0.747720	0.732156	0.747720	
2800.000000	0.776678	0.691695	0.721716	0.747563	0.842929	0.716872	0.749575	0.734640	0.749575	
2810.000000	0.783595	0.683624	0.722055	0.748842	0.841331	0.715057	0.749084	0.735449	0.749575	
2820.000000	0.783945	0.677233	0.718575	0.742622	0.839897	0.712914	0.745865	0.730599	0.749575	
2830.000000	0.779851	0.678114	0.717686	0.739812	0.839752	0.714614	0.744971	0.728749	0.749575	
2840.000000	0.780280	0.679998	0.715829	0.739437	0.834537	0.712791	0.743812	0.727633	0.749575	
2850.000000	0.780670	0.687120	0.718373	0.739726	0.835877	0.715529	0.746216	0.729050	0.749575	
2860.000000	0.783883	0.688751	0.719919	0.739788	0.833769	0.714295	0.746734	0.729854	0.749575	
2870.000000	0.775924	0.681139	0.718568	0.739215	0.833556	0.707762	0.742694	0.728891	0.749575	
2880.000000	0.774727	0.686941	0.722354	0.740550	0.834216	0.708907	0.744616	0.731452	0.749575	
2890.000000	0.775562	0.690957	0.717020	0.736379	0.835229	0.710078	0.744204	0.726699	0.749575	
2900.000000	0.767679	0.691893	0.715663	0.739546	0.826196	0.706854	0.741305	0.727604	0.749575	
2910.000000	0.770752	0.694038	0.715520	0.739680	0.832700	0.706080	0.743128	0.727600	0.749575	
2920.000000	0.775750	0.686401	0.721013	0.742414	0.833625	0.708468	0.744612	0.731713	0.749575	
2930.000000	0.778890	0.691788	0.725162	0.748817	0.842727	0.712709	0.750016	0.736989	0.750016	
2940.000000	0.776874	0.697032	0.722132	0.743867	0.838701	0.712125	0.748455	0.732999	0.750016	
2950.000000	0.779546	0.695334	0.725786	0.743825	0.837921	0.710736	0.748858	0.734805	0.750016	
2960.000000	0.775137	0.687114	0.726711	0.750209	0.836009	0.710351	0.747589	0.738460	0.750016	
2970.000000	0.782605	0.694453	0.730593	0.750431	0.843677	0.706892	0.751442	0.740512	0.751442	
2980.000000	0.779336	0.687139	0.725108	0.746948	0.845483	0.709041	0.748842	0.736028	0.751442	
2990.000000	0.777572	0.687678	0.726420	0.739647	0.829951	0.710386	0.745276	0.733034	0.751442	
3000.000000	0.775698	0.690213	0.720983	0.739525	0.824673	0.709387	0.743413	0.730254	0.751442	
3010.000000	0.780649	0.685651	0.721359	0.736235	0.824057	0.711391	0.743224	0.728797	0.751442	
3020.000000	0.771766	0.690957	0.716640	0.735612	0.825925	0.711823	0.742120	0.726126	0.751442	
3030.000000	0.774860	0.693387	0.717301	0.737330	0.830630	0.712621	0.744355	0.727315	0.751442	
3040.000000	0.774021	0.698253	0.719640	0.739417	0.827384	0.709566	0.744714	0.729528	0.751442	
3050.000000	0.777885	0.698483	0.721540	0.742805	0.833801	0.711451	0.747661	0.732172	0.751442	
3060.000000	0.778295	0.689017	0.721565	0.741963	0.829297	0.714281	0.745736	0.731764	0.751442	
3070.000000	0.777410	0.697757	0.721197	0.743069	0.830077	0.718166	0.747946	0.732133	0.751442	
3080.000000	0.776063	0.696821	0.721070	0.745877	0.836279	0.713466	0.748263	0.733473	0.751442	
3090.000000	0.777638	0.698737	0.721054	0.745363	0.832165	0.710794	0.747625	0.733209	0.751442	
3100.000000	0.775001	0.690337	0.720085	0.743497	0.831687	0.713148	0.745626	0.731791	0.751442	
3110.000000	0.771012	0.692439	0.717347	0.736326	0.827837	0.715051	0.743335	0.726836	0.751442	
3120.000000	0.772594	0.685980	0.723610	0.741836	0.825906	0.712086	0.743669	0.732723	0.751442	
3130.000000	0.772760	0.686445	0.722818	0.747607	0.833895	0.717075	0.746767	0.735212	0.751442	
3140.000000	0.772391	0.692439	0.717416	0.742414	0.827422	0.717853	0.744989	0.730133	0.751442	
3150.000000	0.773462	0.687040	0.719223	0.749124	0.832977	0.718530	0.746726	0.734174	0.751442	
3160.000000	0.773895	0.690796	0.721791	0.749608	0.827026	0.716318	0.746572	0.735700	0.751442	
3170.000000	0.775788	0.691869	0.724478	0.754757	0.831895	0.717222	0.749335	0.739618	0.751442	
3180.000000	0.770483	0.687914	0.728837	0.755988	0.834071	0.715445	0.748790	0.742413	0.751442	
3190.000000	0.772952	0.683352	0.723105	0.756145	0.835588	0.711992	0.747189	0.739625	0.751442	
3200.000000	0.774706	0.686426	0.729897	0.754930	0.834474	0.718228	0.749777	0.742414	0.751442	
3210.000000	0.772406	0.684579	0.724219	0.745250	0.828636	0.717853	0.745490	0.734734	0.751442	
3220.000000	0.776791	0.693269	0.725574	0.753434	0.829460	0.718080	0.749435	0.739504	0.751442	
3230.000000	0.780740	0.690747	0.726880	0.747334	0.835405	0.721402	0.750418	0.737107	0.751442	
3240.000000	0.776782	0.687926	0.728354	0.753998	0.826038	0.719129	0.748705	0.741176	0.751442	
3250.000000	0.781031	0.683767	0.724306	0.751882	0.827359	0.717513	0.747643	0.738094	0.751442	
3260.000000	0.775752	0.701588	0.727308	0.754142	0.830580	0.723854	0.752204	0.740725	0.752204	
3270.000000	0.771941	0.699518	0.723527	0.752525	0.835455	0.720655	0.750603	0.738026	0.752204	
3280.000000	0.778726	0.701260	0.725110	0.752275	0.826045	0.720428	0.750641	0.738693	0.752204	
3290.000000	0.780260	0.692110	0.724896	0.757311	0.841123	0.721867	0.752928	0.741104	0.752928	
3300.000000	0.765064	0.701235	0.721867	0.749321	0.828693	0.716636	0.747136	0.735594	0.752928	
3310.000000	0.774057	0.709163	0.722697	0.749860	0.828366	0.720214	0.750726	0.736278	0.752928	
3320.000000	0.778863	0.708518	0.720270	0.744292	0.826579	0.723510	0.750339	0.733901	0.752928	
3330.000000	0.777213	0.696480	0.723113	0.749811	0.832404	0.724987	0.750668	0.737399	0.752928	
3340.000000	0.775487	0.695377	0.720745	0.745109	0.829586	0.719101	0.747567	0.732927	0.752928	
3350.000000	0.782143	0.696431	0.722326	0.746904	0.837921	0.722718	0.751407	0.734811	0.752928	
3360.000000	0.781918	0.703776	0.726798	0.752233	0.830869	0.719116	0.752452	0.739516	0.752928	
3370.000000	0.774192	0.697243	0.730797	0.752957	0.844394	0.721649	0.753539	0.741877	0.753539	
3380.000000	0.776223	0.697125	0.730345	0.754875	0.837387	0.720388	0.752724	0.742610	0.753539	
3390.000000	0.783126	0.690108	0.731724	0.754648	0.840985	0.722233	0.753804	0.743186	0.753804	
3400.000000	0.780002	0.688125	0.727230	0.754850	0.837909	0.724194	0.752052	0.741040	0.753804	
3410.000000	0.784963	0.684653	0.725279	0.742134	0.826982	0.720364	0.747396	0.733706	0.753804	
3420.000000	0.783467	0.683537	0.721246	0.749090	0.836405	0.721332	0.749180	0.735211	0.753804	
3430.000000	0.775662	0.699462	0.718280	0.750746	0.827787	0.718417	0.748392	0.734582	0.753804	
3440.000000	0.782098	0.695055	0.718300	0.750316	0.831599	0.719923	0.749548	0.735119	0.753804	
3450.000000	0.778112	0.688317	0.715094	0.749363	0.833034	0.718968	0.747148	0.734165	0.753804	
3460.000000	0.782975	0.694714	0.717185	0.750702	0.845439	0.721960	0.752162	0.736331	0.753804	
3470.000000	0.781376	0.700912	0.717363	0.750670	0.840771	0.725403	0.752749	0.738037	0.753804	
3480.000000	0.785292	0.697193	0.715487	0.748803	0.830876	0.722423	0.750012	0.735613	0.753804	
3490.000000	0.782142	0.707644	0.710220	0.743150	0.831285	0.720567	0.749168	0.731858	0.753804	
3500.000000	0.783406	0.706516	0.712928	0.746534	0.829920	0.726113	0.750903	0.736324	0.753804	
3510.000000	0.777664	0.717581	0.710830	0.744850	0.833990	0.727870	0.752131	0.736360	0.753804	
3520.000000	0.775022	0.710068	0.713981	0.749076	0.833247	0.726959	0.751392	0.738017	0.753804	
3530.000000	0.780888	0.715324	0.717323	0.747482	0.838670	0.719850	0.753256	0.733666	0.753804	
3540.000000	0.774954	0.705878	0.718165	0.746925	0.839249	0.725366	0.751756	0.736145	0.753804	
3550.000000	0.786056	0.709076	0.722100	0.748595	0.844420	0.723891	0.755690	0.736243	0.755690	
3560.000000	0.780422	0.707340	0.722311	0.748301	0.838984	0.720589	0.752991	0.735306	0.755690	
3570.000000	0.782531	0.703175	0.728322	0.755393	0.844218	0.718071	0.755285	0.741858	0.755690	
3580.000000	0.783689	0.704805	0.728986	0.753089	0.846156	0.717500	0.755704	0.741038	0.755704	
3590.000000	0.787545	0.695417	0.726135	0.751949	0.847143	0.721162	0.754892	0.739042	0.755704	
3600.000000	0.785501	0.697652	0.726006	0.753300	0.843432	0.713338	0.753205	0.739653	0.755704	
3610.000000	0.776498	0.713738	0.727312	0.755710	0.841834	0.714405	0.754916	0.741511	0.755704	
3620.000000	0.783954	0.709405	0.729077	0.756707	0.840085	0.721867	0.756849	0.742892	0.756849	
3630.000000	0.786058	0.706448	0.729829	0.755504	0.840173	0.719392	0.756234	0.742667	0.756849	
3640.000000	0.788896	0.703683	0.730881	0.757936	0.843797	0.723051	0.758041	0.744409	0.758041	
3650.000000	0.787667	0.709188	0.733548	0.754894	0.842608	0.721005	0.758152	0.744221	0.758152	
3660.000000	0.785804	0.712423	0.727251	0.746939	0.837770	0.721466	0.755276	0.737095	0.758152	
3670.000000	0.785953	0.700857	0.728928	0.747864	0.836242	0.722454	0.753716	0.738396	0.758152	
3680.000000	0.784963	0.707554	0.728823	0.753085	0.840872	0.718291	0.755598	0.740954	0.758152	
3690.000000	0.781929	0.699425	0.728053	0.749839	0.836525	0.718188	0.752326	0.738946	0.758152	
3700.000000	0.775320	0.697701	0.728837	0.748239	0.844382	0.715157	0.751606	0.738538	0.758152	
3710.000000	0.780683	0.702797	0.731134	0.745517	0.840066	0.713882	0.752347	0.738325	0.758152	
3720.000000	0.777653	0.705661	0.732511	0.756390	0.846175	0.716243	0.755772	0.744451	0.758152	
3730.000000	0.777367	0.711190	0.732939	0.757191	0.848320	0.716287	0.757216	0.745065	0.758152	
3740.000000	0.773140	0.717736	0.733204	0.759888	0.843294	0.718410	0.757612	0.746546	0.758152	
3750.000000	0.783083	0.711122	0.727399	0.757859	0.850270	0.721365	0.758516	0.742629	0.758516	
3760.000000	0.779604	0.709690	0.731310	0.760424	0.852616	0.718159	0.758634	0.745867	0.758634	
3770.000000	0.785320	0.705952	0.729210	0.760639	0.852138	0.720003	0.758877	0.744925	0.758877	
3780.000000	0.785588	0.705332	0.727587	0.755217	0.844130	0.715960	0.755636	0.741402	0.758877	
3790.000000	0.774437	0.711537	0.728689	0.750464	0.848100	0.721133	0.755727	0.739576	0.758877	
3800.000000	0.783952	0.708078	0.731905	0.755074	0.848452	0.719376	0.757806	0.743489	0.758877	
3810.000000	0.772762	0.709863	0.731033	0.754926	0.846508	0.717368	0.755410	0.742979	0.758877	
3820.000000	0.777247	0.709603	0.733135	0.751662	0.840117	0.718620	0.755064	0.742399	0.758877	
3830.000000	0.777038	0.706138	0.731813	0.752927	0.840664	0.713988	0.753762	0.742370	0.758877	
3840.000000	0.785469	0.710527	0.736319	0.755701	0.851031	0.723031	0.760346	0.746010	0.760346	
3850.000000	0.781026	0.702183	0.734080	0.750869	0.845049	0.723267	0.756079	0.742474	0.760346	
3860.000000	0.774254	0.701755	0.734673	0.748602	0.841375	0.721023	0.753614	0.741637	0.760346	
3870.000000	0.789239	0.699412	0.734685	0.751091	0.840066	0.720734	0.755871	0.742888	0.760346	
3880.000000	0.782637	0.693257	0.735128	0.752291	0.842803	0.717646	0.753960	0.743710	0.760346	
3890.000000	0.781873	0.702115	0.732860	0.752439	0.838431	0.720688	0.754734	0.742649	0.760346	
3900.000000	0.784598	0.706665	0.733937	0.758156	0.836097	0.717210	0.756111	0.746046	0.760346	
3910.000000	0.785806	0.699673	0.733401	0.754762	0.840205	0.714277	0.754687	0.744081	0.760346	
3920.000000	0.780743	0.709231	0.735487	0.754320	0.845080	0.716920	0.756963	0.744903	0.760346	
3930.000000	0.791539	0.701991	0.734011	0.758521	0.844136	0.719771	0.758328	0.746266	0.760346	
3940.000000	0.785012	0.711196	0.733438	0.757586	0.853296	0.719127	0.759943	0.745512	0.760346	
3950.000000	0.794156	0.704520	0.732626	0.753536	0.847143	0.723254	0.759206	0.743081	0.760346	
3960.000000	0.794951	0.703243	0.732665	0.756376	0.854893	0.723944	0.761012	0.744521	0.761012	
3970.000000	0.789752	0.703280	0.733183	0.754614	0.843897	0.726528	0.758542	0.743898	0.761012	
3980.000000	0.785237	0.708940	0.731542	0.761727	0.844168	0.722310	0.758987	0.746634	0.761012	
3990.000000	0.784674	0.710483	0.732679	0.756386	0.837349	0.720955	0.757088	0.744532	0.761012	
4000.000000	0.785360	0.706181	0.735257	0.755678	0.849817	0.723671	0.759327	0.745467	0.761012	
4010.000000	0.789815	0.707297	0.738790	0.758338	0.842664	0.721380	0.759714	0.748564	0.761012	
4020.000000	0.779046	0.707911	0.736648	0.760001	0.844690	0.723708	0.758667	0.748325	0.761012	
4030.000000	0.784705	0.710347	0.739060	0.759196	0.843690	0.724067	0.760177	0.749128	0.761012	
4040.000000	0.782752	0.707229	0.728651	0.758361	0.847275	0.721836	0.757684	0.743506	0.761012	
4050.000000	0.785701	0.700615	0.734681	0.758190	0.845602	0.719779	0.757428	0.746435	0.761012	
4060.000000	0.789011	0.704173	0.737300	0.761468	0.849226	0.718577	0.759959	0.749384	0.761012	
4070.000000	0.787891	0.710387	0.736325	0.755631	0.843539	0.727432	0.760201	0.745978	0.761012	
4080.000000	0.793247	0.708531	0.733258	0.751891	0.837588	0.726171	0.758447	0.742574	0.761012	
4090.000000	0.791475	0.710806	0.733533	0.751913	0.843784	0.727332	0.759807	0.742723	0.761012	
4100.000000	0.792242	0.712919	0.736488	0.751826	0.843356	0.727097	0.760655	0.744157	0.761012	
4110.000000	0.790654	0.705698	0.732531	0.751933	0.841589	0.724200	0.757767	0.742232	0.761012	
4120.000000	0.792000	0.717488	0.733012	0.752599	0.832883	0.729204	0.759531	0.742806	0.761012	
4130.000000	0.790667	0.717940	0.729271	0.747103	0.832895	0.732247	0.758354	0.739675	0.761012	
4140.000000	0.793161	0.713019	0.727648	0.749319	0.831247	0.733785	0.758030	0.741552	0.761012	
4150.000000	0.787430	0.718108	0.729565	0.756305	0.823170	0.730273	0.757475	0.743289	0.761012	
4160.000000	0.789627	0.722527	0.729806	0.748072	0.824082	0.729006	0.757187	0.738939	0.761012	
4170.000000	0.787206	0.703203	0.732802	0.754398	0.831775	0.726788	0.756029	0.743600	0.761012	
4180.000000	0.781421	0.710675	0.734149	0.753487	0.837654	0.724209	0.756932	0.743818	0.761012	
4190.000000	0.779787	0.718455	0.731806	0.755553	0.836613	0.727187	0.758233	0.743679	0.761012	
4200.000000	0.765832	0.710682	0.737845	0.754868	0.841991	0.726448	0.756278	0.746357	0.761012	
4210.000000	0.782140	0.704179	0.733510	0.755310	0.848269	0.724314	0.757954	0.744410	0.761012	
4220.000000	0.785017	0.714351	0.734474	0.758858	0.848037	0.726479	0.761203	0.746666	0.761203	
4230.000000	0.779304	0.716174	0.738297	0.762536	0.847458	0.717846	0.760269	0.750416	0.761203	
4240.000000	0.778150	0.722912	0.731695	0.757059	0.847892	0.718851	0.759426	0.744377	0.761203	
4250.000000	0.763260	0.719518	0.728837	0.756110	0.844300	0.726660	0.756448	0.742474	0.761203	
4260.000000	0.774587	0.718306	0.733036	0.753219	0.846363	0.726142	0.758609	0.743127	0.761203	
4270.000000	0.787039	0.709646	0.730050	0.755030	0.855648	0.731589	0.761501	0.743310	0.761501	
4280.000000	0.782682	0.716825	0.735091	0.756716	0.844935	0.730836	0.761181	0.745904	0.761501	
4290.000000	0.779622	0.706448	0.734197	0.759740	0.843048	0.730207	0.758877	0.746968	0.761501	
4300.000000	0.783263	0.706597	0.733615	0.760859	0.848603	0.727511	0.760074	0.747237	0.761501	
4310.000000	0.783832	0.715380	0.734336	0.756145	0.852862	0.725137	0.761282	0.745240	0.761501	
4320.000000	0.791958	0.708772	0.735929	0.756379	0.846672	0.730681	0.761732	0.746154	0.761732	
4330.000000	0.789623	0.712690	0.734478	0.765985	0.850792	0.732762	0.764389	0.750232	0.764389	
4340.000000	0.781370	0.713948	0.734859	0.759182	0.847452	0.728091	0.760817	0.747021	0.764389	
4350.000000	0.785529	0.714717	0.738978	0.765497	0.854063	0.730888	0.764945	0.752238	0.764945	
4360.000000	0.786182	0.706504	0.736571	0.764017	0.863933	0.726210	0.763903	0.750294	0.764945	
4370.000000	0.788499	0.697906	0.737996	0.761930	0.848225	0.727269	0.760304	0.749963	0.764945	
4380.000000	0.790351	0.702351	0.738204	0.762453	0.862851	0.729561	0.764295	0.750328	0.764945	
4390.000000	0.790039	0.696586	0.742410	0.768289	0.860366	0.728351	0.764340	0.755350	0.764945	
4400.000000	0.791710	0.713589	0.743865	0.769957	0.850037	0.734262	0.767237	0.756911	0.767237	
4410.000000	0.795257	0.715132	0.741915	0.768014	0.857995	0.735370	0.768947	0.754964	0.768947	
4420.000000	0.786250	0.719168	0.739880	0.762948	0.847867	0.735853	0.765328	0.751414	0.768947	
4430.000000	0.786749	0.718721	0.742265	0.765585	0.851264	0.734385	0.766495	0.753925	0.768947	
4440.000000	0.785194	0.727114	0.739610	0.758983	0.854982	0.726448	0.765389	0.749297	0.768947	
4450.000000	0.779667	0.712802	0.743399	0.764341	0.850056	0.723992	0.762376	0.753870	0.768947	
4460.000000	0.774454	0.712206	0.736149	0.753897	0.852566	0.723702	0.758829	0.745023	0.768947	
4470.000000	0.785546	0.714791	0.736012	0.756679	0.849779	0.726340	0.761525	0.746346	0.768947	
4480.000000	0.792551	0.721443	0.734350	0.748183	0.841891	0.727244	0.760944	0.741266	0.768947	
4490.000000	0.790342	0.720767	0.735469	0.757786	0.830291	0.726409	0.760177	0.746628	0.768947	
4500.000000	0.780226	0.714698	0.739658	0.758923	0.847634	0.727286	0.761404	0.749290	0.768947	
4510.000000	0.788356	0.697559	0.740369	0.763064	0.849339	0.730800	0.761581	0.751716	0.768947	
4520.000000	0.785672	0.721362	0.740827	0.757045	0.850433	0.727337	0.763779	0.748936	0.768947	
4530.000000	0.779479	0.719230	0.739268	0.764664	0.847200	0.727981	0.762970	0.751966	0.768947	
4540.000000	0.774890	0.719633	0.740375	0.761872	0.852069	0.725902	0.762457	0.751124	0.768947	
4550.000000	0.783213	0.713452	0.739769	0.764260	0.851383	0.726254	0.763055	0.752014	0.768947	
4560.000000	0.782501	0.716434	0.737893	0.768354	0.843904	0.730904	0.763331	0.753123	0.768947	
4570.000000	0.787526	0.722007	0.737803	0.763436	0.848471	0.725723	0.764161	0.750620	0.768947	
4580.000000	0.790127	0.715591	0.735589	0.766619	0.849075	0.728521	0.764254	0.751104	0.768947	
4590.000000	0.792585	0.710471	0.738190	0.764183	0.848609	0.732178	0.764369	0.751186	0.768947	
4600.000000	0.788708	0.716694	0.742205	0.770651	0.846426	0.730944	0.765938	0.756428	0.768947	
4610.000000	0.792231	0.723637	0.737284	0.769742	0.837984	0.732006	0.765481	0.753513	0.768947	
4620.000000	0.791915	0.713694	0.741174	0.772145	0.859234	0.730273	0.768073	0.756659	0.768947	
4630.000000	0.783030	0.726048	0.740647	0.766289	0.850377	0.733351	0.766624	0.753468	0.768947	
4640.000000	0.790613	0.717686	0.741362	0.771111	0.852748	0.732544	0.767678	0.756237	0.768947	
4650.000000	0.794794	0.718511	0.741638	0.767683	0.853415	0.733441	0.768247	0.754661	0.768947	
4660.000000	0.798797	0.726445	0.745666	0.771636	0.859171	0.735503	0.772870	0.758651	0.772870	
4670.000000	0.790735	0.713806	0.744049	0.772740	0.854120	0.733139	0.768098	0.758394	0.772870	
4680.000000	0.788934	0.707954	0.745180	0.768872	0.856227	0.730123	0.766215	0.757026	0.772870	
4690.000000	0.779887	0.715752	0.743599	0.766991	0.852635	0.727690	0.764426	0.755295	0.772870	
4700.000000	0.791036	0.708066	0.743684	0.769749	0.840148	0.730428	0.763852	0.756716	0.772870	
4710.000000	0.784718	0.716409	0.741316	0.766677	0.853849	0.729519	0.765415	0.753997	0.772870	
4720.000000	0.788659	0.713022	0.743973	0.764949	0.848496	0.726305	0.764234	0.754461	0.772870	
4730.000000	0.789241	0.710629	0.742563	0.760417	0.850874	0.730653	0.764063	0.751490	0.772870	
4740.000000	0.794038	0.701185	0.727957	0.757644	0.850553	0.729145	0.760087	0.743394	0.772870	
4750.000000	0.799868	0.711903	0.736317	0.755192	0.841998	0.730913	0.762698	0.745755	0.772870	
4760.000000	0.797491	0.710651	0.737952	0.758416	0.852490	0.733009	0.765002	0.748184	0.772870	
4770.000000	0.797412	0.700299	0.739989	0.758729	0.847326	0.733075	0.762805	0.749359	0.772870	
4780.000000	0.800365	0.709473	0.742517	0.761574	0.836959	0.734552	0.764240	0.752046	0.772870	
4790.000000	0.792814	0.703968	0.742602	0.758921	0.842488	0.735780	0.762762	0.750762	0.772870	
4800.000000	0.793464	0.701433	0.740754	0.761826	0.847376	0.734854	0.763285	0.751290	0.772870	
4810.000000	0.794493	0.692507	0.741705	0.761400	0.846602	0.736089	0.762133	0.751553	0.772870	
4820.000000	0.799697	0.699561	0.737799	0.766434	0.854862	0.738325	0.766113	0.752379	0.772870	
4830.000000	0.797139	0.702605	0.740030	0.761410	0.850899	0.734965	0.764508	0.750720	0.772870	
4840.000000	0.788810	0.710335	0.735978	0.760096	0.847596	0.724237	0.761175	0.748037	0.772870	
4850.000000	0.785727	0.710272	0.740722	0.762721	0.850559	0.736645	0.764441	0.751722	0.772870	
4860.000000	0.791529	0.713614	0.736747	0.758720	0.843822	0.734299	0.763122	0.747733	0.772870	
4870.000000	0.787306	0.714320	0.737443	0.763200	0.845363	0.733920	0.763592	0.750321	0.772870	
4880.000000	0.787771	0.717804	0.736561	0.763499	0.850981	0.731662	0.764713	0.750030	0.772870	
4890.000000	0.785757	0.712919	0.737793	0.765067	0.845627	0.735765	0.763821	0.751430	0.772870	
4900.000000	0.783918	0.711897	0.741612	0.766753	0.847401	0.732939	0.764087	0.754182	0.772870	
4910.000000	0.788874	0.709442	0.739882	0.765749	0.858636	0.733977	0.766093	0.752816	0.772870	
4920.000000	0.788119	0.715715	0.740878	0.763857	0.851151	0.731570	0.765215	0.752368	0.772870	
4930.000000	0.787635	0.707260	0.741904	0.769409	0.857775	0.734901	0.766480	0.755656	0.772870	
4940.000000	0.788311	0.717159	0.739373	0.763920	0.848754	0.734436	0.765325	0.751646	0.772870	
4950.000000	0.787812	0.712529	0.737710	0.761609	0.842136	0.738333	0.763355	0.749971	0.772870	
4960.000000	0.784167	0.711351	0.736490	0.761174	0.834852	0.736552	0.760764	0.748863	0.772870	
4970.000000	0.789419	0.720110	0.736692	0.767334	0.851245	0.735646	0.766741	0.752013	0.772870	
4980.000000	0.767165	0.712944	0.742291	0.764780	0.844935	0.733395	0.760919	0.753536	0.772870	
4990.000000	0.786269	0.704929	0.741483	0.766334	0.848546	0.738146	0.764285	0.753909	0.772870	
5000.000000	0.789491	0.712671	0.746748	0.769585	0.851515	0.737643	0.767942	0.758166	0.772870	
