Epoch	AUC-21	AUC-22	AUC-23	AUC-24	AUC-25	AUC-26	AUC-Avg	AUC-Mid	AUC-Best	
1.000000	0.517973	0.538423	0.492403	0.530497	0.507429	0.514859	0.516931	0.516416	0.516931	
10.000000	0.522144	0.538463	0.526177	0.549473	0.611653	0.510483	0.543065	0.532320	0.543065	
20.000000	0.529190	0.530330	0.545761	0.582062	0.641659	0.514996	0.557333	0.538046	0.557333	
30.000000	0.553767	0.542790	0.557281	0.581921	0.607444	0.532184	0.562565	0.555524	0.562565	
40.000000	0.583709	0.557859	0.572170	0.580965	0.677327	0.535288	0.584553	0.576567	0.584553	
50.000000	0.613456	0.537434	0.586246	0.604070	0.706541	0.555544	0.600548	0.595158	0.600548	
60.000000	0.609347	0.547680	0.588418	0.619284	0.710687	0.574566	0.608330	0.598883	0.608330	
70.000000	0.624903	0.547649	0.595051	0.614740	0.729200	0.574785	0.614388	0.604896	0.614388	
80.000000	0.652732	0.541166	0.592792	0.611241	0.741102	0.579345	0.619730	0.602017	0.619730	
90.000000	0.643572	0.539132	0.601663	0.618990	0.746373	0.589153	0.623147	0.610327	0.623147	
100.000000	0.657949	0.554065	0.599107	0.624287	0.742234	0.594896	0.628757	0.611697	0.628757	
110.000000	0.653897	0.557632	0.607261	0.622654	0.760056	0.590185	0.631948	0.614957	0.631948	
120.000000	0.651878	0.559923	0.610205	0.631764	0.753488	0.601334	0.634765	0.620985	0.634765	
130.000000	0.663092	0.566339	0.614703	0.637590	0.759829	0.602260	0.640635	0.626147	0.640635	
140.000000	0.657263	0.560493	0.620665	0.630792	0.753218	0.603115	0.637591	0.625728	0.640635	
150.000000	0.656851	0.572122	0.617037	0.640748	0.766818	0.592906	0.641080	0.628892	0.641080	
160.000000	0.649847	0.575705	0.613815	0.644282	0.766076	0.596074	0.640966	0.629049	0.641080	
170.000000	0.662268	0.583342	0.615012	0.638416	0.766158	0.610496	0.645949	0.626714	0.645949	
180.000000	0.669212	0.580974	0.617931	0.642038	0.761320	0.614317	0.647632	0.629985	0.647632	
190.000000	0.659413	0.598597	0.614764	0.642684	0.751148	0.604117	0.645120	0.628724	0.647632	
200.000000	0.660945	0.583180	0.611277	0.642216	0.752368	0.602747	0.642122	0.626747	0.647632	
210.000000	0.665821	0.590399	0.618896	0.640967	0.759578	0.607908	0.647261	0.629931	0.647632	
220.000000	0.666664	0.582976	0.615266	0.637981	0.762842	0.608706	0.645739	0.626623	0.647632	
230.000000	0.676074	0.579523	0.623092	0.651143	0.770114	0.621664	0.653602	0.637118	0.653602	
240.000000	0.671516	0.583354	0.627434	0.658538	0.772593	0.615408	0.654807	0.642986	0.654807	
250.000000	0.681566	0.585251	0.621137	0.655230	0.775216	0.618666	0.656178	0.638184	0.656178	
260.000000	0.683329	0.581779	0.623102	0.659577	0.772889	0.620968	0.656941	0.641340	0.656941	
270.000000	0.682723	0.591691	0.626594	0.657102	0.775367	0.625756	0.659872	0.641848	0.659872	
280.000000	0.681163	0.591022	0.623025	0.667196	0.777638	0.617064	0.659518	0.645111	0.659872	
290.000000	0.677958	0.597376	0.631113	0.673906	0.787521	0.621301	0.664862	0.652509	0.664862	
300.000000	0.678274	0.598953	0.627033	0.669933	0.780192	0.625849	0.663372	0.648483	0.664862	
310.000000	0.686785	0.595423	0.632883	0.665269	0.782733	0.626329	0.664904	0.649076	0.664904	
320.000000	0.684191	0.601157	0.628226	0.670310	0.774858	0.623829	0.663762	0.649268	0.664904	
330.000000	0.679247	0.600159	0.633258	0.670028	0.767359	0.625794	0.662641	0.651643	0.664904	
340.000000	0.675222	0.608515	0.628401	0.669166	0.772241	0.627828	0.663562	0.648783	0.664904	
350.000000	0.683107	0.603159	0.643735	0.672406	0.783576	0.628491	0.669079	0.658070	0.669079	
360.000000	0.690289	0.601516	0.631781	0.667985	0.778538	0.629478	0.666598	0.649883	0.669079	
370.000000	0.688510	0.595813	0.638182	0.676565	0.789848	0.626265	0.669197	0.657373	0.669197	
380.000000	0.692387	0.601281	0.641240	0.674680	0.797743	0.631530	0.673143	0.657960	0.673143	
390.000000	0.700783	0.585220	0.641367	0.681038	0.800825	0.635055	0.674048	0.661203	0.674048	
400.000000	0.700881	0.597791	0.645740	0.691219	0.809242	0.637308	0.680364	0.668479	0.680364	
410.000000	0.703046	0.597896	0.644535	0.687460	0.799234	0.633393	0.677594	0.665998	0.680364	
420.000000	0.699876	0.606543	0.645036	0.689491	0.801895	0.635807	0.679775	0.667263	0.680364	
430.000000	0.698626	0.611794	0.640598	0.685732	0.799328	0.639098	0.679196	0.663165	0.680364	
440.000000	0.702042	0.606147	0.643834	0.689674	0.794616	0.635688	0.678667	0.666754	0.680364	
450.000000	0.706431	0.594871	0.644026	0.684952	0.786967	0.640518	0.676294	0.664489	0.680364	
460.000000	0.709888	0.589788	0.644127	0.687131	0.803260	0.639608	0.678967	0.665629	0.680364	
470.000000	0.704897	0.589438	0.650862	0.694277	0.801675	0.644292	0.680907	0.672569	0.680907	
480.000000	0.702960	0.598299	0.645726	0.690823	0.798312	0.637833	0.678992	0.668275	0.680907	
490.000000	0.692466	0.601628	0.647367	0.685424	0.798152	0.637452	0.677081	0.666396	0.680907	
500.000000	0.709177	0.606457	0.650394	0.692919	0.804688	0.634934	0.683095	0.671657	0.683095	
510.000000	0.709362	0.607238	0.650131	0.686628	0.804411	0.641378	0.683191	0.668380	0.683191	
520.000000	0.712695	0.599012	0.651988	0.695919	0.811117	0.643002	0.685622	0.673953	0.685622	
530.000000	0.715553	0.617689	0.654215	0.697520	0.813476	0.645414	0.690644	0.675867	0.690644	
540.000000	0.715184	0.618625	0.650525	0.686498	0.806330	0.648490	0.687609	0.668511	0.690644	
550.000000	0.706954	0.623949	0.643557	0.681089	0.770322	0.643523	0.678232	0.662323	0.690644	
560.000000	0.716895	0.616461	0.647416	0.685741	0.799095	0.643821	0.684905	0.666579	0.690644	
570.000000	0.704341	0.630018	0.640670	0.683213	0.797026	0.642586	0.682976	0.662899	0.690644	
580.000000	0.715720	0.623162	0.654110	0.690034	0.802612	0.652187	0.689637	0.672072	0.690644	
590.000000	0.717211	0.617875	0.657985	0.697249	0.806588	0.652318	0.691538	0.677617	0.691538	
600.000000	0.720772	0.605285	0.663878	0.707707	0.805719	0.655694	0.693176	0.685793	0.693176	
610.000000	0.726472	0.619251	0.661625	0.698723	0.806418	0.656063	0.694758	0.680174	0.694758	
620.000000	0.729771	0.620013	0.656854	0.699935	0.810312	0.654226	0.695185	0.678394	0.695185	
630.000000	0.719441	0.624941	0.661726	0.701399	0.805650	0.656135	0.694882	0.681563	0.695185	
640.000000	0.722701	0.620924	0.666062	0.703289	0.815703	0.651230	0.696652	0.684675	0.696652	
650.000000	0.721395	0.625108	0.665564	0.699708	0.810261	0.648042	0.695013	0.682636	0.696652	
660.000000	0.721235	0.628877	0.662277	0.701096	0.812262	0.646982	0.695455	0.681687	0.696652	
670.000000	0.709389	0.637971	0.656712	0.698889	0.809091	0.648364	0.693403	0.677801	0.696652	
680.000000	0.710212	0.643091	0.657217	0.695059	0.799737	0.643256	0.691429	0.676138	0.696652	
690.000000	0.705729	0.637115	0.654292	0.692935	0.794610	0.642189	0.687812	0.673614	0.696652	
700.000000	0.710539	0.638913	0.654027	0.689292	0.796107	0.643156	0.688672	0.671659	0.696652	
710.000000	0.707611	0.641467	0.658816	0.696241	0.799360	0.650593	0.692348	0.677528	0.696652	
720.000000	0.709687	0.642375	0.648925	0.694577	0.803436	0.651704	0.691784	0.673141	0.696652	
730.000000	0.709871	0.647579	0.650262	0.698970	0.794063	0.653882	0.692438	0.676426	0.696652	
740.000000	0.713161	0.640766	0.664259	0.702290	0.799806	0.651408	0.695282	0.683274	0.696652	
750.000000	0.719018	0.637549	0.669150	0.704880	0.801895	0.663192	0.699281	0.687015	0.699281	
760.000000	0.717403	0.635175	0.669947	0.711885	0.809720	0.649952	0.699014	0.690916	0.699281	
770.000000	0.709276	0.628109	0.669799	0.702000	0.801410	0.650271	0.693477	0.685899	0.699281	
780.000000	0.712663	0.637996	0.667535	0.707885	0.798221	0.653330	0.696272	0.687710	0.699281	
790.000000	0.719467	0.641188	0.668259	0.706025	0.803467	0.654389	0.698799	0.687142	0.699281	
800.000000	0.708606	0.634648	0.665211	0.703645	0.798529	0.649627	0.693378	0.684428	0.699281	
810.000000	0.709711	0.631846	0.665848	0.701892	0.793912	0.644969	0.691363	0.683870	0.699281	
820.000000	0.717301	0.631115	0.668594	0.714616	0.799706	0.648038	0.696562	0.691605	0.699281	
830.000000	0.706453	0.634531	0.668552	0.712073	0.798995	0.649383	0.694998	0.687502	0.699281	
840.000000	0.713989	0.632187	0.672729	0.713090	0.805581	0.654153	0.698622	0.692910	0.699281	
850.000000	0.708766	0.627972	0.670569	0.711552	0.800404	0.655427	0.695782	0.689667	0.699281	
860.000000	0.704682	0.629045	0.672666	0.712100	0.802291	0.651468	0.695375	0.688674	0.699281	
870.000000	0.712354	0.638925	0.666605	0.710381	0.798101	0.656305	0.697112	0.688493	0.699281	
880.000000	0.706410	0.637493	0.667001	0.711082	0.804210	0.657167	0.697227	0.686705	0.699281	
890.000000	0.707560	0.647473	0.669975	0.709814	0.806336	0.657582	0.699790	0.688767	0.699790	
900.000000	0.721575	0.641182	0.676032	0.721255	0.813778	0.657672	0.705249	0.698644	0.705249	
910.000000	0.716609	0.641616	0.676504	0.719072	0.819163	0.657019	0.704997	0.696557	0.705249	
920.000000	0.709459	0.645062	0.670015	0.712278	0.814709	0.658283	0.701634	0.689737	0.705249	
930.000000	0.724581	0.643915	0.676121	0.709610	0.811960	0.658792	0.704163	0.692866	0.705249	
940.000000	0.717305	0.649023	0.671703	0.710550	0.804581	0.658056	0.701870	0.691126	0.705249	
950.000000	0.718229	0.657317	0.675238	0.712383	0.810601	0.660567	0.705722	0.693810	0.705722	
960.000000	0.721696	0.657013	0.676983	0.712343	0.808041	0.662822	0.706483	0.694663	0.706483	
970.000000	0.729897	0.647318	0.678523	0.715905	0.817351	0.660930	0.708321	0.697214	0.708321	
980.000000	0.727001	0.636595	0.679379	0.719692	0.815608	0.661673	0.706658	0.699535	0.708321	
990.000000	0.737015	0.639087	0.676819	0.711154	0.805040	0.667407	0.706087	0.693986	0.708321	
1000.000000	0.733255	0.644864	0.676207	0.713800	0.812438	0.665397	0.707660	0.695003	0.708321	
1010.000000	0.730298	0.654391	0.677568	0.715509	0.814438	0.668911	0.710186	0.696539	0.710186	
1020.000000	0.731051	0.653418	0.675969	0.715708	0.812954	0.666623	0.709287	0.695839	0.710186	
1030.000000	0.722953	0.662171	0.672392	0.716992	0.810972	0.665589	0.708511	0.694692	0.710186	
1040.000000	0.722343	0.659108	0.671622	0.716765	0.810809	0.664475	0.707520	0.694193	0.710186	
1050.000000	0.718901	0.668313	0.674092	0.719467	0.814174	0.669440	0.710731	0.696497	0.710731	
1060.000000	0.728125	0.675876	0.674235	0.713647	0.804751	0.670157	0.711132	0.694762	0.711132	
1070.000000	0.728501	0.669820	0.677116	0.714674	0.815388	0.669248	0.712458	0.695895	0.712458	
1080.000000	0.732111	0.673260	0.680843	0.719458	0.814835	0.672610	0.715520	0.700151	0.715520	
1090.000000	0.731677	0.669758	0.688682	0.724848	0.820484	0.673327	0.718129	0.706765	0.718129	
1100.000000	0.726058	0.668127	0.688190	0.724015	0.812979	0.665862	0.714205	0.706103	0.718129	
1110.000000	0.726497	0.674853	0.685250	0.723786	0.816665	0.669971	0.716170	0.704518	0.718129	
1120.000000	0.730020	0.671239	0.684307	0.720578	0.813331	0.671695	0.715195	0.702442	0.718129	
1130.000000	0.727434	0.658402	0.681812	0.716550	0.814879	0.668505	0.711264	0.699181	0.718129	
1140.000000	0.723770	0.672442	0.684632	0.721889	0.817672	0.666575	0.714497	0.703260	0.718129	
1150.000000	0.726593	0.665409	0.688301	0.720150	0.819452	0.665754	0.714277	0.704225	0.718129	
1160.000000	0.729786	0.656629	0.689003	0.716629	0.819465	0.660763	0.712046	0.702816	0.718129	
1170.000000	0.735425	0.662220	0.692547	0.716386	0.826529	0.662535	0.715941	0.704467	0.718129	
1180.000000	0.731484	0.661334	0.689668	0.719641	0.822025	0.662156	0.714385	0.704655	0.718129	
1190.000000	0.727719	0.663863	0.686631	0.713400	0.814086	0.667242	0.712157	0.700015	0.718129	
1200.000000	0.726333	0.663268	0.688396	0.719116	0.810840	0.668115	0.712678	0.703756	0.718129	
1210.000000	0.733486	0.676328	0.692149	0.727686	0.825082	0.670734	0.720911	0.709918	0.720911	
1220.000000	0.737543	0.672900	0.694186	0.726886	0.825239	0.670919	0.721279	0.710536	0.721279	
1230.000000	0.736910	0.665834	0.694662	0.727774	0.830360	0.672912	0.721409	0.711218	0.721409	
1240.000000	0.741044	0.662397	0.696169	0.725276	0.827070	0.670961	0.720486	0.710723	0.721409	
1250.000000	0.740941	0.670762	0.692478	0.722946	0.825139	0.678988	0.721876	0.707712	0.721876	
1260.000000	0.737516	0.674494	0.693548	0.728459	0.834877	0.675298	0.724032	0.711003	0.724032	
1270.000000	0.734023	0.674401	0.691874	0.732352	0.829253	0.676166	0.723011	0.712113	0.724032	
1280.000000	0.740041	0.671047	0.689561	0.728558	0.824749	0.678036	0.721999	0.709060	0.724032	
1290.000000	0.737241	0.670092	0.687408	0.724121	0.823327	0.678391	0.720097	0.705764	0.724032	
1300.000000	0.740004	0.674878	0.681275	0.712745	0.811733	0.681495	0.717022	0.697120	0.724032	
1310.000000	0.743370	0.665053	0.690752	0.706206	0.813426	0.679019	0.716304	0.698479	0.724032	
1320.000000	0.750887	0.662133	0.692658	0.721177	0.817609	0.679923	0.720731	0.706918	0.724032	
1330.000000	0.743058	0.663869	0.687301	0.717242	0.818622	0.678508	0.718100	0.702271	0.724032	
1340.000000	0.737965	0.676868	0.685605	0.718618	0.805971	0.672407	0.716239	0.702111	0.724032	
1350.000000	0.737017	0.677518	0.679300	0.713969	0.807298	0.681585	0.716115	0.697777	0.724032	
1360.000000	0.739341	0.673489	0.682155	0.717397	0.810809	0.680203	0.717232	0.699776	0.724032	
1370.000000	0.749122	0.666460	0.691166	0.712107	0.814640	0.681277	0.719129	0.701637	0.724032	
1380.000000	0.743169	0.670266	0.685224	0.712211	0.808072	0.680721	0.716610	0.698717	0.724032	
1390.000000	0.735944	0.665313	0.688230	0.714744	0.801436	0.677859	0.713921	0.701487	0.724032	
1400.000000	0.744556	0.659183	0.691240	0.721575	0.816175	0.683569	0.719383	0.706407	0.724032	
1410.000000	0.738577	0.661532	0.690982	0.725597	0.813463	0.681539	0.718615	0.708290	0.724032	
1420.000000	0.745078	0.653691	0.693740	0.726273	0.818037	0.679590	0.719401	0.710006	0.724032	
1430.000000	0.740363	0.650852	0.694122	0.723529	0.818370	0.676338	0.717262	0.708825	0.724032	
1440.000000	0.752728	0.661005	0.696994	0.722439	0.820446	0.680597	0.722368	0.709716	0.724032	
1450.000000	0.736761	0.659499	0.691251	0.719287	0.812973	0.679907	0.716613	0.705269	0.724032	
1460.000000	0.746265	0.659858	0.697792	0.719067	0.815495	0.684676	0.720526	0.708430	0.724032	
1470.000000	0.738720	0.669373	0.692444	0.720788	0.817691	0.681455	0.720079	0.706616	0.724032	
1480.000000	0.741268	0.662611	0.691257	0.714809	0.805625	0.676874	0.715407	0.703033	0.724032	
1490.000000	0.746954	0.658303	0.696942	0.722148	0.819471	0.680741	0.720760	0.709545	0.724032	
1500.000000	0.744046	0.656759	0.688539	0.716752	0.814231	0.680126	0.716742	0.702645	0.724032	
1510.000000	0.753936	0.656864	0.690063	0.724355	0.816068	0.680562	0.720308	0.707209	0.724032	
1520.000000	0.750601	0.667768	0.691753	0.723416	0.821383	0.682129	0.722842	0.707584	0.724032	
1530.000000	0.748414	0.672169	0.691311	0.723948	0.823667	0.683757	0.723877	0.707629	0.724032	
1540.000000	0.747274	0.669057	0.692050	0.721896	0.816860	0.682559	0.721616	0.706973	0.724032	
1550.000000	0.751514	0.672727	0.692080	0.718096	0.820232	0.689641	0.724048	0.705088	0.724048	
1560.000000	0.736479	0.687399	0.688643	0.716178	0.812120	0.682978	0.720633	0.702410	0.724048	
1570.000000	0.743604	0.684982	0.691785	0.723471	0.825831	0.677593	0.724544	0.707628	0.724544	
1580.000000	0.739857	0.674109	0.692488	0.724001	0.823553	0.679976	0.722331	0.708245	0.724544	
1590.000000	0.733763	0.683370	0.696792	0.728143	0.827469	0.673322	0.723810	0.712467	0.724544	
1600.000000	0.739038	0.679663	0.693851	0.730857	0.826957	0.677868	0.724706	0.712354	0.724706	
1610.000000	0.742748	0.684690	0.697156	0.725251	0.823591	0.681579	0.725836	0.711204	0.725836	
1620.000000	0.747575	0.679242	0.699839	0.732416	0.829146	0.683494	0.728619	0.716128	0.728619	
1630.000000	0.744807	0.681622	0.693705	0.729275	0.827416	0.683668	0.726749	0.711490	0.728619	
1640.000000	0.747050	0.690176	0.694038	0.729550	0.824132	0.685456	0.728401	0.711794	0.728619	
1650.000000	0.758756	0.667542	0.700669	0.720906	0.831429	0.693120	0.728737	0.710788	0.728737	
1660.000000	0.757354	0.666342	0.700041	0.729032	0.836009	0.694508	0.730548	0.714537	0.730548	
1670.000000	0.758248	0.669045	0.705252	0.734047	0.838720	0.689202	0.732419	0.719650	0.732419	
1680.000000	0.762471	0.669417	0.706786	0.734292	0.842438	0.690825	0.734371	0.720539	0.734371	
1690.000000	0.753786	0.674196	0.702887	0.735555	0.837091	0.685450	0.731494	0.719221	0.734371	
1700.000000	0.762200	0.672987	0.699241	0.732539	0.824346	0.693979	0.730882	0.715890	0.734371	
1710.000000	0.760950	0.675244	0.699169	0.728105	0.834556	0.691556	0.731597	0.713637	0.734371	
1720.000000	0.760222	0.670198	0.700418	0.729382	0.829467	0.687502	0.729531	0.714900	0.734371	
1730.000000	0.758359	0.659964	0.701272	0.730860	0.826932	0.694466	0.728642	0.716066	0.734371	
1740.000000	0.764370	0.673130	0.705039	0.734866	0.846722	0.694630	0.736459	0.719953	0.736459	
1750.000000	0.770208	0.667377	0.704840	0.729469	0.844992	0.700137	0.736171	0.717155	0.736459	
1760.000000	0.771862	0.665598	0.702817	0.730813	0.838695	0.693796	0.733930	0.716815	0.736459	
1770.000000	0.772476	0.673359	0.707602	0.733839	0.842079	0.700326	0.738280	0.720721	0.738280	
1780.000000	0.769002	0.675219	0.706205	0.729837	0.834323	0.699652	0.735706	0.718021	0.738280	
1790.000000	0.764993	0.668431	0.705476	0.733839	0.833769	0.695293	0.733634	0.719658	0.738280	
1800.000000	0.768819	0.665059	0.707365	0.737554	0.838519	0.698388	0.735951	0.722459	0.738280	
1810.000000	0.764592	0.668431	0.707271	0.738859	0.838997	0.696127	0.735713	0.723065	0.738280	
1820.000000	0.760785	0.678585	0.711500	0.736939	0.843482	0.693571	0.737477	0.724219	0.738280	
1830.000000	0.763455	0.673328	0.716965	0.740098	0.838104	0.696936	0.738148	0.728532	0.738280	
1840.000000	0.763047	0.674723	0.715580	0.740159	0.847382	0.696867	0.739626	0.727869	0.739626	
1850.000000	0.761310	0.680141	0.709170	0.739219	0.838934	0.695796	0.737428	0.724195	0.739626	
1860.000000	0.762383	0.685831	0.707483	0.734628	0.841387	0.699782	0.738582	0.721056	0.739626	
1870.000000	0.763576	0.688013	0.709021	0.734496	0.837997	0.700518	0.738937	0.721758	0.739626	
1880.000000	0.759046	0.682341	0.710450	0.740693	0.836953	0.698201	0.737947	0.725571	0.739626	
1890.000000	0.763760	0.681263	0.711253	0.740932	0.839161	0.693988	0.738393	0.726093	0.739626	
1900.000000	0.758602	0.687957	0.705686	0.741965	0.834443	0.690273	0.736488	0.723826	0.739626	
1910.000000	0.759573	0.673186	0.717402	0.742059	0.845816	0.689473	0.737918	0.729730	0.739626	
1920.000000	0.757412	0.681101	0.716325	0.737709	0.838192	0.691098	0.736973	0.727017	0.739626	
1930.000000	0.754210	0.681907	0.712930	0.740402	0.838978	0.692864	0.736882	0.726666	0.739626	
1940.000000	0.762183	0.689773	0.714004	0.737353	0.842419	0.694334	0.740011	0.725679	0.740011	
1950.000000	0.761613	0.682168	0.713121	0.740607	0.835833	0.690185	0.737254	0.726864	0.740011	
1960.000000	0.762221	0.675089	0.707468	0.733201	0.837097	0.689242	0.734053	0.720334	0.740011	
1970.000000	0.767357	0.672987	0.712223	0.732627	0.837494	0.695265	0.736325	0.722425	0.740011	
1980.000000	0.766177	0.679502	0.711876	0.732662	0.834927	0.693918	0.736510	0.722269	0.740011	
1990.000000	0.761666	0.689184	0.711023	0.730631	0.831895	0.688082	0.735414	0.720827	0.740011	
2000.000000	0.761171	0.682453	0.713337	0.731815	0.836110	0.688433	0.735553	0.722576	0.740011	
2010.000000	0.768445	0.683277	0.713444	0.733871	0.844275	0.690040	0.738892	0.723657	0.740011	
2020.000000	0.767716	0.673496	0.716392	0.737512	0.839576	0.691074	0.737628	0.726952	0.740011	
2030.000000	0.764912	0.668530	0.715096	0.736867	0.836267	0.686532	0.734701	0.725982	0.740011	
2040.000000	0.767099	0.674097	0.711710	0.731776	0.838638	0.688595	0.735319	0.721743	0.740011	
2050.000000	0.766928	0.680292	0.713981	0.730413	0.832121	0.685745	0.734914	0.722197	0.740011	
2060.000000	0.772020	0.669116	0.716202	0.732546	0.840343	0.699297	0.738254	0.724374	0.740011	
2070.000000	0.771864	0.671989	0.721441	0.731945	0.840645	0.696517	0.739067	0.726693	0.740011	
2080.000000	0.754198	0.676713	0.711872	0.732898	0.831190	0.693797	0.733445	0.722385	0.740011	
2090.000000	0.751222	0.674475	0.711944	0.728276	0.827894	0.684244	0.729676	0.720110	0.740011	
2100.000000	0.755114	0.664117	0.716552	0.726960	0.820867	0.689579	0.728865	0.721756	0.740011	
2110.000000	0.758521	0.669714	0.709431	0.731456	0.833423	0.687720	0.731711	0.720444	0.740011	
2120.000000	0.764082	0.676657	0.716323	0.730688	0.827366	0.697972	0.735515	0.723506	0.740011	
2130.000000	0.771625	0.673942	0.719210	0.730640	0.835663	0.693069	0.737358	0.724925	0.740011	
2140.000000	0.767191	0.686587	0.719560	0.740855	0.833411	0.698948	0.741092	0.730208	0.741092	
2150.000000	0.761355	0.671016	0.717327	0.741001	0.837500	0.697806	0.737668	0.729164	0.741092	
2160.000000	0.758308	0.675709	0.721577	0.737899	0.833077	0.696216	0.737131	0.729738	0.741092	
2170.000000	0.759328	0.675467	0.714286	0.742613	0.841991	0.691199	0.737481	0.728449	0.741092	
2180.000000	0.764240	0.670638	0.719305	0.748555	0.843061	0.691030	0.739471	0.733930	0.741092	
2190.000000	0.765409	0.669807	0.720224	0.744461	0.843073	0.691810	0.739131	0.732343	0.741092	
2200.000000	0.763595	0.674506	0.717370	0.740281	0.843457	0.688792	0.738000	0.728826	0.741092	
2210.000000	0.769301	0.675324	0.712766	0.736832	0.837299	0.690018	0.736923	0.724799	0.741092	
2220.000000	0.761191	0.685527	0.711666	0.728811	0.822736	0.695093	0.734171	0.720239	0.741092	
2230.000000	0.765584	0.686910	0.712887	0.734565	0.829674	0.695928	0.737591	0.723726	0.741092	
2240.000000	0.770150	0.679731	0.717347	0.736054	0.834644	0.704746	0.740446	0.726700	0.741092	
2250.000000	0.768766	0.677488	0.718875	0.736351	0.834914	0.700644	0.739506	0.727613	0.741092	
2260.000000	0.766476	0.676626	0.715811	0.733478	0.831819	0.703214	0.737904	0.724645	0.741092	
2270.000000	0.768292	0.686538	0.717926	0.736987	0.829322	0.706814	0.740980	0.727456	0.741092	
2280.000000	0.776430	0.686209	0.721395	0.738172	0.833600	0.710772	0.744430	0.729783	0.744430	
2290.000000	0.767684	0.687281	0.719624	0.741836	0.830945	0.704156	0.741921	0.730730	0.744430	
2300.000000	0.764793	0.682329	0.718988	0.738491	0.843595	0.702052	0.741708	0.728739	0.744430	
2310.000000	0.765317	0.692792	0.719515	0.741056	0.838475	0.703148	0.743384	0.730285	0.744430	
2320.000000	0.766502	0.679639	0.716513	0.740080	0.833650	0.697760	0.739024	0.728296	0.744430	
2330.000000	0.769500	0.688509	0.717751	0.738643	0.833461	0.700813	0.741446	0.728197	0.744430	
2340.000000	0.776439	0.684021	0.721171	0.740880	0.836563	0.704109	0.743864	0.731026	0.744430	
2350.000000	0.775489	0.687151	0.719374	0.738310	0.842514	0.707612	0.745075	0.728842	0.745075	
2360.000000	0.773232	0.691292	0.719983	0.736483	0.840557	0.710611	0.745360	0.728233	0.745360	
2370.000000	0.776733	0.680587	0.717997	0.736171	0.837355	0.704971	0.742302	0.727084	0.745360	
2380.000000	0.775615	0.689116	0.713654	0.737605	0.833537	0.708893	0.743070	0.725629	0.745360	
2390.000000	0.776878	0.680153	0.712173	0.737656	0.839871	0.705212	0.741991	0.724915	0.745360	
2400.000000	0.773136	0.682961	0.710907	0.735310	0.831914	0.707582	0.740302	0.723109	0.745360	
2410.000000	0.776108	0.679595	0.713786	0.734144	0.821912	0.709451	0.739166	0.723965	0.745360	
2420.000000	0.769724	0.689860	0.708699	0.734989	0.831096	0.704608	0.739829	0.721844	0.745360	
2430.000000	0.773522	0.678138	0.715001	0.737549	0.834392	0.704588	0.740532	0.726275	0.745360	
2440.000000	0.771793	0.682062	0.713173	0.736471	0.823585	0.704861	0.738658	0.724822	0.745360	
2450.000000	0.773479	0.686128	0.711202	0.734017	0.829146	0.709657	0.740605	0.722609	0.745360	
2460.000000	0.773492	0.685775	0.712120	0.730159	0.819263	0.708318	0.738188	0.721139	0.745360	
2470.000000	0.760553	0.692135	0.708100	0.729645	0.818383	0.705450	0.735711	0.718872	0.745360	
2480.000000	0.772903	0.679484	0.715916	0.731063	0.819502	0.699334	0.736367	0.723490	0.745360	
2490.000000	0.774051	0.691918	0.716768	0.732525	0.829033	0.709259	0.742259	0.724647	0.745360	
2500.000000	0.773398	0.687728	0.716521	0.733622	0.831939	0.708987	0.742032	0.725071	0.745360	
2510.000000	0.776027	0.679136	0.719277	0.741058	0.837569	0.709921	0.743831	0.730168	0.745360	
2520.000000	0.775542	0.685037	0.719420	0.740237	0.843382	0.705871	0.744915	0.729828	0.745360	
2530.000000	0.779257	0.693648	0.718885	0.744991	0.836141	0.713238	0.747693	0.731938	0.747693	
2540.000000	0.770953	0.695123	0.718300	0.737367	0.828838	0.705439	0.742670	0.727833	0.747693	
2550.000000	0.774156	0.696809	0.723640	0.737730	0.829649	0.708521	0.745084	0.730685	0.747693	
2560.000000	0.770018	0.691602	0.716717	0.731910	0.822006	0.702930	0.739197	0.724313	0.747693	
2570.000000	0.776953	0.693127	0.719628	0.726916	0.830530	0.709614	0.742795	0.723272	0.747693	
2580.000000	0.774922	0.692928	0.719041	0.732581	0.828982	0.710708	0.743194	0.725811	0.747693	
2590.000000	0.778871	0.684145	0.720478	0.735905	0.828989	0.711016	0.743234	0.728191	0.747693	
2600.000000	0.781229	0.688620	0.727205	0.737670	0.834455	0.709713	0.746482	0.732437	0.747693	
2610.000000	0.778999	0.688459	0.726499	0.742867	0.838752	0.716442	0.748670	0.734683	0.748670	
2620.000000	0.778402	0.689680	0.725178	0.743045	0.839060	0.711944	0.747885	0.734112	0.748670	
2630.000000	0.777962	0.688732	0.726638	0.746254	0.835185	0.711936	0.747784	0.736446	0.748670	
2640.000000	0.771663	0.693908	0.724199	0.748838	0.840758	0.706864	0.747705	0.736518	0.748670	
2650.000000	0.771390	0.683097	0.725929	0.743483	0.841381	0.706651	0.745322	0.734706	0.748670	
2660.000000	0.775611	0.677915	0.720969	0.744267	0.845149	0.705933	0.744974	0.732618	0.748670	
2670.000000	0.768749	0.683841	0.725441	0.748169	0.848093	0.700730	0.745837	0.736805	0.748670	
2680.000000	0.770144	0.686234	0.722311	0.740000	0.832933	0.709290	0.743485	0.731155	0.748670	
2690.000000	0.780719	0.688137	0.725804	0.739090	0.835418	0.708419	0.746264	0.732447	0.748670	
2700.000000	0.769116	0.683259	0.718132	0.743575	0.836449	0.709191	0.743287	0.730853	0.748670	
2710.000000	0.779285	0.685037	0.724312	0.738222	0.832065	0.708588	0.744585	0.731267	0.748670	
2720.000000	0.775852	0.685527	0.723915	0.739247	0.830222	0.712562	0.744554	0.731581	0.748670	
2730.000000	0.782347	0.682174	0.719299	0.734309	0.819855	0.709206	0.741198	0.726804	0.748670	
2740.000000	0.774066	0.683587	0.718681	0.741394	0.831008	0.710496	0.743205	0.730037	0.748670	
2750.000000	0.780301	0.678994	0.722156	0.741442	0.836430	0.712066	0.745232	0.731799	0.748670	
2760.000000	0.777098	0.674363	0.721298	0.738859	0.837041	0.710397	0.743176	0.730078	0.748670	
2770.000000	0.774491	0.687108	0.720260	0.738808	0.837701	0.707751	0.744353	0.729534	0.748670	
2780.000000	0.776127	0.682254	0.722719	0.742581	0.839280	0.711980	0.745823	0.732650	0.748670	
2790.000000	0.775344	0.684368	0.728497	0.745088	0.844841	0.713146	0.748547	0.736792	0.748670	
2800.000000	0.779510	0.688521	0.728536	0.744713	0.833813	0.709391	0.747414	0.736625	0.748670	
2810.000000	0.772619	0.695637	0.726053	0.747734	0.837047	0.709850	0.748157	0.736894	0.748670	
2820.000000	0.773863	0.687750	0.725905	0.748479	0.842388	0.703668	0.747009	0.737192	0.748670	
2830.000000	0.770724	0.693025	0.723059	0.746663	0.841582	0.704343	0.746566	0.734861	0.748670	
2840.000000	0.777636	0.687368	0.725413	0.747126	0.831096	0.711953	0.746765	0.736270	0.748670	
2850.000000	0.779132	0.688298	0.724933	0.745877	0.837361	0.705179	0.746797	0.735405	0.748670	
2860.000000	0.781216	0.688875	0.722138	0.746328	0.834203	0.712299	0.747510	0.734233	0.748670	
2870.000000	0.784682	0.689005	0.726539	0.745833	0.834002	0.712601	0.748777	0.736186	0.748777	
2880.000000	0.777533	0.703745	0.725031	0.748743	0.843073	0.710948	0.751512	0.736887	0.751512	
2890.000000	0.773057	0.691800	0.721736	0.748549	0.848999	0.708243	0.748731	0.735142	0.751512	
2900.000000	0.773547	0.695086	0.722951	0.748616	0.846389	0.707903	0.749082	0.735783	0.751512	
2910.000000	0.775065	0.698997	0.726099	0.750080	0.849263	0.707410	0.751152	0.738089	0.751512	
2920.000000	0.774450	0.690802	0.726305	0.749358	0.851515	0.710956	0.750564	0.737832	0.751512	
2930.000000	0.777787	0.700404	0.720538	0.744484	0.843879	0.707714	0.749134	0.732511	0.751512	
2940.000000	0.776799	0.695340	0.719851	0.747318	0.837034	0.709804	0.747691	0.733585	0.751512	
2950.000000	0.769158	0.704768	0.716741	0.743448	0.831819	0.707627	0.745594	0.730094	0.751512	
2960.000000	0.770677	0.700144	0.724496	0.744993	0.833870	0.707621	0.746967	0.734745	0.751512	
2970.000000	0.775605	0.704495	0.720678	0.741507	0.834166	0.705814	0.747044	0.731092	0.751512	
2980.000000	0.768571	0.700981	0.716305	0.741054	0.825158	0.708655	0.743454	0.728679	0.751512	
2990.000000	0.769335	0.698377	0.719309	0.737272	0.836346	0.707037	0.744613	0.728290	0.751512	
3000.000000	0.769824	0.701365	0.717311	0.738774	0.829995	0.706660	0.743988	0.728043	0.751512	
3010.000000	0.770539	0.704818	0.724508	0.743154	0.831178	0.704996	0.746532	0.733831	0.751512	
3020.000000	0.773366	0.699220	0.725122	0.741304	0.830480	0.704724	0.745703	0.733213	0.751512	
3030.000000	0.773242	0.699276	0.722211	0.740057	0.811161	0.711254	0.742867	0.731134	0.751512	
3040.000000	0.768187	0.699728	0.728459	0.739900	0.830568	0.710445	0.746215	0.734179	0.751512	
3050.000000	0.773127	0.702729	0.726816	0.745444	0.830763	0.706355	0.747539	0.736130	0.751512	
3060.000000	0.774896	0.692836	0.727577	0.746707	0.830297	0.712251	0.747427	0.737142	0.751512	
3070.000000	0.770360	0.691955	0.728697	0.744799	0.835845	0.708686	0.746724	0.736748	0.751512	
3080.000000	0.781923	0.683066	0.730490	0.747531	0.840702	0.711124	0.749139	0.739010	0.751512	
3090.000000	0.781641	0.684988	0.728065	0.743298	0.839821	0.711336	0.748191	0.735681	0.751512	
3100.000000	0.781378	0.692550	0.725079	0.746478	0.847596	0.706958	0.750007	0.735778	0.751512	
3110.000000	0.775020	0.687722	0.727805	0.747209	0.842652	0.705155	0.747594	0.737507	0.751512	
3120.000000	0.772429	0.699871	0.720359	0.735252	0.824642	0.712401	0.744159	0.727806	0.751512	
3130.000000	0.770150	0.696889	0.719667	0.740663	0.838387	0.711426	0.746197	0.730165	0.751512	
3140.000000	0.774030	0.693542	0.718344	0.738384	0.824403	0.711109	0.743302	0.728364	0.751512	
3150.000000	0.764287	0.698055	0.724060	0.749178	0.840129	0.707094	0.747134	0.736619	0.751512	
3160.000000	0.770897	0.683792	0.722532	0.747214	0.838343	0.703225	0.744334	0.734873	0.751512	
3170.000000	0.773876	0.677704	0.727163	0.746982	0.841092	0.706034	0.745475	0.737073	0.751512	
3180.000000	0.771978	0.670303	0.723822	0.744156	0.845055	0.705302	0.743436	0.733989	0.751512	
3190.000000	0.770182	0.677878	0.718976	0.747105	0.836367	0.712637	0.743858	0.733040	0.751512	
3200.000000	0.774491	0.683457	0.729305	0.748322	0.836487	0.710073	0.747022	0.738813	0.751512	
3210.000000	0.772331	0.688806	0.726049	0.749055	0.836537	0.710270	0.747175	0.737552	0.751512	
3220.000000	0.775566	0.692216	0.728433	0.744035	0.835575	0.709105	0.747488	0.736234	0.751512	
3230.000000	0.776680	0.686104	0.728932	0.743050	0.835606	0.711318	0.746948	0.735991	0.751512	
3240.000000	0.780585	0.690102	0.733452	0.746578	0.843985	0.712773	0.751246	0.740015	0.751512	
3250.000000	0.781007	0.695743	0.731235	0.743985	0.837424	0.718388	0.751297	0.737610	0.751512	
3260.000000	0.779994	0.707142	0.726810	0.744100	0.836342	0.719367	0.752293	0.735455	0.752293	
3270.000000	0.777757	0.694800	0.730448	0.750237	0.838884	0.717690	0.751636	0.740343	0.752293	
3280.000000	0.781018	0.684573	0.731146	0.747073	0.837336	0.720549	0.750282	0.739109	0.752293	
3290.000000	0.772286	0.684622	0.727535	0.744144	0.841306	0.710915	0.746801	0.735840	0.752293	
3300.000000	0.777126	0.692234	0.727387	0.743575	0.832719	0.717679	0.748453	0.735481	0.752293	
3310.000000	0.769517	0.686910	0.724736	0.737258	0.818496	0.719987	0.742817	0.730997	0.752293	
3320.000000	0.774343	0.685794	0.724079	0.737739	0.826076	0.715397	0.743905	0.730909	0.752293	
3330.000000	0.776979	0.683556	0.731019	0.744052	0.827303	0.718574	0.746914	0.737535	0.752293	
3340.000000	0.779164	0.684678	0.726004	0.742518	0.828963	0.717427	0.746459	0.734261	0.752293	
3350.000000	0.777019	0.683736	0.728403	0.748572	0.836147	0.715505	0.748230	0.738488	0.752293	
3360.000000	0.773643	0.685527	0.726158	0.748146	0.839224	0.715234	0.747989	0.737152	0.752293	
3370.000000	0.778824	0.689550	0.730636	0.747147	0.842878	0.719001	0.751340	0.738892	0.752293	
3380.000000	0.781485	0.684412	0.725316	0.744114	0.836217	0.720578	0.748687	0.734715	0.752293	
3390.000000	0.784210	0.696970	0.725211	0.746131	0.840066	0.719647	0.752039	0.735671	0.752293	
3400.000000	0.779968	0.692829	0.726055	0.746647	0.839525	0.719731	0.750793	0.736351	0.752293	
3410.000000	0.782691	0.691348	0.721738	0.746943	0.834273	0.723382	0.750062	0.735162	0.752293	
3420.000000	0.780480	0.695600	0.721516	0.738835	0.826114	0.720251	0.747133	0.730176	0.752293	
3430.000000	0.779341	0.695575	0.728427	0.750054	0.835694	0.715617	0.750785	0.739241	0.752293	
3440.000000	0.766753	0.691280	0.723959	0.745839	0.834380	0.704597	0.744468	0.734899	0.752293	
3450.000000	0.771247	0.687356	0.726234	0.750216	0.838425	0.709381	0.747143	0.738225	0.752293	
3460.000000	0.775389	0.696728	0.728925	0.748951	0.834833	0.708316	0.748857	0.738938	0.752293	
3470.000000	0.777555	0.692346	0.732035	0.743108	0.831920	0.715046	0.748668	0.737572	0.752293	
3480.000000	0.773300	0.699704	0.726763	0.741924	0.824233	0.719493	0.747569	0.734343	0.752293	
3490.000000	0.778432	0.696840	0.732457	0.741482	0.816904	0.726235	0.748725	0.736970	0.752293	
3500.000000	0.781381	0.685738	0.730734	0.739455	0.822711	0.725421	0.747573	0.735094	0.752293	
3510.000000	0.782677	0.692420	0.729154	0.744753	0.831077	0.718435	0.749753	0.736953	0.752293	
3520.000000	0.779330	0.699102	0.730432	0.744290	0.832989	0.723867	0.751668	0.737361	0.752293	
3530.000000	0.781257	0.706454	0.728808	0.740718	0.830838	0.716706	0.750797	0.734763	0.752293	
3540.000000	0.785981	0.700999	0.733424	0.749682	0.839255	0.725190	0.755755	0.741553	0.755755	
3550.000000	0.778914	0.696753	0.735931	0.751727	0.834977	0.727296	0.754266	0.743829	0.755755	
3560.000000	0.781948	0.697547	0.731247	0.755611	0.843866	0.723258	0.755579	0.743429	0.755755	
3570.000000	0.787234	0.690182	0.731862	0.753265	0.840947	0.724988	0.754746	0.742564	0.755755	
3580.000000	0.785153	0.690889	0.733139	0.750758	0.842903	0.724286	0.754521	0.741948	0.755755	
3590.000000	0.784374	0.706256	0.733908	0.743998	0.835462	0.720018	0.754003	0.738953	0.755755	
3600.000000	0.787212	0.700348	0.733131	0.748669	0.839859	0.725448	0.755778	0.740900	0.755778	
3610.000000	0.782872	0.704880	0.729004	0.748579	0.838789	0.719378	0.753917	0.738791	0.755778	
3620.000000	0.784054	0.697323	0.729945	0.746066	0.831656	0.721944	0.751832	0.738006	0.755778	
3630.000000	0.784464	0.698532	0.735683	0.746467	0.839790	0.721426	0.754394	0.741075	0.755778	
3640.000000	0.783056	0.702946	0.728590	0.742930	0.834877	0.726270	0.753111	0.735760	0.755778	
3650.000000	0.778543	0.704588	0.729089	0.742638	0.833826	0.725077	0.752294	0.735864	0.755778	
3660.000000	0.780591	0.714438	0.732031	0.745738	0.834852	0.722097	0.754958	0.738885	0.755778	
3670.000000	0.780171	0.693734	0.733932	0.747427	0.841237	0.723759	0.753376	0.740679	0.755778	
3680.000000	0.782471	0.693914	0.734302	0.745266	0.829574	0.719870	0.750899	0.739784	0.755778	
3690.000000	0.782522	0.703262	0.732695	0.741112	0.834776	0.716237	0.751767	0.736903	0.755778	
3700.000000	0.787144	0.694305	0.735624	0.751398	0.835984	0.724268	0.754787	0.743511	0.755778	
3710.000000	0.780098	0.700708	0.733559	0.746286	0.849723	0.717870	0.754707	0.739923	0.755778	
3720.000000	0.784389	0.692445	0.733631	0.742150	0.835864	0.721402	0.751647	0.737891	0.755778	
3730.000000	0.781577	0.694472	0.728546	0.742018	0.830649	0.717421	0.749114	0.735282	0.755778	
3740.000000	0.778707	0.696518	0.725459	0.743503	0.836915	0.719385	0.750081	0.734481	0.755778	
3750.000000	0.782371	0.701452	0.730355	0.747549	0.843847	0.718878	0.754075	0.738952	0.755778	
3760.000000	0.782921	0.702016	0.725114	0.744320	0.843828	0.718245	0.752741	0.734717	0.755778	
3770.000000	0.787163	0.713372	0.725974	0.745067	0.841878	0.721221	0.755779	0.735521	0.755779	
3780.000000	0.785017	0.706572	0.721425	0.738345	0.832165	0.724945	0.751411	0.731645	0.755779	
3790.000000	0.786911	0.709181	0.728998	0.748579	0.839230	0.723124	0.756004	0.738788	0.756004	
3800.000000	0.785277	0.716620	0.725267	0.740267	0.831222	0.725143	0.753966	0.732767	0.756004	
3810.000000	0.779612	0.712113	0.729985	0.749994	0.840136	0.720893	0.755455	0.739989	0.756004	
3820.000000	0.767665	0.708171	0.730284	0.752409	0.831857	0.720906	0.751882	0.741347	0.756004	
3830.000000	0.778231	0.711190	0.732868	0.757468	0.836336	0.717061	0.755526	0.745168	0.756004	
3840.000000	0.776520	0.706398	0.730296	0.745939	0.827969	0.723014	0.751689	0.738117	0.756004	
3850.000000	0.773983	0.709987	0.728245	0.748662	0.827284	0.719577	0.751290	0.738453	0.756004	
3860.000000	0.781099	0.718343	0.727970	0.744510	0.830291	0.724634	0.754474	0.736240	0.756004	
3870.000000	0.782001	0.706547	0.726448	0.743011	0.828536	0.719742	0.751047	0.734729	0.756004	
3880.000000	0.789056	0.706231	0.731623	0.746036	0.838783	0.722579	0.755718	0.738830	0.756004	
3890.000000	0.786670	0.707843	0.728340	0.742358	0.838733	0.722762	0.754451	0.735349	0.756004	
3900.000000	0.778365	0.708909	0.727022	0.741128	0.832102	0.726539	0.752344	0.734075	0.756004	
3910.000000	0.783672	0.708140	0.734351	0.748042	0.839670	0.726642	0.756753	0.741196	0.756753	
3920.000000	0.788719	0.713564	0.734730	0.750219	0.840482	0.725225	0.758823	0.742474	0.758823	
3930.000000	0.788716	0.712622	0.735348	0.752164	0.851358	0.727039	0.761208	0.743756	0.761208	
3940.000000	0.784208	0.715405	0.730858	0.749985	0.836569	0.725619	0.757107	0.740422	0.761208	
3950.000000	0.788872	0.711952	0.730103	0.747429	0.833304	0.726612	0.756379	0.738766	0.761208	
3960.000000	0.791053	0.705636	0.735848	0.749772	0.843668	0.727548	0.758921	0.742810	0.761208	
3970.000000	0.791793	0.705295	0.728825	0.751602	0.853000	0.730928	0.760241	0.741265	0.761208	
3980.000000	0.787714	0.713012	0.733416	0.750591	0.845030	0.731385	0.760191	0.742004	0.761208	
3990.000000	0.789271	0.720190	0.736999	0.752291	0.843822	0.734422	0.762833	0.744645	0.762833	
4000.000000	0.788230	0.716744	0.732703	0.750674	0.838160	0.731367	0.759646	0.741689	0.762833	
4010.000000	0.779541	0.715758	0.733299	0.748854	0.832908	0.730670	0.756838	0.741077	0.762833	
4020.000000	0.783975	0.722434	0.737492	0.757711	0.837689	0.731515	0.761803	0.747602	0.762833	
4030.000000	0.787460	0.706163	0.736254	0.752664	0.835430	0.729749	0.757953	0.744459	0.762833	
4040.000000	0.783668	0.715858	0.739743	0.757320	0.848999	0.728715	0.762384	0.748532	0.762833	
4050.000000	0.785083	0.712789	0.738003	0.753138	0.836456	0.726874	0.758724	0.745571	0.762833	
4060.000000	0.786158	0.698080	0.732826	0.747054	0.834185	0.729727	0.754672	0.739940	0.762833	
4070.000000	0.779863	0.716955	0.736280	0.754301	0.838488	0.727368	0.758876	0.745290	0.762833	
4080.000000	0.786011	0.716019	0.740603	0.754947	0.842702	0.732906	0.762198	0.747775	0.762833	
4090.000000	0.789997	0.715535	0.737346	0.757327	0.843633	0.733014	0.762809	0.747336	0.762833	
4100.000000	0.788953	0.702660	0.741671	0.758523	0.840161	0.734429	0.761066	0.750097	0.762833	
4110.000000	0.787923	0.705574	0.738824	0.756885	0.847508	0.728452	0.760861	0.747854	0.762833	
4120.000000	0.788014	0.709033	0.742575	0.755472	0.842161	0.731744	0.761500	0.749023	0.762833	
4130.000000	0.790035	0.705295	0.739561	0.754600	0.847741	0.731969	0.761533	0.747080	0.762833	
4140.000000	0.793475	0.702679	0.739509	0.750808	0.836877	0.736510	0.759976	0.745159	0.762833	
4150.000000	0.783495	0.715101	0.739129	0.748296	0.842815	0.737762	0.761100	0.743713	0.762833	
4160.000000	0.784699	0.709473	0.740064	0.753075	0.833832	0.735282	0.759404	0.746570	0.762833	
4170.000000	0.792939	0.703658	0.738368	0.747191	0.831637	0.733360	0.757859	0.742779	0.762833	
4180.000000	0.789726	0.702574	0.739480	0.750836	0.834833	0.731325	0.758129	0.745158	0.762833	
4190.000000	0.781500	0.707062	0.735980	0.750094	0.832562	0.729550	0.756125	0.743037	0.762833	
4200.000000	0.783160	0.709801	0.730500	0.748502	0.833266	0.730302	0.755922	0.739501	0.762833	
4210.000000	0.787155	0.703274	0.733167	0.748731	0.836235	0.731422	0.756664	0.740949	0.762833	
4220.000000	0.780495	0.713056	0.732317	0.750047	0.832719	0.728807	0.756240	0.741182	0.762833	
4230.000000	0.784607	0.713335	0.738947	0.750716	0.827554	0.730498	0.757609	0.744831	0.762833	
4240.000000	0.784573	0.712758	0.738768	0.754098	0.831656	0.728221	0.758346	0.746433	0.762833	
4250.000000	0.789764	0.709200	0.741893	0.753934	0.835663	0.728633	0.759848	0.747913	0.762833	
4260.000000	0.780971	0.712864	0.739509	0.749522	0.845741	0.731281	0.759981	0.744516	0.762833	
4270.000000	0.789049	0.710613	0.741007	0.750404	0.836028	0.732632	0.759956	0.745705	0.762833	
4280.000000	0.790131	0.707440	0.742406	0.749543	0.831304	0.731497	0.758720	0.745975	0.762833	
4290.000000	0.794266	0.695309	0.741845	0.750711	0.834537	0.736653	0.758887	0.746278	0.762833	
4300.000000	0.802544	0.711072	0.745654	0.751535	0.845546	0.737555	0.765651	0.748594	0.765651	
4310.000000	0.797794	0.709739	0.746534	0.754445	0.843432	0.738851	0.765132	0.750489	0.765651	
4320.000000	0.795240	0.712572	0.743506	0.749876	0.834581	0.741702	0.762913	0.746691	0.765651	
4330.000000	0.786271	0.719174	0.740999	0.752065	0.838827	0.735959	0.762216	0.746532	0.765651	
4340.000000	0.795480	0.711295	0.740158	0.750016	0.841866	0.738045	0.762810	0.745087	0.765651	
4350.000000	0.799173	0.712963	0.741140	0.754528	0.848924	0.739173	0.765983	0.747834	0.765983	
4360.000000	0.798323	0.710049	0.744328	0.751026	0.836883	0.738230	0.763140	0.747677	0.765983	
4370.000000	0.790360	0.707929	0.741713	0.753115	0.845143	0.735476	0.762289	0.747414	0.765983	
4380.000000	0.790434	0.712411	0.740726	0.751186	0.832354	0.735106	0.760369	0.745956	0.765983	
4390.000000	0.794311	0.703553	0.745214	0.758299	0.839802	0.736853	0.763005	0.751756	0.765983	
4400.000000	0.787270	0.710570	0.743068	0.748720	0.845275	0.734976	0.761646	0.745894	0.765983	
4410.000000	0.797685	0.720259	0.743355	0.749430	0.840500	0.738175	0.764901	0.746393	0.765983	
4420.000000	0.793010	0.716942	0.741651	0.746446	0.840570	0.738064	0.762781	0.744049	0.765983	
4430.000000	0.795525	0.708159	0.739018	0.745234	0.843048	0.733574	0.760760	0.742126	0.765983	
4440.000000	0.788414	0.717717	0.740094	0.749536	0.843489	0.734960	0.762368	0.744815	0.765983	
4450.000000	0.786366	0.709783	0.740054	0.744308	0.833304	0.734114	0.757988	0.742181	0.765983	
4460.000000	0.794205	0.702927	0.741982	0.747357	0.830769	0.736775	0.759002	0.744670	0.765983	
4470.000000	0.789077	0.703008	0.737348	0.746696	0.835631	0.733862	0.757604	0.742022	0.765983	
4480.000000	0.789993	0.706318	0.736757	0.750022	0.834877	0.733347	0.758552	0.743390	0.765983	
4490.000000	0.788076	0.716459	0.739170	0.746312	0.826498	0.737341	0.758976	0.742741	0.765983	
4500.000000	0.791301	0.719515	0.741085	0.754008	0.838532	0.733203	0.762940	0.747546	0.765983	
4510.000000	0.791012	0.714903	0.740529	0.755925	0.842922	0.737965	0.763876	0.748227	0.765983	
4520.000000	0.787880	0.714971	0.736496	0.752661	0.837431	0.736642	0.761014	0.744652	0.765983	
4530.000000	0.793769	0.704235	0.738322	0.753057	0.840488	0.736735	0.761101	0.745690	0.765983	
4540.000000	0.785059	0.714618	0.742004	0.758037	0.841551	0.732612	0.762314	0.750021	0.765983	
4550.000000	0.786623	0.711209	0.732523	0.747440	0.847923	0.737134	0.760475	0.742287	0.765983	
4560.000000	0.789903	0.715820	0.738101	0.750656	0.837676	0.735966	0.761354	0.744378	0.765983	
4570.000000	0.791727	0.702412	0.736030	0.753325	0.833568	0.731521	0.758097	0.744678	0.765983	
4580.000000	0.789045	0.710434	0.738211	0.750797	0.841060	0.729008	0.759759	0.744504	0.765983	
4590.000000	0.781112	0.709851	0.734335	0.749182	0.843489	0.724830	0.757133	0.741759	0.765983	
4600.000000	0.790253	0.710180	0.737197	0.750313	0.850616	0.731393	0.761659	0.743755	0.765983	
4610.000000	0.784696	0.698606	0.736244	0.750603	0.844420	0.730791	0.757560	0.743423	0.765983	
4620.000000	0.787810	0.711841	0.734080	0.749272	0.831662	0.727549	0.757036	0.741676	0.765983	
4630.000000	0.793498	0.703987	0.735370	0.753327	0.841947	0.729107	0.759540	0.744349	0.765983	
4640.000000	0.789777	0.704836	0.737205	0.752590	0.843671	0.728924	0.759500	0.744897	0.765983	
4650.000000	0.789724	0.702462	0.740225	0.755937	0.849094	0.728571	0.761002	0.748081	0.765983	
4660.000000	0.785588	0.710620	0.740070	0.755349	0.847426	0.727368	0.761070	0.747710	0.765983	
4670.000000	0.788802	0.711897	0.739383	0.754264	0.843319	0.730293	0.761326	0.746823	0.765983	
4680.000000	0.782104	0.714692	0.738315	0.744181	0.843451	0.730465	0.758868	0.741248	0.765983	
4690.000000	0.786760	0.706324	0.736137	0.744114	0.835279	0.731543	0.756693	0.740126	0.765983	
4700.000000	0.785098	0.708407	0.738168	0.747350	0.836418	0.736517	0.758660	0.742759	0.765983	
4710.000000	0.787449	0.712957	0.741538	0.749557	0.839966	0.737919	0.761564	0.745548	0.765983	
4720.000000	0.791019	0.697863	0.741374	0.745948	0.828284	0.733895	0.756397	0.743661	0.765983	
4730.000000	0.786043	0.718529	0.740657	0.752937	0.835625	0.735622	0.761569	0.746797	0.765983	
4740.000000	0.794612	0.704440	0.741152	0.750704	0.844011	0.739780	0.762450	0.745928	0.765983	
4750.000000	0.789011	0.705214	0.740240	0.751063	0.838607	0.735364	0.759917	0.745652	0.765983	
4760.000000	0.790503	0.706026	0.742117	0.757822	0.838739	0.738741	0.762325	0.749969	0.765983	
4770.000000	0.792048	0.705921	0.741681	0.750401	0.839871	0.742028	0.761992	0.746215	0.765983	
4780.000000	0.790310	0.705568	0.747124	0.748810	0.835355	0.740051	0.761203	0.747967	0.765983	
4790.000000	0.793518	0.709033	0.741152	0.749710	0.832184	0.739993	0.760932	0.745431	0.765983	
4800.000000	0.795598	0.700448	0.743038	0.749222	0.831964	0.742357	0.760438	0.746130	0.765983	
4810.000000	0.788435	0.717041	0.743294	0.753117	0.836877	0.737566	0.762722	0.748205	0.765983	
4820.000000	0.792877	0.709950	0.746496	0.751655	0.834342	0.740611	0.762655	0.749075	0.765983	
4830.000000	0.794762	0.711332	0.739888	0.748299	0.830228	0.742022	0.761088	0.745160	0.765983	
4840.000000	0.793671	0.705375	0.742153	0.755042	0.839752	0.742256	0.763042	0.748649	0.765983	
4850.000000	0.784056	0.731373	0.739659	0.745997	0.825900	0.740355	0.761223	0.743176	0.765983	
4860.000000	0.781500	0.722577	0.742353	0.748890	0.833059	0.744032	0.762068	0.746461	0.765983	
4870.000000	0.787251	0.717444	0.742335	0.750182	0.830272	0.740280	0.761294	0.746258	0.765983	
4880.000000	0.778624	0.718225	0.741647	0.752395	0.837248	0.736852	0.760832	0.747021	0.765983	
4890.000000	0.774956	0.712213	0.744816	0.753892	0.835688	0.735406	0.759495	0.749354	0.765983	
4900.000000	0.792888	0.705785	0.743859	0.752268	0.837846	0.735328	0.761329	0.748063	0.765983	
4910.000000	0.794747	0.737727	0.744453	0.753397	0.830542	0.742004	0.767145	0.748925	0.767145	
4920.000000	0.789794	0.739394	0.746831	0.749761	0.830907	0.741790	0.766413	0.748296	0.767145	
4930.000000	0.785516	0.719930	0.745763	0.749881	0.827617	0.742465	0.761862	0.747822	0.767145	
4940.000000	0.784635	0.728335	0.741402	0.746293	0.823704	0.739526	0.760649	0.743847	0.767145	
4950.000000	0.787240	0.708779	0.748675	0.755148	0.840563	0.741554	0.763660	0.751912	0.767145	
4960.000000	0.792062	0.713310	0.747045	0.754970	0.845137	0.736559	0.764847	0.751007	0.767145	
4970.000000	0.792894	0.697330	0.746101	0.749261	0.840500	0.741583	0.761278	0.747681	0.767145	
4980.000000	0.792356	0.710099	0.742394	0.746596	0.837047	0.738604	0.761183	0.744495	0.767145	
4990.000000	0.795961	0.707378	0.741875	0.739703	0.834134	0.740725	0.759963	0.741300	0.767145	
5000.000000	0.793219	0.720866	0.737512	0.742111	0.829901	0.741563	0.760862	0.741837	0.767145	
