Epoch	AUC-12	AUC-13	AUC-14	AUC-15	AUC-16	AUC-Avg	AUC-Mid	AUC-Best	
1.000000	0.514508	0.372960	0.408620	0.588072	0.587670	0.494366	0.514508	0.494366	
10.000000	0.508687	0.313866	0.430643	0.611808	0.652841	0.503569	0.508687	0.503569	
20.000000	0.516688	0.356683	0.485762	0.627866	0.670001	0.531400	0.516688	0.531400	
30.000000	0.547587	0.347031	0.506171	0.640532	0.632492	0.534763	0.547587	0.534763	
40.000000	0.606525	0.394785	0.515627	0.649342	0.642912	0.561838	0.606525	0.561838	
50.000000	0.583029	0.349443	0.542655	0.679678	0.632988	0.557559	0.583029	0.561838	
60.000000	0.570367	0.408898	0.567217	0.665217	0.628915	0.568123	0.570367	0.568123	
70.000000	0.620636	0.444952	0.573411	0.669851	0.646940	0.591158	0.620636	0.591158	
80.000000	0.625465	0.432223	0.584030	0.664839	0.645511	0.590414	0.625465	0.591158	
90.000000	0.569618	0.439185	0.585202	0.672782	0.617580	0.576873	0.585202	0.591158	
100.000000	0.625312	0.434577	0.553741	0.662449	0.620208	0.579257	0.620208	0.591158	
110.000000	0.651042	0.480001	0.587917	0.679935	0.601867	0.600152	0.601867	0.600152	
120.000000	0.693858	0.514715	0.656973	0.663189	0.616748	0.629097	0.656973	0.629097	
130.000000	0.647068	0.464043	0.601666	0.677854	0.657313	0.609589	0.647068	0.629097	
140.000000	0.628281	0.473770	0.605725	0.695603	0.625102	0.605696	0.625102	0.629097	
150.000000	0.639121	0.518327	0.605377	0.674812	0.619110	0.611349	0.619110	0.629097	
160.000000	0.647939	0.549540	0.627772	0.661083	0.592664	0.615800	0.627772	0.629097	
170.000000	0.629602	0.535714	0.617278	0.668655	0.606591	0.611568	0.617278	0.629097	
180.000000	0.673088	0.601031	0.663801	0.676296	0.620394	0.646922	0.663801	0.646922	
190.000000	0.649525	0.583156	0.631745	0.677125	0.580200	0.624350	0.631745	0.646922	
200.000000	0.634110	0.555022	0.636372	0.664862	0.613932	0.620860	0.634110	0.646922	
210.000000	0.650458	0.521028	0.642858	0.657410	0.610069	0.616365	0.642858	0.646922	
220.000000	0.655217	0.570974	0.621911	0.659135	0.625324	0.626512	0.625324	0.646922	
230.000000	0.636506	0.602509	0.652694	0.669902	0.604333	0.633189	0.636506	0.646922	
240.000000	0.697414	0.624500	0.644928	0.662967	0.587773	0.643516	0.644928	0.646922	
250.000000	0.670640	0.571608	0.669548	0.660053	0.594200	0.633210	0.660053	0.646922	
260.000000	0.676765	0.587497	0.652544	0.684642	0.610923	0.642474	0.652544	0.646922	
270.000000	0.632752	0.537090	0.631292	0.668563	0.620837	0.618107	0.631292	0.646922	
280.000000	0.656949	0.553208	0.599891	0.703085	0.599785	0.622583	0.599891	0.646922	
290.000000	0.685815	0.582489	0.656861	0.674606	0.625906	0.645135	0.656861	0.646922	
300.000000	0.661522	0.563575	0.602350	0.674301	0.625179	0.625385	0.625179	0.646922	
310.000000	0.654367	0.542053	0.606735	0.672472	0.604085	0.615942	0.606735	0.646922	
320.000000	0.628031	0.519400	0.616608	0.701415	0.639058	0.620902	0.628031	0.646922	
330.000000	0.689236	0.575482	0.609165	0.673814	0.609859	0.631511	0.609859	0.646922	
340.000000	0.648818	0.584241	0.606049	0.668381	0.623510	0.626200	0.623510	0.646922	
350.000000	0.687935	0.595481	0.644762	0.673245	0.623634	0.645012	0.644762	0.646922	
360.000000	0.665160	0.563610	0.641775	0.690889	0.609245	0.634136	0.641775	0.646922	
370.000000	0.637898	0.565496	0.622904	0.673613	0.624844	0.624951	0.624844	0.646922	
380.000000	0.672459	0.571453	0.616048	0.672620	0.617993	0.630114	0.617993	0.646922	
390.000000	0.600912	0.525031	0.565759	0.682390	0.606484	0.596115	0.600912	0.646922	
400.000000	0.646361	0.559666	0.609361	0.673110	0.636760	0.625052	0.636760	0.646922	
410.000000	0.655069	0.544802	0.578561	0.673620	0.623363	0.615083	0.623363	0.646922	
420.000000	0.669928	0.505861	0.587948	0.698228	0.607266	0.613846	0.607266	0.646922	
430.000000	0.665256	0.582169	0.574599	0.670965	0.623091	0.623216	0.623091	0.646922	
440.000000	0.627810	0.570124	0.564103	0.681108	0.629789	0.614587	0.627810	0.646922	
450.000000	0.678401	0.560761	0.602243	0.672303	0.612828	0.625307	0.612828	0.646922	
460.000000	0.718500	0.578101	0.594307	0.678399	0.596383	0.633138	0.596383	0.646922	
470.000000	0.713705	0.559168	0.597340	0.679774	0.586934	0.627384	0.597340	0.646922	
480.000000	0.728115	0.569680	0.629713	0.693103	0.578387	0.639799	0.629713	0.646922	
490.000000	0.711665	0.568522	0.561332	0.669466	0.596031	0.621403	0.596031	0.646922	
500.000000	0.720298	0.582169	0.614244	0.658033	0.580862	0.631121	0.614244	0.646922	
510.000000	0.743514	0.603805	0.623308	0.671448	0.571942	0.642804	0.623308	0.646922	
520.000000	0.729722	0.559945	0.616751	0.653704	0.571756	0.626376	0.616751	0.646922	
530.000000	0.722559	0.590094	0.626897	0.669730	0.596963	0.641249	0.626897	0.646922	
540.000000	0.760034	0.573687	0.628556	0.676091	0.582631	0.644200	0.628556	0.646922	
550.000000	0.762355	0.626031	0.635927	0.661548	0.576813	0.652535	0.635927	0.652535	
560.000000	0.738962	0.569870	0.626723	0.657352	0.584551	0.635492	0.626723	0.652535	
570.000000	0.753157	0.620156	0.671781	0.661773	0.581754	0.657724	0.661773	0.657724	
580.000000	0.779603	0.598920	0.678652	0.647261	0.583875	0.657662	0.647261	0.657724	
590.000000	0.743010	0.576308	0.644577	0.649906	0.560911	0.634942	0.644577	0.657724	
600.000000	0.723796	0.566137	0.618347	0.662071	0.586533	0.631377	0.618347	0.657724	
610.000000	0.762089	0.584206	0.668166	0.656904	0.568629	0.647999	0.656904	0.657724	
620.000000	0.715642	0.580276	0.623889	0.659166	0.578428	0.631480	0.623889	0.657724	
630.000000	0.741719	0.606089	0.657044	0.677188	0.562813	0.648971	0.657044	0.657724	
640.000000	0.784650	0.585575	0.663715	0.669825	0.557420	0.652237	0.663715	0.657724	
650.000000	0.736580	0.589885	0.687734	0.659375	0.568812	0.648477	0.659375	0.657724	
660.000000	0.733557	0.573642	0.674810	0.643596	0.561478	0.637417	0.643596	0.657724	
670.000000	0.743639	0.584545	0.639325	0.645580	0.561038	0.634825	0.639325	0.657724	
680.000000	0.752198	0.600655	0.687093	0.638497	0.564562	0.648601	0.638497	0.657724	
690.000000	0.736832	0.589317	0.632222	0.640525	0.568697	0.633518	0.632222	0.657724	
700.000000	0.772227	0.614975	0.663290	0.644223	0.569069	0.652757	0.644223	0.657724	
710.000000	0.760739	0.622512	0.669011	0.662909	0.546805	0.652395	0.662909	0.657724	
720.000000	0.762770	0.593388	0.700383	0.659401	0.537286	0.650646	0.659401	0.657724	
730.000000	0.772593	0.594823	0.694229	0.642346	0.542473	0.649293	0.642346	0.657724	
740.000000	0.758677	0.625068	0.675963	0.669204	0.540621	0.653907	0.669204	0.657724	
750.000000	0.781069	0.619891	0.656912	0.648504	0.536899	0.648655	0.648504	0.657724	
760.000000	0.733911	0.608240	0.684803	0.643078	0.526583	0.639323	0.643078	0.657724	
770.000000	0.761274	0.634255	0.710678	0.653120	0.561041	0.664074	0.653120	0.664074	
780.000000	0.725867	0.584325	0.633465	0.661957	0.568000	0.634723	0.633465	0.664074	
790.000000	0.759356	0.594247	0.635488	0.652261	0.568649	0.642000	0.635488	0.664074	
800.000000	0.770488	0.601795	0.697986	0.656974	0.591288	0.663706	0.656974	0.664074	
810.000000	0.772055	0.589310	0.647992	0.656386	0.575345	0.648217	0.647992	0.664074	
820.000000	0.775549	0.606410	0.660774	0.649470	0.561100	0.650661	0.649470	0.664074	
830.000000	0.793147	0.638631	0.697158	0.640340	0.531855	0.660226	0.640340	0.664074	
840.000000	0.740842	0.612614	0.658229	0.636872	0.579341	0.645580	0.636872	0.664074	
850.000000	0.742849	0.634236	0.681906	0.643882	0.578275	0.656230	0.643882	0.664074	
860.000000	0.735058	0.622007	0.668268	0.625988	0.548397	0.639944	0.625988	0.664074	
870.000000	0.735574	0.626708	0.680684	0.628764	0.551138	0.644574	0.628764	0.664074	
880.000000	0.746426	0.615430	0.658671	0.656638	0.550627	0.645558	0.656638	0.664074	
890.000000	0.709055	0.574215	0.617131	0.649200	0.531571	0.616234	0.617131	0.664074	
900.000000	0.730709	0.603331	0.639955	0.632788	0.552337	0.631824	0.632788	0.664074	
910.000000	0.687115	0.569516	0.616129	0.662005	0.523875	0.611728	0.616129	0.664074	
920.000000	0.690343	0.557742	0.613806	0.656606	0.524917	0.608683	0.613806	0.664074	
930.000000	0.689332	0.559062	0.581114	0.671292	0.531314	0.606423	0.581114	0.664074	
940.000000	0.671210	0.552159	0.570669	0.652832	0.536923	0.596759	0.570669	0.664074	
950.000000	0.681343	0.555804	0.598528	0.689423	0.522770	0.609574	0.598528	0.664074	
960.000000	0.694445	0.583852	0.601957	0.662781	0.550491	0.618705	0.601957	0.664074	
970.000000	0.714664	0.573414	0.618355	0.681183	0.533624	0.624248	0.618355	0.664074	
980.000000	0.675678	0.571512	0.604038	0.686800	0.549901	0.617586	0.604038	0.664074	
990.000000	0.692989	0.583292	0.618623	0.693469	0.547976	0.627270	0.618623	0.664074	
1000.000000	0.689673	0.557089	0.602814	0.685792	0.553206	0.617715	0.602814	0.664074	
1010.000000	0.674864	0.568698	0.586323	0.681553	0.537239	0.609735	0.586323	0.664074	
1020.000000	0.696881	0.560441	0.597081	0.687139	0.548380	0.617984	0.597081	0.664074	
1030.000000	0.696233	0.563794	0.596376	0.681214	0.551611	0.617846	0.596376	0.664074	
1040.000000	0.678035	0.561444	0.581465	0.680892	0.557763	0.611920	0.581465	0.664074	
1050.000000	0.673851	0.568937	0.608376	0.683058	0.562664	0.619377	0.608376	0.664074	
1060.000000	0.675321	0.565484	0.589409	0.684671	0.539029	0.610783	0.589409	0.664074	
1070.000000	0.696551	0.582214	0.622043	0.675011	0.544407	0.624045	0.622043	0.664074	
1080.000000	0.683636	0.573248	0.583725	0.682563	0.563989	0.617432	0.583725	0.664074	
1090.000000	0.697237	0.558158	0.593014	0.689326	0.550754	0.617698	0.593014	0.664074	
1100.000000	0.685471	0.563056	0.611085	0.690191	0.552556	0.620472	0.611085	0.664074	
1110.000000	0.683301	0.560714	0.615174	0.691342	0.576039	0.625314	0.615174	0.664074	
1120.000000	0.688805	0.583553	0.608523	0.695627	0.554694	0.626240	0.608523	0.664074	
1130.000000	0.703597	0.567650	0.611734	0.728495	0.539868	0.630269	0.611734	0.664074	
1140.000000	0.707398	0.574190	0.643795	0.728130	0.536428	0.637988	0.643795	0.664074	
1150.000000	0.708878	0.554975	0.601029	0.696705	0.536955	0.619708	0.601029	0.664074	
1160.000000	0.727349	0.588965	0.632622	0.696358	0.545473	0.638154	0.632622	0.664074	
1170.000000	0.743799	0.581676	0.610255	0.714506	0.515581	0.633163	0.610255	0.664074	
1180.000000	0.730695	0.598170	0.614139	0.715603	0.537274	0.639176	0.614139	0.664074	
1190.000000	0.721259	0.582232	0.633538	0.698948	0.515749	0.630345	0.633538	0.664074	
1200.000000	0.730419	0.588993	0.648055	0.702060	0.541219	0.642149	0.648055	0.664074	
1210.000000	0.734886	0.566898	0.629569	0.700486	0.548728	0.636114	0.629569	0.664074	
1220.000000	0.766992	0.583355	0.676510	0.696172	0.562226	0.657051	0.676510	0.664074	
1230.000000	0.726899	0.569565	0.655528	0.690571	0.557181	0.639949	0.655528	0.664074	
1240.000000	0.718884	0.531361	0.628483	0.691225	0.524406	0.618872	0.628483	0.664074	
1250.000000	0.711571	0.548342	0.634518	0.691601	0.536551	0.624516	0.634518	0.664074	
1260.000000	0.710845	0.495816	0.563614	0.677353	0.548846	0.599295	0.563614	0.664074	
1270.000000	0.712732	0.509088	0.601657	0.682963	0.556070	0.612502	0.601657	0.664074	
1280.000000	0.686267	0.482371	0.594602	0.691417	0.569899	0.604911	0.594602	0.664074	
1290.000000	0.713976	0.528474	0.600467	0.689171	0.571439	0.620706	0.600467	0.664074	
1300.000000	0.718858	0.529935	0.603625	0.679458	0.550819	0.616539	0.603625	0.664074	
1310.000000	0.668854	0.511634	0.586212	0.687076	0.540680	0.598891	0.586212	0.664074	
1320.000000	0.684055	0.530339	0.617922	0.680790	0.575227	0.617667	0.617922	0.664074	
1330.000000	0.722750	0.534840	0.616904	0.666017	0.566192	0.621341	0.616904	0.664074	
1340.000000	0.709608	0.545013	0.619588	0.679901	0.571898	0.625202	0.619588	0.664074	
1350.000000	0.718154	0.569583	0.647999	0.662250	0.556478	0.630893	0.647999	0.664074	
1360.000000	0.703846	0.565536	0.638709	0.657183	0.581355	0.629326	0.638709	0.664074	
1370.000000	0.711168	0.537144	0.598713	0.664447	0.575321	0.617359	0.598713	0.664074	
1380.000000	0.660919	0.502194	0.585647	0.647108	0.602236	0.599621	0.602236	0.664074	
1390.000000	0.672277	0.516389	0.618821	0.659939	0.572725	0.608030	0.618821	0.664074	
1400.000000	0.681591	0.519498	0.618980	0.663947	0.591397	0.615082	0.618980	0.664074	
1410.000000	0.695034	0.528963	0.655725	0.651071	0.590600	0.624279	0.651071	0.664074	
1420.000000	0.697538	0.548849	0.632764	0.668366	0.575634	0.624630	0.632764	0.664074	
1430.000000	0.700208	0.559116	0.650581	0.649732	0.595470	0.631021	0.649732	0.664074	
1440.000000	0.715494	0.583336	0.660405	0.689324	0.576910	0.645094	0.660405	0.664074	
1450.000000	0.702326	0.560803	0.649833	0.668399	0.556711	0.627614	0.649833	0.664074	
1460.000000	0.682092	0.582599	0.635424	0.655703	0.554783	0.622120	0.635424	0.664074	
1470.000000	0.703596	0.556810	0.637579	0.656260	0.574010	0.625651	0.637579	0.664074	
1480.000000	0.722093	0.565992	0.618479	0.656269	0.535541	0.619675	0.618479	0.664074	
1490.000000	0.695550	0.543446	0.621494	0.660901	0.549221	0.614122	0.621494	0.664074	
1500.000000	0.656789	0.544903	0.616467	0.656114	0.556215	0.606097	0.616467	0.664074	
1510.000000	0.689589	0.524255	0.617097	0.657866	0.537986	0.605359	0.617097	0.664074	
1520.000000	0.683268	0.527567	0.602016	0.649809	0.537422	0.600016	0.602016	0.664074	
1530.000000	0.661739	0.523908	0.641611	0.652835	0.539522	0.603923	0.641611	0.664074	
1540.000000	0.677976	0.540893	0.642855	0.660043	0.540801	0.612514	0.642855	0.664074	
1550.000000	0.672777	0.564470	0.645305	0.657139	0.528012	0.613540	0.645305	0.664074	
1560.000000	0.647169	0.544550	0.640170	0.648317	0.529498	0.601941	0.640170	0.664074	
1570.000000	0.700403	0.566647	0.634873	0.664537	0.532186	0.619729	0.634873	0.664074	
1580.000000	0.704795	0.560608	0.634947	0.658299	0.549723	0.621674	0.634947	0.664074	
1590.000000	0.680149	0.535469	0.622199	0.649967	0.539020	0.605361	0.622199	0.664074	
1600.000000	0.665424	0.517864	0.608699	0.649526	0.526875	0.593677	0.608699	0.664074	
1610.000000	0.696108	0.524619	0.633294	0.669137	0.530992	0.610830	0.633294	0.664074	
1620.000000	0.679147	0.566540	0.634147	0.679381	0.544289	0.620701	0.634147	0.664074	
1630.000000	0.691281	0.561630	0.667428	0.687280	0.539947	0.629513	0.667428	0.664074	
1640.000000	0.702316	0.578249	0.667297	0.676936	0.516780	0.628316	0.667297	0.664074	
1650.000000	0.686853	0.583379	0.660327	0.658885	0.522472	0.622383	0.658885	0.664074	
1660.000000	0.687455	0.549709	0.669685	0.662022	0.533208	0.620416	0.662022	0.664074	
1670.000000	0.720441	0.578425	0.685987	0.669306	0.525868	0.636006	0.669306	0.664074	
1680.000000	0.709736	0.572015	0.674355	0.667300	0.504727	0.625627	0.667300	0.664074	
1690.000000	0.694751	0.596265	0.688792	0.690903	0.501246	0.634392	0.688792	0.664074	
1700.000000	0.719016	0.584074	0.692981	0.677745	0.506248	0.636013	0.677745	0.664074	
1710.000000	0.720093	0.587964	0.699737	0.695896	0.512108	0.643159	0.695896	0.664074	
1720.000000	0.730129	0.582498	0.685303	0.683934	0.528680	0.642109	0.683934	0.664074	
1730.000000	0.714040	0.571444	0.643013	0.698974	0.535053	0.632505	0.643013	0.664074	
1740.000000	0.706242	0.559472	0.657191	0.678087	0.506316	0.621462	0.657191	0.664074	
1750.000000	0.709533	0.584074	0.639699	0.700777	0.529917	0.632800	0.639699	0.664074	
1760.000000	0.722774	0.580565	0.663998	0.684739	0.503782	0.631172	0.663998	0.664074	
1770.000000	0.715644	0.571721	0.648698	0.692504	0.517634	0.629240	0.648698	0.664074	
1780.000000	0.707297	0.559603	0.622036	0.703192	0.525478	0.623521	0.622036	0.664074	
1790.000000	0.694326	0.582399	0.661192	0.671409	0.519373	0.625740	0.661192	0.664074	
1800.000000	0.707634	0.543764	0.641958	0.675304	0.531075	0.619947	0.641958	0.664074	
1810.000000	0.665018	0.540400	0.634005	0.676612	0.518945	0.606996	0.634005	0.664074	
1820.000000	0.656489	0.546117	0.623247	0.688498	0.540572	0.610985	0.623247	0.664074	
1830.000000	0.666528	0.554315	0.610169	0.684395	0.547975	0.612676	0.610169	0.664074	
1840.000000	0.728975	0.534180	0.648636	0.689435	0.528867	0.626019	0.648636	0.664074	
1850.000000	0.644342	0.533275	0.607480	0.664556	0.549218	0.599774	0.607480	0.664074	
1860.000000	0.696832	0.519252	0.597527	0.681002	0.524226	0.603768	0.597527	0.664074	
1870.000000	0.708770	0.517300	0.616989	0.666065	0.518718	0.605568	0.616989	0.664074	
1880.000000	0.655891	0.531507	0.589460	0.653183	0.527212	0.591451	0.589460	0.664074	
1890.000000	0.629459	0.471049	0.561094	0.662807	0.531438	0.571169	0.561094	0.664074	
1900.000000	0.660784	0.495095	0.560930	0.647130	0.554464	0.583681	0.560930	0.664074	
1910.000000	0.656727	0.516985	0.558949	0.658399	0.546797	0.587571	0.558949	0.664074	
1920.000000	0.685781	0.520530	0.585589	0.632315	0.527555	0.590354	0.585589	0.664074	
1930.000000	0.657988	0.514434	0.572286	0.642138	0.524235	0.582216	0.572286	0.664074	
1940.000000	0.698815	0.525388	0.597877	0.636036	0.510681	0.593759	0.597877	0.664074	
1950.000000	0.676671	0.521601	0.566074	0.637402	0.494041	0.579158	0.566074	0.664074	
1960.000000	0.687294	0.508722	0.577259	0.653828	0.527965	0.591014	0.577259	0.664074	
1970.000000	0.684955	0.505931	0.594216	0.631022	0.523975	0.588020	0.594216	0.664074	
1980.000000	0.685775	0.511942	0.562435	0.641116	0.541276	0.588509	0.562435	0.664074	
1990.000000	0.669177	0.494308	0.545209	0.622604	0.527690	0.571798	0.545209	0.664074	
2000.000000	0.660276	0.479487	0.529476	0.650579	0.526760	0.569315	0.529476	0.664074	
2010.000000	0.642311	0.488213	0.534683	0.642036	0.549731	0.571395	0.549731	0.664074	
2020.000000	0.620145	0.461916	0.541059	0.632511	0.578121	0.566751	0.578121	0.664074	
2030.000000	0.633005	0.476243	0.526227	0.644814	0.547774	0.565613	0.547774	0.664074	
2040.000000	0.666686	0.488758	0.547250	0.670473	0.534418	0.581517	0.547250	0.664074	
2050.000000	0.607397	0.456986	0.561868	0.640399	0.539428	0.561215	0.561868	0.664074	
2060.000000	0.647534	0.505858	0.564154	0.639943	0.556496	0.582797	0.564154	0.664074	
2070.000000	0.602671	0.509276	0.540849	0.643649	0.530436	0.565376	0.540849	0.664074	
2080.000000	0.644054	0.510825	0.574748	0.651897	0.541613	0.584628	0.574748	0.664074	
2090.000000	0.622869	0.518470	0.579521	0.657137	0.552290	0.586057	0.579521	0.664074	
2100.000000	0.646005	0.527168	0.579492	0.677523	0.574234	0.600884	0.579492	0.664074	
2110.000000	0.656869	0.518186	0.583224	0.648101	0.535316	0.588339	0.583224	0.664074	
2120.000000	0.609878	0.482043	0.556792	0.643836	0.579548	0.574419	0.579548	0.664074	
2130.000000	0.617094	0.493303	0.580134	0.646478	0.544487	0.576299	0.580134	0.664074	
2140.000000	0.653959	0.480473	0.560549	0.679531	0.568850	0.588672	0.568850	0.664074	
2150.000000	0.599695	0.491097	0.524363	0.686861	0.561558	0.572715	0.561558	0.664074	
2160.000000	0.615822	0.484445	0.568343	0.664522	0.598143	0.586255	0.598143	0.664074	
2170.000000	0.658926	0.491121	0.593034	0.664733	0.600588	0.601680	0.600588	0.664074	
2180.000000	0.616159	0.460949	0.540510	0.648992	0.566910	0.566704	0.566910	0.664074	
2190.000000	0.611101	0.465470	0.560915	0.665736	0.599510	0.580546	0.599510	0.664074	
2200.000000	0.616398	0.458423	0.547454	0.653862	0.590564	0.573340	0.590564	0.664074	
2210.000000	0.627298	0.478683	0.583564	0.642421	0.575625	0.581518	0.583564	0.664074	
2220.000000	0.615513	0.483400	0.575901	0.663184	0.581609	0.583921	0.581609	0.664074	
2230.000000	0.544003	0.445492	0.507041	0.630089	0.596090	0.544543	0.544003	0.664074	
2240.000000	0.630340	0.492803	0.595108	0.669703	0.594014	0.596394	0.595108	0.664074	
2250.000000	0.624240	0.527321	0.601490	0.665830	0.578106	0.599398	0.601490	0.664074	
2260.000000	0.618513	0.508526	0.579389	0.648731	0.597723	0.590576	0.597723	0.664074	
2270.000000	0.617547	0.494891	0.558096	0.647261	0.572007	0.577960	0.572007	0.664074	
2280.000000	0.631737	0.491572	0.567645	0.651410	0.593964	0.587266	0.593964	0.664074	
2290.000000	0.613519	0.488582	0.587761	0.663132	0.583352	0.587269	0.587761	0.664074	
2300.000000	0.629058	0.479259	0.588735	0.652806	0.573534	0.584678	0.588735	0.664074	
2310.000000	0.591303	0.490186	0.533521	0.624700	0.612039	0.570350	0.591303	0.664074	
2320.000000	0.596906	0.468360	0.561089	0.619751	0.580626	0.565346	0.580626	0.664074	
2330.000000	0.635844	0.491314	0.577391	0.628728	0.569878	0.580631	0.577391	0.664074	
2340.000000	0.622537	0.515769	0.551413	0.642930	0.571461	0.580822	0.571461	0.664074	
2350.000000	0.640681	0.514437	0.579629	0.626555	0.594664	0.591193	0.594664	0.664074	
2360.000000	0.634279	0.488725	0.566406	0.627909	0.571426	0.577749	0.571426	0.664074	
2370.000000	0.619333	0.465602	0.545890	0.632260	0.592035	0.571024	0.592035	0.664074	
2380.000000	0.578590	0.446580	0.502059	0.623750	0.602738	0.550743	0.578590	0.664074	
2390.000000	0.623983	0.460039	0.532045	0.631749	0.598928	0.569349	0.598928	0.664074	
2400.000000	0.615733	0.447595	0.521346	0.621115	0.606035	0.562365	0.606035	0.664074	
2410.000000	0.549776	0.436054	0.490373	0.626279	0.604198	0.541336	0.549776	0.664074	
2420.000000	0.626184	0.451560	0.525677	0.626625	0.601158	0.566241	0.601158	0.664074	
2430.000000	0.580706	0.452596	0.516449	0.619045	0.595892	0.552937	0.580706	0.664074	
2440.000000	0.605861	0.488993	0.521255	0.640052	0.613368	0.573906	0.605861	0.664074	
2450.000000	0.583033	0.472559	0.507787	0.648135	0.619829	0.566269	0.583033	0.664074	
2460.000000	0.630912	0.483334	0.518791	0.615863	0.605831	0.570946	0.605831	0.664074	
2470.000000	0.607347	0.491990	0.526383	0.627526	0.585023	0.567654	0.585023	0.664074	
2480.000000	0.607463	0.515334	0.548863	0.657812	0.600408	0.585976	0.600408	0.664074	
2490.000000	0.620880	0.495100	0.518822	0.635266	0.604614	0.574936	0.604614	0.664074	
2500.000000	0.590318	0.492194	0.532729	0.659704	0.571517	0.569293	0.571517	0.664074	
2510.000000	0.584984	0.498666	0.520198	0.663798	0.603211	0.574171	0.584984	0.664074	
2520.000000	0.600633	0.488474	0.518547	0.626495	0.605119	0.567853	0.600633	0.664074	
2530.000000	0.610076	0.502591	0.552092	0.668846	0.586119	0.583945	0.586119	0.664074	
2540.000000	0.577546	0.500860	0.515145	0.641014	0.567326	0.560378	0.567326	0.664074	
2550.000000	0.558401	0.516350	0.548555	0.647147	0.567899	0.567671	0.558401	0.664074	
2560.000000	0.601582	0.527624	0.548656	0.647770	0.563882	0.577903	0.563882	0.664074	
2570.000000	0.604959	0.532585	0.547117	0.649095	0.563747	0.579500	0.563747	0.664074	
2580.000000	0.590207	0.527057	0.526842	0.646694	0.563050	0.570770	0.563050	0.664074	
2590.000000	0.602037	0.488077	0.545215	0.670089	0.562923	0.573668	0.562923	0.664074	
2600.000000	0.589402	0.520241	0.529573	0.653685	0.562423	0.571065	0.562423	0.664074	
2610.000000	0.552148	0.488397	0.533386	0.654799	0.578638	0.561474	0.552148	0.664074	
2620.000000	0.572763	0.481356	0.501353	0.656395	0.601309	0.562635	0.572763	0.664074	
2630.000000	0.524672	0.468357	0.480674	0.640326	0.599726	0.542751	0.524672	0.664074	
2640.000000	0.555866	0.481255	0.505364	0.658973	0.594882	0.559268	0.555866	0.664074	
2650.000000	0.549038	0.454820	0.499971	0.637828	0.575699	0.543471	0.549038	0.664074	
2660.000000	0.543652	0.482456	0.488160	0.633730	0.579624	0.545525	0.543652	0.664074	
2670.000000	0.550134	0.480969	0.499314	0.637690	0.571945	0.548010	0.550134	0.664074	
2680.000000	0.582899	0.502180	0.490139	0.632635	0.574490	0.556469	0.574490	0.664074	
2690.000000	0.549684	0.478007	0.453435	0.636604	0.573523	0.538250	0.549684	0.664074	
2700.000000	0.529658	0.481340	0.459397	0.646038	0.591326	0.541552	0.529658	0.664074	
2710.000000	0.550070	0.468867	0.457463	0.629966	0.559937	0.533261	0.550070	0.664074	
2720.000000	0.533394	0.455245	0.480060	0.647227	0.581657	0.539517	0.533394	0.664074	
2730.000000	0.576267	0.460436	0.505369	0.635975	0.549369	0.545483	0.549369	0.664074	
2740.000000	0.593152	0.495570	0.500557	0.641266	0.565483	0.559206	0.565483	0.664074	
2750.000000	0.569154	0.482484	0.491978	0.646091	0.552523	0.548446	0.552523	0.664074	
2760.000000	0.582416	0.503371	0.512128	0.639289	0.544587	0.556358	0.544587	0.664074	
2770.000000	0.571494	0.514679	0.482010	0.652273	0.564169	0.556925	0.564169	0.664074	
2780.000000	0.575782	0.488974	0.489770	0.643051	0.569284	0.553372	0.569284	0.664074	
2790.000000	0.590210	0.496324	0.521535	0.640219	0.554470	0.560551	0.554470	0.664074	
2800.000000	0.586572	0.516053	0.514695	0.647430	0.577944	0.568539	0.577944	0.664074	
2810.000000	0.599952	0.513932	0.544466	0.646992	0.552901	0.571649	0.552901	0.664074	
2820.000000	0.600871	0.511296	0.506068	0.635256	0.546144	0.559927	0.546144	0.664074	
2830.000000	0.619448	0.531056	0.558795	0.650669	0.557834	0.583560	0.558795	0.664074	
2840.000000	0.595508	0.524765	0.535443	0.638453	0.577944	0.574423	0.577944	0.664074	
2850.000000	0.608683	0.517615	0.510892	0.641983	0.547130	0.565261	0.547130	0.664074	
2860.000000	0.608292	0.505672	0.508801	0.661509	0.544664	0.565788	0.544664	0.664074	
2870.000000	0.570334	0.509863	0.507555	0.638916	0.564182	0.558170	0.564182	0.664074	
2880.000000	0.588963	0.500164	0.531352	0.639042	0.549192	0.561743	0.549192	0.664074	
2890.000000	0.611562	0.495358	0.512162	0.621866	0.552054	0.558600	0.552054	0.664074	
2900.000000	0.614581	0.523032	0.537776	0.611721	0.562134	0.569849	0.562134	0.664074	
2910.000000	0.610507	0.494527	0.521398	0.614996	0.554836	0.559253	0.554836	0.664074	
2920.000000	0.586226	0.498791	0.509331	0.625346	0.547814	0.553502	0.547814	0.664074	
2930.000000	0.607120	0.489709	0.525908	0.635266	0.558079	0.563216	0.558079	0.664074	
2940.000000	0.587927	0.497193	0.519224	0.636390	0.550039	0.558155	0.550039	0.664074	
2950.000000	0.596467	0.487135	0.536186	0.619356	0.555834	0.558996	0.555834	0.664074	
2960.000000	0.586113	0.476082	0.531171	0.606964	0.575752	0.555216	0.575752	0.664074	
2970.000000	0.587046	0.486773	0.527067	0.637637	0.566650	0.561035	0.566650	0.664074	
2980.000000	0.599158	0.484657	0.520694	0.606215	0.550485	0.552242	0.550485	0.664074	
2990.000000	0.576644	0.492110	0.503652	0.608809	0.562223	0.548687	0.562223	0.664074	
3000.000000	0.578236	0.453319	0.517919	0.608228	0.578567	0.547254	0.578236	0.664074	
3010.000000	0.588004	0.465548	0.500826	0.628270	0.570283	0.550586	0.570283	0.664074	
3020.000000	0.532118	0.443540	0.466736	0.617392	0.582537	0.528465	0.532118	0.664074	
3030.000000	0.575181	0.465456	0.509883	0.626822	0.577897	0.551048	0.575181	0.664074	
3040.000000	0.585686	0.456065	0.510698	0.611035	0.587971	0.550291	0.585686	0.664074	
3050.000000	0.550357	0.471946	0.509358	0.625773	0.577191	0.546925	0.550357	0.664074	
3060.000000	0.622560	0.515766	0.571962	0.629370	0.579586	0.583849	0.579586	0.664074	
3070.000000	0.602726	0.505367	0.528022	0.624448	0.548058	0.561724	0.548058	0.664074	
3080.000000	0.619476	0.521157	0.554122	0.633459	0.573272	0.580297	0.573272	0.664074	
3090.000000	0.608591	0.513544	0.544249	0.655870	0.548480	0.574147	0.548480	0.664074	
3100.000000	0.617309	0.496206	0.516779	0.638330	0.551324	0.563990	0.551324	0.664074	
3110.000000	0.601842	0.491490	0.514197	0.642219	0.555075	0.560964	0.555075	0.664074	
3120.000000	0.640961	0.509208	0.545793	0.645030	0.568336	0.581866	0.568336	0.664074	
3130.000000	0.622823	0.514989	0.560178	0.674449	0.537960	0.582080	0.560178	0.664074	
3140.000000	0.600901	0.504583	0.549300	0.643853	0.550355	0.569799	0.550355	0.664074	
3150.000000	0.612634	0.499121	0.526794	0.651696	0.554935	0.569036	0.554935	0.664074	
3160.000000	0.616724	0.510072	0.521107	0.643591	0.568502	0.571999	0.568502	0.664074	
3170.000000	0.664800	0.532275	0.578989	0.655378	0.546770	0.595642	0.578989	0.664074	
3180.000000	0.680709	0.537027	0.582824	0.673330	0.550556	0.604889	0.582824	0.664074	
3190.000000	0.687961	0.536843	0.604881	0.647474	0.541829	0.603798	0.604881	0.664074	
3200.000000	0.671258	0.551721	0.590048	0.653985	0.566594	0.606721	0.590048	0.664074	
3210.000000	0.681963	0.544698	0.588864	0.671469	0.564541	0.610307	0.588864	0.664074	
3220.000000	0.678999	0.541604	0.612658	0.667795	0.555105	0.611232	0.612658	0.664074	
3230.000000	0.658125	0.531579	0.618084	0.652367	0.532962	0.598623	0.618084	0.664074	
3240.000000	0.675571	0.528620	0.603911	0.659561	0.554744	0.604482	0.603911	0.664074	
3250.000000	0.662667	0.525531	0.598860	0.630574	0.539460	0.591418	0.598860	0.664074	
3260.000000	0.679690	0.527600	0.577650	0.632155	0.573195	0.598058	0.577650	0.664074	
3270.000000	0.652654	0.498436	0.575588	0.622682	0.568587	0.583589	0.575588	0.664074	
3280.000000	0.659748	0.531286	0.616794	0.636818	0.573301	0.603589	0.616794	0.664074	
3290.000000	0.649992	0.497778	0.575415	0.648487	0.567164	0.587767	0.575415	0.664074	
3300.000000	0.618727	0.492744	0.552776	0.619305	0.553654	0.567441	0.553654	0.664074	
3310.000000	0.635865	0.524237	0.563485	0.629309	0.581807	0.586941	0.581807	0.664074	
3320.000000	0.640947	0.508604	0.541069	0.626381	0.570055	0.577411	0.570055	0.664074	
3330.000000	0.632065	0.524004	0.594671	0.654097	0.554254	0.591818	0.594671	0.664074	
3340.000000	0.623871	0.493933	0.567347	0.645507	0.562512	0.578634	0.567347	0.664074	
3350.000000	0.644490	0.519839	0.562926	0.627081	0.569541	0.584775	0.569541	0.664074	
3360.000000	0.589018	0.482665	0.523567	0.619320	0.549827	0.552879	0.549827	0.664074	
3370.000000	0.612515	0.490132	0.550773	0.606205	0.532608	0.558447	0.550773	0.664074	
3380.000000	0.613089	0.471221	0.541884	0.626717	0.561047	0.562792	0.561047	0.664074	
3390.000000	0.575909	0.487748	0.516550	0.620650	0.554464	0.551064	0.554464	0.664074	
3400.000000	0.589246	0.465160	0.520440	0.620536	0.540842	0.547245	0.540842	0.664074	
3410.000000	0.611631	0.467004	0.473973	0.612152	0.582829	0.549518	0.582829	0.664074	
3420.000000	0.588539	0.478244	0.511907	0.600830	0.572858	0.550476	0.572858	0.664074	
3430.000000	0.622335	0.467387	0.496480	0.626432	0.538521	0.550231	0.538521	0.664074	
3440.000000	0.579565	0.471587	0.510557	0.600450	0.567660	0.545964	0.567660	0.664074	
3450.000000	0.580611	0.467204	0.485469	0.602985	0.577932	0.542840	0.577932	0.664074	
3460.000000	0.599853	0.487555	0.546743	0.624070	0.549025	0.561449	0.549025	0.664074	
3470.000000	0.603075	0.519142	0.538797	0.586866	0.579226	0.565421	0.579226	0.664074	
3480.000000	0.612630	0.520149	0.536396	0.575583	0.559764	0.560904	0.559764	0.664074	
3490.000000	0.610260	0.508964	0.520528	0.578589	0.567229	0.557114	0.567229	0.664074	
3500.000000	0.624737	0.505764	0.576292	0.577867	0.547098	0.566352	0.576292	0.664074	
3510.000000	0.608087	0.532658	0.579973	0.586631	0.543681	0.570206	0.579973	0.664074	
3520.000000	0.597961	0.504642	0.555280	0.578252	0.557380	0.558703	0.557380	0.664074	
3530.000000	0.582597	0.494569	0.529217	0.585456	0.555559	0.549480	0.555559	0.664074	
3540.000000	0.595130	0.511949	0.563881	0.604403	0.578074	0.570687	0.578074	0.664074	
3550.000000	0.593845	0.500035	0.537141	0.591129	0.549650	0.554360	0.549650	0.664074	
3560.000000	0.612217	0.493562	0.526994	0.592902	0.573780	0.559891	0.573780	0.664074	
3570.000000	0.606558	0.481384	0.551125	0.595226	0.561679	0.559195	0.561679	0.664074	
3580.000000	0.568869	0.456147	0.528482	0.595092	0.568457	0.543409	0.568457	0.664074	
3590.000000	0.603776	0.470727	0.503835	0.591405	0.560793	0.546107	0.560793	0.664074	
3600.000000	0.582145	0.505410	0.529720	0.613140	0.584371	0.562957	0.582145	0.664074	
3610.000000	0.632116	0.511930	0.556091	0.601729	0.594962	0.579366	0.594962	0.664074	
3620.000000	0.643661	0.505703	0.548951	0.625409	0.582286	0.581202	0.582286	0.664074	
3630.000000	0.622640	0.535483	0.567997	0.601630	0.558114	0.577173	0.567997	0.664074	
3640.000000	0.636698	0.543453	0.537756	0.582348	0.553253	0.570702	0.553253	0.664074	
3650.000000	0.609776	0.531587	0.574970	0.610684	0.569615	0.579327	0.574970	0.664074	
3660.000000	0.637109	0.504003	0.541991	0.612237	0.577504	0.574569	0.577504	0.664074	
3670.000000	0.647956	0.506396	0.590550	0.600467	0.558061	0.580686	0.590550	0.664074	
3680.000000	0.640348	0.530095	0.575178	0.598091	0.577811	0.584305	0.577811	0.664074	
3690.000000	0.616310	0.515233	0.560481	0.586028	0.591370	0.573884	0.586028	0.664074	
3700.000000	0.657417	0.521944	0.571258	0.589131	0.576739	0.583298	0.576739	0.664074	
3710.000000	0.638511	0.522830	0.579133	0.601799	0.591710	0.586796	0.591710	0.664074	
3720.000000	0.629089	0.528101	0.607128	0.606167	0.565888	0.587274	0.606167	0.664074	
3730.000000	0.614912	0.534664	0.559345	0.578832	0.570554	0.571661	0.570554	0.664074	
3740.000000	0.631845	0.525559	0.585559	0.579257	0.576142	0.579673	0.579257	0.664074	
3750.000000	0.628210	0.541353	0.546289	0.589671	0.542446	0.569594	0.546289	0.664074	
3760.000000	0.630969	0.523891	0.571328	0.609512	0.537212	0.574583	0.571328	0.664074	
3770.000000	0.626217	0.536301	0.601044	0.615643	0.563829	0.588607	0.601044	0.664074	
3780.000000	0.643079	0.503967	0.585579	0.624627	0.541814	0.579813	0.585579	0.664074	
3790.000000	0.608436	0.527960	0.573581	0.614863	0.545013	0.573970	0.573581	0.664074	
3800.000000	0.649181	0.537616	0.577572	0.611520	0.546811	0.584540	0.577572	0.664074	
3810.000000	0.661894	0.552196	0.591774	0.629048	0.578440	0.602670	0.591774	0.664074	
3820.000000	0.616736	0.505414	0.559459	0.640902	0.597605	0.584024	0.597605	0.664074	
3830.000000	0.640895	0.497496	0.575970	0.612557	0.594200	0.584223	0.594200	0.664074	
3840.000000	0.617163	0.509572	0.557754	0.632761	0.569476	0.577345	0.569476	0.664074	
3850.000000	0.612227	0.502730	0.544393	0.612118	0.591096	0.572513	0.591096	0.664074	
3860.000000	0.625432	0.515449	0.576873	0.636719	0.579238	0.586742	0.579238	0.664074	
3870.000000	0.622164	0.523506	0.556069	0.606964	0.551416	0.572024	0.556069	0.664074	
3880.000000	0.612740	0.531908	0.556970	0.617268	0.569086	0.577595	0.569086	0.664074	
3890.000000	0.651405	0.548201	0.572186	0.625019	0.586453	0.596653	0.586453	0.664074	
3900.000000	0.669280	0.556246	0.583547	0.613899	0.565764	0.597747	0.583547	0.664074	
3910.000000	0.662123	0.557411	0.587702	0.611002	0.579751	0.599598	0.587702	0.664074	
3920.000000	0.685273	0.573276	0.625587	0.623702	0.581128	0.617793	0.623702	0.664074	
3930.000000	0.646768	0.571996	0.610953	0.616352	0.548882	0.598990	0.610953	0.664074	
3940.000000	0.656449	0.556107	0.595111	0.622515	0.577826	0.601602	0.595111	0.664074	
3950.000000	0.660278	0.557477	0.596957	0.636339	0.588831	0.607976	0.596957	0.664074	
3960.000000	0.664333	0.554778	0.620187	0.606125	0.592265	0.607538	0.606125	0.664074	
3970.000000	0.638930	0.541682	0.570000	0.623275	0.575395	0.589856	0.575395	0.664074	
3980.000000	0.646191	0.536815	0.565561	0.617769	0.568068	0.586881	0.568068	0.664074	
3990.000000	0.643823	0.524859	0.568192	0.626393	0.553911	0.583436	0.568192	0.664074	
4000.000000	0.646198	0.541967	0.599282	0.644420	0.564033	0.599180	0.599282	0.664074	
4010.000000	0.630632	0.540661	0.590699	0.642583	0.556824	0.592280	0.590699	0.664074	
4020.000000	0.617005	0.539221	0.601332	0.646585	0.552370	0.591302	0.601332	0.664074	
4030.000000	0.585691	0.506561	0.553985	0.646648	0.571588	0.572895	0.571588	0.664074	
4040.000000	0.591369	0.506307	0.564780	0.635154	0.552045	0.569931	0.564780	0.664074	
4050.000000	0.585712	0.515855	0.560258	0.655373	0.588695	0.581179	0.585712	0.664074	
4060.000000	0.629793	0.503293	0.572857	0.663280	0.569837	0.587812	0.572857	0.664074	
4070.000000	0.619637	0.516126	0.609415	0.661276	0.556209	0.592532	0.609415	0.664074	
4080.000000	0.635453	0.513682	0.598105	0.642809	0.556924	0.589394	0.598105	0.664074	
4090.000000	0.637634	0.500371	0.586975	0.642598	0.562592	0.586034	0.586975	0.664074	
4100.000000	0.636098	0.520100	0.596957	0.642024	0.555196	0.590075	0.596957	0.664074	
4110.000000	0.612924	0.533033	0.578827	0.635178	0.547408	0.581474	0.578827	0.664074	
4120.000000	0.620982	0.513544	0.565817	0.640357	0.559742	0.580088	0.565817	0.664074	
4130.000000	0.602876	0.526212	0.587787	0.662107	0.548781	0.585553	0.587787	0.664074	
4140.000000	0.625489	0.525420	0.590535	0.639405	0.560058	0.588182	0.590535	0.664074	
4150.000000	0.590872	0.493709	0.586263	0.653409	0.529318	0.570714	0.586263	0.664074	
4160.000000	0.582682	0.483730	0.559882	0.648949	0.529714	0.560991	0.559882	0.664074	
4170.000000	0.594674	0.502856	0.562779	0.637615	0.560263	0.571638	0.562779	0.664074	
4180.000000	0.625583	0.520579	0.591386	0.639347	0.547898	0.584959	0.591386	0.664074	
4190.000000	0.577007	0.496634	0.576925	0.624930	0.558985	0.566896	0.576925	0.664074	
4200.000000	0.612290	0.508980	0.566846	0.644957	0.535482	0.573711	0.566846	0.664074	
4210.000000	0.590745	0.470173	0.532014	0.612840	0.562753	0.553705	0.562753	0.664074	
4220.000000	0.574563	0.461576	0.528237	0.609371	0.577306	0.550211	0.574563	0.664074	
4230.000000	0.599075	0.478206	0.546638	0.629992	0.560834	0.562949	0.560834	0.664074	
4240.000000	0.577916	0.459941	0.540873	0.623118	0.567353	0.553840	0.567353	0.664074	
4250.000000	0.565259	0.453209	0.533628	0.613930	0.563738	0.545953	0.563738	0.664074	
4260.000000	0.580736	0.462738	0.539182	0.618964	0.557538	0.551832	0.557538	0.664074	
4270.000000	0.582944	0.450106	0.554368	0.618620	0.563732	0.553954	0.563732	0.664074	
4280.000000	0.616515	0.488586	0.568656	0.618004	0.542526	0.566857	0.568656	0.664074	
4290.000000	0.604874	0.498463	0.583398	0.623656	0.581343	0.578347	0.583398	0.664074	
4300.000000	0.602141	0.485793	0.549667	0.614901	0.554346	0.561370	0.554346	0.664074	
4310.000000	0.623529	0.474744	0.549032	0.617304	0.531633	0.559248	0.549032	0.664074	
4320.000000	0.636261	0.476036	0.580127	0.615207	0.542313	0.569989	0.580127	0.664074	
4330.000000	0.639613	0.490003	0.591612	0.644473	0.551428	0.583426	0.591612	0.664074	
4340.000000	0.632437	0.469385	0.566753	0.644562	0.559866	0.574601	0.566753	0.664074	
4350.000000	0.640737	0.502185	0.584319	0.664869	0.565756	0.591573	0.584319	0.664074	
4360.000000	0.617935	0.499157	0.579189	0.656831	0.524043	0.575431	0.579189	0.664074	
4370.000000	0.635447	0.466196	0.560156	0.640563	0.563463	0.573165	0.563463	0.664074	
4380.000000	0.625470	0.468658	0.554183	0.633955	0.552727	0.566999	0.554183	0.664074	
4390.000000	0.622558	0.451618	0.540905	0.652159	0.593069	0.572062	0.593069	0.664074	
4400.000000	0.627459	0.468134	0.553504	0.645759	0.562397	0.571451	0.562397	0.664074	
4410.000000	0.601090	0.448844	0.521371	0.642082	0.600219	0.562721	0.600219	0.664074	
4420.000000	0.596922	0.451127	0.520191	0.635780	0.569597	0.554724	0.569597	0.664074	
4430.000000	0.587378	0.436968	0.524908	0.641008	0.557866	0.549626	0.557866	0.664074	
4440.000000	0.611522	0.448156	0.539349	0.643546	0.560642	0.560643	0.560642	0.664074	
4450.000000	0.634098	0.440719	0.511703	0.618632	0.583417	0.557714	0.583417	0.664074	
4460.000000	0.593635	0.446082	0.512668	0.621819	0.571556	0.549152	0.571556	0.664074	
4470.000000	0.601634	0.450075	0.534425	0.637199	0.579069	0.560480	0.579069	0.664074	
4480.000000	0.642801	0.465390	0.543006	0.639761	0.552042	0.568600	0.552042	0.664074	
4490.000000	0.621140	0.459248	0.553724	0.640498	0.547053	0.564333	0.553724	0.664074	
4500.000000	0.655837	0.466504	0.567813	0.633631	0.547461	0.574249	0.567813	0.664074	
4510.000000	0.704166	0.490884	0.593102	0.648191	0.554916	0.598252	0.593102	0.664074	
4520.000000	0.682198	0.475864	0.569023	0.636821	0.517312	0.576244	0.569023	0.664074	
4530.000000	0.667160	0.506521	0.587819	0.637133	0.540190	0.587764	0.587819	0.664074	
4540.000000	0.716773	0.533865	0.607092	0.650446	0.494278	0.600491	0.607092	0.664074	
4550.000000	0.673349	0.517746	0.589783	0.652919	0.500143	0.586788	0.589783	0.664074	
4560.000000	0.697467	0.522543	0.617897	0.643802	0.501753	0.596692	0.617897	0.664074	
4570.000000	0.668960	0.478573	0.579651	0.641234	0.509361	0.575556	0.579651	0.664074	
4580.000000	0.689615	0.495614	0.589724	0.637300	0.501121	0.582675	0.589724	0.664074	
4590.000000	0.678276	0.504867	0.599287	0.650628	0.512916	0.589195	0.599287	0.664074	
4600.000000	0.690254	0.483557	0.570398	0.640680	0.527699	0.582517	0.570398	0.664074	
4610.000000	0.698952	0.501001	0.595401	0.647198	0.533488	0.595208	0.595401	0.664074	
4620.000000	0.652022	0.475291	0.583188	0.629341	0.555911	0.579151	0.583188	0.664074	
4630.000000	0.671952	0.490625	0.571741	0.664609	0.540494	0.587884	0.571741	0.664074	
4640.000000	0.716983	0.534248	0.617304	0.655317	0.542313	0.613233	0.617304	0.664074	
4650.000000	0.684649	0.508793	0.597062	0.654649	0.511087	0.591248	0.597062	0.664074	
4660.000000	0.672649	0.498985	0.615599	0.657123	0.526671	0.594206	0.615599	0.664074	
4670.000000	0.693837	0.494337	0.588737	0.670011	0.533001	0.595985	0.588737	0.664074	
4680.000000	0.695010	0.513558	0.599326	0.662066	0.530815	0.600155	0.599326	0.664074	
4690.000000	0.672004	0.481574	0.570855	0.647389	0.532153	0.580795	0.570855	0.664074	
4700.000000	0.704651	0.518101	0.605093	0.671980	0.529522	0.605870	0.605093	0.664074	
4710.000000	0.685586	0.499161	0.597817	0.678443	0.515058	0.595213	0.597817	0.664074	
4720.000000	0.695182	0.520257	0.620008	0.661526	0.495627	0.598520	0.620008	0.664074	
4730.000000	0.704274	0.531922	0.640857	0.669115	0.520354	0.613304	0.640857	0.664074	
4740.000000	0.726063	0.527929	0.621191	0.683113	0.499917	0.611643	0.621191	0.664074	
4750.000000	0.716036	0.512475	0.609627	0.661918	0.506762	0.601364	0.609627	0.664074	
4760.000000	0.681360	0.510519	0.605318	0.657008	0.526187	0.596078	0.605318	0.664074	
4770.000000	0.679805	0.509725	0.608396	0.678496	0.554235	0.606131	0.608396	0.664074	
4780.000000	0.678667	0.497726	0.613723	0.653971	0.542180	0.597253	0.613723	0.664074	
4790.000000	0.708765	0.517100	0.628682	0.665784	0.550990	0.614264	0.628682	0.664074	
4800.000000	0.665680	0.491142	0.579455	0.659787	0.557881	0.590789	0.579455	0.664074	
4810.000000	0.663871	0.489460	0.600907	0.635866	0.517808	0.581582	0.600907	0.664074	
4820.000000	0.711915	0.495403	0.603938	0.655191	0.537753	0.600840	0.603938	0.664074	
4830.000000	0.686557	0.505493	0.593891	0.642109	0.557739	0.597158	0.593891	0.664074	
4840.000000	0.691177	0.516107	0.599075	0.657669	0.536560	0.600118	0.599075	0.664074	
4850.000000	0.665511	0.479839	0.582846	0.643359	0.556915	0.585694	0.582846	0.664074	
4860.000000	0.674744	0.507298	0.568690	0.651449	0.550976	0.590631	0.568690	0.664074	
4870.000000	0.650529	0.466685	0.581048	0.653380	0.561077	0.582543	0.581048	0.664074	
4880.000000	0.682608	0.500235	0.576600	0.651536	0.574816	0.597159	0.576600	0.664074	
4890.000000	0.693571	0.477290	0.587943	0.651236	0.567902	0.595589	0.587943	0.664074	
4900.000000	0.680898	0.482900	0.563759	0.653278	0.557284	0.587624	0.563759	0.664074	
4910.000000	0.691276	0.486449	0.582920	0.669539	0.587371	0.603511	0.587371	0.664074	
4920.000000	0.693976	0.495168	0.608435	0.660046	0.551250	0.601775	0.608435	0.664074	
4930.000000	0.675601	0.495725	0.564374	0.651703	0.560987	0.589678	0.564374	0.664074	
4940.000000	0.683951	0.486028	0.594609	0.652888	0.556646	0.594825	0.594609	0.664074	
4950.000000	0.676610	0.482380	0.583891	0.657386	0.562329	0.592519	0.583891	0.664074	
4960.000000	0.677616	0.466924	0.577453	0.676614	0.568254	0.593372	0.577453	0.664074	
4970.000000	0.637267	0.465839	0.561011	0.659426	0.559641	0.576637	0.561011	0.664074	
4980.000000	0.640040	0.474551	0.574008	0.672238	0.551711	0.582510	0.574008	0.664074	
4990.000000	0.672649	0.447952	0.561692	0.666835	0.563041	0.582434	0.563041	0.664074	
5000.000000	0.673912	0.467248	0.591202	0.676423	0.560338	0.593825	0.591202	0.664074	
