Epoch	AUC-12	AUC-13	AUC-14	AUC-15	AUC-16	AUC-Avg	AUC-Mid	AUC-Best	
1.000000	0.362107	0.249702	0.356151	0.414015	0.509373	0.378269	0.362107	0.378269	
10.000000	0.393275	0.238060	0.337672	0.460037	0.601684	0.406146	0.393275	0.406146	
20.000000	0.443474	0.313709	0.332587	0.575327	0.620846	0.457189	0.443474	0.457189	
30.000000	0.411192	0.301597	0.364735	0.555827	0.601211	0.446912	0.411192	0.457189	
40.000000	0.441905	0.341006	0.380668	0.561139	0.617820	0.468508	0.441905	0.468508	
50.000000	0.388850	0.316807	0.398925	0.588203	0.595764	0.457710	0.398925	0.468508	
60.000000	0.414667	0.324419	0.381887	0.550728	0.588039	0.451948	0.414667	0.468508	
70.000000	0.408443	0.336242	0.380632	0.540260	0.618551	0.456825	0.408443	0.468508	
80.000000	0.442398	0.342453	0.386848	0.561953	0.581899	0.463110	0.442398	0.468508	
90.000000	0.433230	0.369675	0.405404	0.529428	0.587482	0.465044	0.433230	0.468508	
100.000000	0.453308	0.368707	0.424817	0.530835	0.569845	0.469503	0.453308	0.469503	
110.000000	0.455507	0.376252	0.426930	0.557365	0.597721	0.482755	0.455507	0.482755	
120.000000	0.431760	0.427052	0.477173	0.566281	0.587847	0.498023	0.477173	0.498023	
130.000000	0.433789	0.436240	0.507660	0.534966	0.574920	0.497515	0.507660	0.498023	
140.000000	0.448954	0.429472	0.503796	0.590395	0.580819	0.510687	0.503796	0.510687	
150.000000	0.425128	0.423584	0.519248	0.555031	0.557931	0.496184	0.519248	0.510687	
160.000000	0.437808	0.409782	0.465756	0.577494	0.586231	0.495414	0.465756	0.510687	
170.000000	0.399365	0.432336	0.508273	0.557793	0.565356	0.492625	0.508273	0.510687	
180.000000	0.418703	0.362765	0.470425	0.553257	0.587032	0.478436	0.470425	0.510687	
190.000000	0.429309	0.408281	0.480310	0.558833	0.579106	0.491168	0.480310	0.510687	
200.000000	0.424208	0.369905	0.456674	0.546214	0.593662	0.478133	0.456674	0.510687	
210.000000	0.456371	0.376113	0.477586	0.528939	0.557267	0.479255	0.477586	0.510687	
220.000000	0.451497	0.431105	0.530980	0.527718	0.590452	0.506350	0.527718	0.510687	
230.000000	0.396660	0.393728	0.461867	0.548498	0.567797	0.473710	0.461867	0.510687	
240.000000	0.451275	0.437354	0.459207	0.539806	0.542340	0.485996	0.459207	0.510687	
250.000000	0.430387	0.372747	0.452554	0.512959	0.548843	0.463498	0.452554	0.510687	
260.000000	0.477375	0.390079	0.545112	0.540541	0.552847	0.501191	0.540541	0.510687	
270.000000	0.490246	0.402419	0.572026	0.540045	0.539321	0.508812	0.539321	0.510687	
280.000000	0.514400	0.376513	0.506141	0.552800	0.574084	0.504787	0.514400	0.510687	
290.000000	0.479111	0.362876	0.495493	0.537282	0.540591	0.483071	0.495493	0.510687	
300.000000	0.454670	0.362999	0.497346	0.515670	0.546367	0.475410	0.497346	0.510687	
310.000000	0.484745	0.360014	0.477366	0.543027	0.551309	0.483292	0.484745	0.510687	
320.000000	0.461700	0.352262	0.475877	0.536849	0.531559	0.471650	0.475877	0.510687	
330.000000	0.519432	0.400521	0.498442	0.571954	0.536152	0.505300	0.519432	0.510687	
340.000000	0.532798	0.447602	0.584763	0.573345	0.514630	0.530628	0.532798	0.530628	
350.000000	0.545676	0.515397	0.567440	0.604081	0.541888	0.554896	0.545676	0.554896	
360.000000	0.582835	0.483226	0.572378	0.614572	0.515865	0.553775	0.572378	0.554896	
370.000000	0.604426	0.494196	0.579301	0.632783	0.510956	0.564332	0.579301	0.564332	
380.000000	0.599408	0.485025	0.603454	0.630702	0.529990	0.569716	0.599408	0.569716	
390.000000	0.590420	0.459074	0.600728	0.628864	0.487310	0.553279	0.590420	0.569716	
400.000000	0.599787	0.478772	0.609185	0.625430	0.518157	0.566266	0.599787	0.569716	
410.000000	0.589569	0.524528	0.616658	0.636847	0.498441	0.573209	0.589569	0.573209	
420.000000	0.616138	0.533264	0.625456	0.640847	0.513357	0.585812	0.616138	0.585812	
430.000000	0.596908	0.517375	0.631474	0.626323	0.493950	0.573206	0.596908	0.585812	
440.000000	0.618967	0.497606	0.612773	0.636506	0.484177	0.570006	0.612773	0.585812	
450.000000	0.593460	0.507467	0.648094	0.632846	0.497715	0.575917	0.593460	0.585812	
460.000000	0.634333	0.512367	0.647298	0.628512	0.504934	0.585489	0.628512	0.585812	
470.000000	0.659257	0.526167	0.676520	0.642014	0.514485	0.603689	0.642014	0.603689	
480.000000	0.627713	0.522073	0.665965	0.632846	0.519938	0.593707	0.627713	0.603689	
490.000000	0.650988	0.535636	0.612219	0.631646	0.487600	0.583618	0.612219	0.603689	
500.000000	0.635438	0.540531	0.642294	0.637424	0.507481	0.592634	0.635438	0.603689	
510.000000	0.628269	0.516443	0.649521	0.628648	0.489342	0.582445	0.628269	0.603689	
520.000000	0.675869	0.572717	0.675652	0.659638	0.500843	0.616944	0.659638	0.616944	
530.000000	0.668663	0.574695	0.681947	0.662793	0.470647	0.611749	0.662793	0.616944	
540.000000	0.661805	0.559448	0.671473	0.655497	0.481291	0.605903	0.655497	0.616944	
550.000000	0.653109	0.540513	0.678144	0.658873	0.477750	0.601678	0.653109	0.616944	
560.000000	0.650526	0.526059	0.655439	0.678227	0.474339	0.596918	0.650526	0.616944	
570.000000	0.652538	0.554869	0.637303	0.634403	0.479779	0.591779	0.634403	0.616944	
580.000000	0.683963	0.572339	0.671230	0.644509	0.493217	0.613052	0.644509	0.616944	
590.000000	0.668946	0.555879	0.658063	0.636680	0.473402	0.598594	0.636680	0.616944	
600.000000	0.702566	0.584126	0.667372	0.650274	0.455806	0.612029	0.650274	0.616944	
610.000000	0.661395	0.581225	0.648641	0.635931	0.448886	0.595215	0.635931	0.616944	
620.000000	0.651810	0.582916	0.678801	0.660092	0.452861	0.605296	0.651810	0.616944	
630.000000	0.659209	0.565834	0.657091	0.675246	0.444345	0.600345	0.657091	0.616944	
640.000000	0.683991	0.576236	0.680093	0.659493	0.455224	0.611007	0.659493	0.616944	
650.000000	0.684361	0.551283	0.671659	0.686071	0.432954	0.605265	0.671659	0.616944	
660.000000	0.687509	0.582975	0.662837	0.682212	0.443073	0.611721	0.662837	0.616944	
670.000000	0.667247	0.572616	0.690133	0.681553	0.445318	0.611373	0.667247	0.616944	
680.000000	0.662625	0.591511	0.689008	0.673584	0.438584	0.611062	0.662625	0.616944	
690.000000	0.663711	0.580788	0.672540	0.677724	0.441524	0.607257	0.663711	0.616944	
700.000000	0.683902	0.572292	0.682944	0.658459	0.434789	0.606477	0.658459	0.616944	
710.000000	0.690781	0.565383	0.691745	0.682428	0.447819	0.615631	0.682428	0.616944	
720.000000	0.678509	0.577523	0.703870	0.683110	0.438229	0.616248	0.678509	0.616944	
730.000000	0.699836	0.613986	0.704112	0.669008	0.424575	0.622303	0.669008	0.622303	
740.000000	0.686720	0.614298	0.713059	0.689939	0.414601	0.623724	0.686720	0.623724	
750.000000	0.692334	0.623170	0.711122	0.684625	0.437184	0.629687	0.684625	0.629687	
760.000000	0.719563	0.629523	0.715138	0.697832	0.417558	0.635923	0.697832	0.635923	
770.000000	0.664843	0.602288	0.702204	0.715352	0.448516	0.626641	0.664843	0.635923	
780.000000	0.659119	0.592669	0.714821	0.710161	0.435610	0.622476	0.659119	0.635923	
790.000000	0.673573	0.614030	0.717359	0.711643	0.457849	0.634891	0.673573	0.635923	
800.000000	0.730784	0.603195	0.725754	0.702908	0.454955	0.643519	0.702908	0.643519	
810.000000	0.696353	0.631053	0.719555	0.699997	0.446821	0.638756	0.696353	0.643519	
820.000000	0.692376	0.611066	0.722361	0.708341	0.418376	0.630504	0.692376	0.643519	
830.000000	0.695508	0.623140	0.753789	0.705486	0.455103	0.646605	0.695508	0.646605	
840.000000	0.698575	0.613229	0.711142	0.684571	0.453765	0.632257	0.684571	0.646605	
850.000000	0.720342	0.597444	0.726887	0.701101	0.454716	0.640098	0.701101	0.646605	
860.000000	0.703608	0.639199	0.721694	0.698664	0.428929	0.638419	0.698664	0.646605	
870.000000	0.694782	0.619280	0.709288	0.692102	0.450675	0.633226	0.692102	0.646605	
880.000000	0.698371	0.632951	0.718387	0.692216	0.444045	0.637194	0.692216	0.646605	
890.000000	0.699996	0.622480	0.714305	0.677685	0.448061	0.632505	0.677685	0.646605	
900.000000	0.696210	0.632921	0.735058	0.699693	0.441518	0.641080	0.696210	0.646605	
910.000000	0.696948	0.635636	0.725372	0.676264	0.440793	0.635003	0.676264	0.646605	
920.000000	0.689914	0.630802	0.740620	0.677532	0.431357	0.634045	0.677532	0.646605	
930.000000	0.705643	0.618103	0.724706	0.674945	0.421486	0.628977	0.674945	0.646605	
940.000000	0.688218	0.638355	0.728487	0.666886	0.449184	0.634226	0.666886	0.646605	
950.000000	0.693764	0.632270	0.739821	0.689530	0.430689	0.637215	0.689530	0.646605	
960.000000	0.670117	0.622867	0.722449	0.686675	0.455277	0.631477	0.670117	0.646605	
970.000000	0.697145	0.632855	0.737608	0.682159	0.428326	0.635619	0.682159	0.646605	
980.000000	0.662495	0.643392	0.736851	0.696816	0.446570	0.637225	0.662495	0.646605	
990.000000	0.685629	0.607256	0.718157	0.668357	0.465895	0.629059	0.668357	0.646605	
1000.000000	0.646055	0.594062	0.740398	0.667843	0.459291	0.621530	0.646055	0.646605	
1010.000000	0.672206	0.607691	0.703628	0.677341	0.468033	0.625780	0.672206	0.646605	
1020.000000	0.652915	0.605659	0.693609	0.678848	0.469380	0.620082	0.652915	0.646605	
1030.000000	0.685252	0.606511	0.727068	0.658607	0.444166	0.624321	0.658607	0.646605	
1040.000000	0.658796	0.591400	0.727564	0.665743	0.452825	0.619266	0.658796	0.646605	
1050.000000	0.656214	0.589002	0.724459	0.671673	0.449320	0.618134	0.656214	0.646605	
1060.000000	0.680125	0.591626	0.718604	0.699468	0.441198	0.626204	0.680125	0.646605	
1070.000000	0.650138	0.594420	0.719958	0.700530	0.433452	0.619699	0.650138	0.646605	
1080.000000	0.654338	0.589763	0.697133	0.669207	0.448593	0.611807	0.654338	0.646605	
1090.000000	0.665859	0.583665	0.697479	0.667189	0.443488	0.611536	0.665859	0.646605	
1100.000000	0.650253	0.590257	0.726370	0.667686	0.417980	0.610509	0.650253	0.646605	
1110.000000	0.662021	0.556208	0.725739	0.676452	0.449600	0.614004	0.662021	0.646605	
1120.000000	0.656138	0.582390	0.699212	0.668323	0.447607	0.610734	0.656138	0.646605	
1130.000000	0.639389	0.585916	0.706765	0.685020	0.447574	0.612933	0.639389	0.646605	
1140.000000	0.643960	0.595420	0.701735	0.680382	0.436818	0.611663	0.643960	0.646605	
1150.000000	0.666646	0.593216	0.686087	0.665305	0.428176	0.607886	0.665305	0.646605	
1160.000000	0.645979	0.589484	0.675652	0.652612	0.449382	0.602622	0.645979	0.646605	
1170.000000	0.677708	0.583024	0.699847	0.677187	0.440769	0.615707	0.677187	0.646605	
1180.000000	0.647089	0.595474	0.702402	0.647685	0.432789	0.605088	0.647089	0.646605	
1190.000000	0.671361	0.608095	0.712652	0.663432	0.440639	0.619236	0.663432	0.646605	
1200.000000	0.660296	0.603271	0.707363	0.663447	0.438764	0.614628	0.660296	0.646605	
1210.000000	0.661583	0.575529	0.715612	0.692497	0.425160	0.614076	0.661583	0.646605	
1220.000000	0.690975	0.585654	0.716704	0.686768	0.406057	0.617232	0.686768	0.646605	
1230.000000	0.666069	0.578216	0.719984	0.656490	0.423447	0.608841	0.656490	0.646605	
1240.000000	0.658068	0.581006	0.728517	0.645672	0.446889	0.612030	0.645672	0.646605	
1250.000000	0.697143	0.593569	0.717813	0.667230	0.430004	0.621152	0.667230	0.646605	
1260.000000	0.674527	0.574692	0.699134	0.636186	0.434043	0.603716	0.636186	0.646605	
1270.000000	0.648931	0.571660	0.708653	0.636184	0.404288	0.593943	0.636184	0.646605	
1280.000000	0.651146	0.584297	0.704762	0.653750	0.418326	0.602456	0.651146	0.646605	
1290.000000	0.651106	0.569945	0.701476	0.639333	0.442092	0.600791	0.639333	0.646605	
1300.000000	0.653172	0.568489	0.693755	0.640568	0.411456	0.593488	0.640568	0.646605	
1310.000000	0.673651	0.578425	0.699085	0.644684	0.406719	0.600513	0.644684	0.646605	
1320.000000	0.702234	0.592873	0.704278	0.664532	0.436632	0.620110	0.664532	0.646605	
1330.000000	0.671521	0.568747	0.716523	0.674943	0.409560	0.608259	0.671521	0.646605	
1340.000000	0.668571	0.567096	0.713025	0.658825	0.427310	0.606965	0.658825	0.646605	
1350.000000	0.683541	0.581934	0.720793	0.641733	0.434195	0.612439	0.641733	0.646605	
1360.000000	0.670451	0.568405	0.691400	0.668238	0.436708	0.607041	0.668238	0.646605	
1370.000000	0.653000	0.567699	0.677797	0.633672	0.453809	0.597195	0.633672	0.646605	
1380.000000	0.648090	0.577367	0.687641	0.649967	0.435861	0.599785	0.648090	0.646605	
1390.000000	0.681136	0.602497	0.699383	0.645623	0.440312	0.613790	0.645623	0.646605	
1400.000000	0.690046	0.598532	0.702390	0.646205	0.428530	0.613141	0.646205	0.646605	
1410.000000	0.710348	0.616194	0.698494	0.662986	0.425479	0.622700	0.662986	0.646605	
1420.000000	0.687759	0.561227	0.680157	0.622178	0.454639	0.601192	0.622178	0.646605	
1430.000000	0.722920	0.580231	0.703374	0.649092	0.460026	0.623129	0.649092	0.646605	
1440.000000	0.688107	0.553336	0.663119	0.649170	0.469197	0.604586	0.649170	0.646605	
1450.000000	0.690150	0.550639	0.667401	0.648537	0.460324	0.603410	0.648537	0.646605	
1460.000000	0.682747	0.552729	0.651687	0.643686	0.477579	0.601686	0.643686	0.646605	
1470.000000	0.691326	0.538558	0.664758	0.637533	0.445526	0.595540	0.637533	0.646605	
1480.000000	0.696450	0.547475	0.683972	0.652638	0.466270	0.609361	0.652638	0.646605	
1490.000000	0.687935	0.549453	0.690330	0.671019	0.453753	0.610498	0.671019	0.646605	
1500.000000	0.683996	0.521986	0.693433	0.654567	0.444074	0.599611	0.654567	0.646605	
1510.000000	0.683202	0.534633	0.662584	0.637591	0.468095	0.597221	0.637591	0.646605	
1520.000000	0.693057	0.562330	0.669248	0.640614	0.443318	0.601713	0.640614	0.646605	
1530.000000	0.699079	0.533073	0.685841	0.642973	0.450442	0.602282	0.642973	0.646605	
1540.000000	0.686896	0.546406	0.654460	0.652633	0.462980	0.600675	0.652633	0.646605	
1550.000000	0.675381	0.537870	0.661776	0.645735	0.460513	0.596255	0.645735	0.646605	
1560.000000	0.678162	0.556138	0.676258	0.647634	0.467061	0.605051	0.647634	0.646605	
1570.000000	0.691653	0.559203	0.662743	0.650480	0.484233	0.609662	0.650480	0.646605	
1580.000000	0.679449	0.550745	0.680391	0.655514	0.494805	0.612181	0.655514	0.646605	
1590.000000	0.682382	0.578117	0.671769	0.651640	0.495418	0.615865	0.651640	0.646605	
1600.000000	0.698573	0.560478	0.667684	0.652115	0.490370	0.613844	0.652115	0.646605	
1610.000000	0.688256	0.554322	0.631982	0.618399	0.498646	0.598321	0.618399	0.646605	
1620.000000	0.709248	0.564531	0.643057	0.623435	0.490857	0.606226	0.623435	0.646605	
1630.000000	0.693166	0.518911	0.613074	0.617161	0.497290	0.587920	0.613074	0.646605	
1640.000000	0.701727	0.572289	0.650561	0.614838	0.491667	0.606217	0.614838	0.646605	
1650.000000	0.691238	0.579797	0.654897	0.644593	0.494487	0.613002	0.644593	0.646605	
1660.000000	0.690470	0.574194	0.656456	0.619591	0.500666	0.608275	0.619591	0.646605	
1670.000000	0.690572	0.620673	0.688442	0.641571	0.462176	0.620687	0.641571	0.646605	
1680.000000	0.689057	0.618663	0.657931	0.595368	0.477850	0.607774	0.618663	0.646605	
1690.000000	0.668734	0.570835	0.650974	0.602923	0.474014	0.593496	0.602923	0.646605	
1700.000000	0.671926	0.560479	0.613363	0.588750	0.488375	0.584579	0.588750	0.646605	
1710.000000	0.682394	0.558407	0.613508	0.571265	0.494830	0.584081	0.571265	0.646605	
1720.000000	0.651068	0.550874	0.605350	0.594700	0.488486	0.578095	0.594700	0.646605	
1730.000000	0.670779	0.557612	0.639855	0.599072	0.490087	0.591481	0.599072	0.646605	
1740.000000	0.688463	0.531732	0.598557	0.598091	0.486350	0.580639	0.598091	0.646605	
1750.000000	0.658871	0.554578	0.595185	0.591478	0.499999	0.580022	0.591478	0.646605	
1760.000000	0.662073	0.563946	0.603261	0.590497	0.488843	0.581724	0.590497	0.646605	
1770.000000	0.644050	0.572298	0.629188	0.572649	0.497063	0.583049	0.572649	0.646605	
1780.000000	0.663819	0.558560	0.590985	0.568822	0.491430	0.574723	0.568822	0.646605	
1790.000000	0.627675	0.519168	0.561768	0.588012	0.517386	0.562802	0.561768	0.646605	
1800.000000	0.611553	0.536834	0.559916	0.585291	0.511260	0.560971	0.559916	0.646605	
1810.000000	0.621116	0.541362	0.562220	0.568049	0.506549	0.559859	0.562220	0.646605	
1820.000000	0.647892	0.543214	0.583896	0.560414	0.530065	0.573096	0.560414	0.646605	
1830.000000	0.619132	0.528430	0.557496	0.590611	0.509219	0.560977	0.557496	0.646605	
1840.000000	0.640153	0.542070	0.561045	0.582901	0.528514	0.570936	0.561045	0.646605	
1850.000000	0.633358	0.522209	0.568749	0.585165	0.509541	0.563805	0.568749	0.646605	
1860.000000	0.649657	0.542838	0.555471	0.581305	0.515779	0.569010	0.555471	0.646605	
1870.000000	0.646264	0.516501	0.555585	0.561909	0.515011	0.559054	0.555585	0.646605	
1880.000000	0.658836	0.519522	0.535001	0.556733	0.528641	0.559747	0.535001	0.646605	
1890.000000	0.658893	0.500444	0.509053	0.574628	0.522587	0.553121	0.522587	0.646605	
1900.000000	0.644191	0.524194	0.528782	0.563854	0.523428	0.556890	0.528782	0.646605	
1910.000000	0.625312	0.544276	0.560564	0.578255	0.522176	0.566116	0.560564	0.646605	
1920.000000	0.634411	0.522821	0.514326	0.555974	0.547180	0.554943	0.547180	0.646605	
1930.000000	0.626283	0.530995	0.515218	0.562427	0.563679	0.559720	0.562427	0.646605	
1940.000000	0.634154	0.543082	0.547854	0.581978	0.550878	0.571589	0.550878	0.646605	
1950.000000	0.675189	0.575839	0.539906	0.580224	0.544254	0.583082	0.575839	0.646605	
1960.000000	0.643581	0.554571	0.539732	0.565717	0.522336	0.565187	0.554571	0.646605	
1970.000000	0.642862	0.560824	0.520643	0.593190	0.536102	0.570724	0.560824	0.646605	
1980.000000	0.665440	0.578371	0.546872	0.580338	0.509272	0.576059	0.578371	0.646605	
1990.000000	0.660810	0.555544	0.563683	0.587261	0.510330	0.575525	0.563683	0.646605	
2000.000000	0.664759	0.563483	0.531482	0.558125	0.512388	0.566048	0.558125	0.646605	
2010.000000	0.637839	0.557161	0.517770	0.548838	0.516931	0.555708	0.548838	0.646605	
2020.000000	0.654258	0.533252	0.516356	0.560630	0.538400	0.560579	0.538400	0.646605	
2030.000000	0.662570	0.562055	0.539031	0.566838	0.513579	0.568815	0.562055	0.646605	
2040.000000	0.619771	0.534382	0.488651	0.550909	0.517315	0.542206	0.534382	0.646605	
2050.000000	0.673500	0.541957	0.515528	0.553940	0.535237	0.564032	0.541957	0.646605	
2060.000000	0.673604	0.511202	0.494939	0.567032	0.545151	0.558386	0.545151	0.646605	
2070.000000	0.621835	0.500308	0.503776	0.556483	0.528393	0.542159	0.528393	0.646605	
2080.000000	0.618805	0.498169	0.496387	0.549589	0.544251	0.541440	0.544251	0.646605	
2090.000000	0.602859	0.500399	0.510438	0.573633	0.545208	0.546507	0.545208	0.646605	
2100.000000	0.611824	0.519489	0.511444	0.559527	0.510664	0.542589	0.519489	0.646605	
2110.000000	0.646224	0.508299	0.519622	0.581689	0.526456	0.556458	0.526456	0.646605	
2120.000000	0.608410	0.533818	0.522812	0.588389	0.544215	0.559529	0.544215	0.646605	
2130.000000	0.626189	0.517389	0.509798	0.558966	0.508050	0.544078	0.517389	0.646605	
2140.000000	0.630871	0.541384	0.525936	0.601509	0.506100	0.561160	0.541384	0.646605	
2150.000000	0.644351	0.555426	0.562527	0.583530	0.496307	0.568428	0.562527	0.646605	
2160.000000	0.642919	0.540007	0.534234	0.601116	0.503487	0.564353	0.540007	0.646605	
2170.000000	0.645965	0.533507	0.574008	0.570448	0.513094	0.567404	0.570448	0.646605	
2180.000000	0.644156	0.516760	0.540512	0.578272	0.509837	0.557907	0.540512	0.646605	
2190.000000	0.640009	0.533666	0.529556	0.578172	0.488864	0.554054	0.533666	0.646605	
2200.000000	0.634239	0.559673	0.546816	0.562195	0.483432	0.557271	0.559673	0.646605	
2210.000000	0.636235	0.504341	0.520560	0.561928	0.508106	0.546234	0.520560	0.646605	
2220.000000	0.628436	0.513173	0.510100	0.585191	0.542981	0.555976	0.542981	0.646605	
2230.000000	0.618181	0.526651	0.523126	0.577283	0.498853	0.548819	0.526651	0.646605	
2240.000000	0.599454	0.517963	0.524493	0.560947	0.503676	0.541306	0.524493	0.646605	
2250.000000	0.645348	0.536933	0.561094	0.580850	0.521831	0.569211	0.561094	0.646605	
2260.000000	0.672279	0.580649	0.563505	0.574892	0.500241	0.578313	0.574892	0.646605	
2270.000000	0.611553	0.541661	0.551780	0.571165	0.541536	0.563539	0.551780	0.646605	
2280.000000	0.630736	0.553084	0.542517	0.596100	0.527699	0.570027	0.553084	0.646605	
2290.000000	0.629388	0.531810	0.532343	0.574029	0.511042	0.555722	0.532343	0.646605	
2300.000000	0.625708	0.521975	0.514453	0.569081	0.535678	0.553379	0.535678	0.646605	
2310.000000	0.625032	0.538431	0.513466	0.575351	0.520956	0.554648	0.538431	0.646605	
2320.000000	0.657811	0.546447	0.536020	0.542359	0.512099	0.558947	0.542359	0.646605	
2330.000000	0.665063	0.553427	0.551930	0.565051	0.504181	0.567930	0.553427	0.646605	
2340.000000	0.669841	0.555642	0.530765	0.546784	0.502627	0.561132	0.546784	0.646605	
2350.000000	0.648748	0.560039	0.528618	0.562224	0.529300	0.565786	0.560039	0.646605	
2360.000000	0.687886	0.523779	0.564963	0.566070	0.519155	0.572370	0.564963	0.646605	
2370.000000	0.657955	0.559450	0.527331	0.559404	0.516952	0.564218	0.559404	0.646605	
2380.000000	0.652060	0.575134	0.547212	0.548996	0.527451	0.570171	0.548996	0.646605	
2390.000000	0.667381	0.555724	0.571634	0.562827	0.518710	0.575255	0.562827	0.646605	
2400.000000	0.673780	0.553965	0.593913	0.586495	0.540913	0.589813	0.586495	0.646605	
2410.000000	0.652371	0.571552	0.573712	0.578613	0.511662	0.577582	0.573712	0.646605	
2420.000000	0.675243	0.568322	0.582179	0.574774	0.525883	0.585280	0.574774	0.646605	
2430.000000	0.703311	0.598511	0.614892	0.577051	0.529265	0.604606	0.598511	0.646605	
2440.000000	0.721617	0.611011	0.618746	0.572475	0.489862	0.602742	0.611011	0.646605	
2450.000000	0.692972	0.608630	0.658827	0.565700	0.498247	0.604875	0.608630	0.646605	
2460.000000	0.723318	0.628328	0.656255	0.569202	0.501942	0.615809	0.628328	0.646605	
2470.000000	0.698945	0.620051	0.656531	0.566376	0.499239	0.608228	0.620051	0.646605	
2480.000000	0.734064	0.614909	0.680076	0.581527	0.505885	0.623292	0.614909	0.646605	
2490.000000	0.718703	0.639551	0.672983	0.612104	0.518384	0.632345	0.639551	0.646605	
2500.000000	0.725029	0.617244	0.658825	0.604171	0.521633	0.625380	0.617244	0.646605	
2510.000000	0.695293	0.606993	0.666453	0.617871	0.497760	0.616874	0.617871	0.646605	
2520.000000	0.651266	0.563013	0.640705	0.630419	0.519766	0.601034	0.630419	0.646605	
2530.000000	0.685047	0.554294	0.634750	0.606767	0.507003	0.597572	0.606767	0.646605	
2540.000000	0.683791	0.569485	0.632701	0.627488	0.499555	0.602604	0.627488	0.646605	
2550.000000	0.687052	0.557519	0.631450	0.635647	0.514341	0.605202	0.631450	0.646605	
2560.000000	0.670199	0.548631	0.630177	0.626243	0.503735	0.595797	0.626243	0.646605	
2570.000000	0.698957	0.563941	0.614415	0.606237	0.502042	0.597118	0.606237	0.646605	
2580.000000	0.651634	0.537255	0.594067	0.603509	0.519040	0.581101	0.594067	0.646605	
2590.000000	0.680318	0.550296	0.609827	0.588259	0.460767	0.577894	0.588259	0.646605	
2600.000000	0.688315	0.554651	0.631487	0.611457	0.486076	0.594397	0.611457	0.646605	
2610.000000	0.697602	0.555341	0.606347	0.610016	0.469917	0.587845	0.606347	0.646605	
2620.000000	0.690046	0.542554	0.606022	0.633313	0.483043	0.590996	0.606022	0.646605	
2630.000000	0.689596	0.532319	0.606498	0.623641	0.467554	0.583922	0.606498	0.646605	
2640.000000	0.677234	0.551985	0.630908	0.607458	0.494109	0.592339	0.607458	0.646605	
2650.000000	0.664191	0.545008	0.591962	0.641568	0.485334	0.585613	0.591962	0.646605	
2660.000000	0.701546	0.548492	0.598005	0.612002	0.476185	0.587246	0.598005	0.646605	
2670.000000	0.666107	0.530915	0.596765	0.639547	0.485580	0.583783	0.596765	0.646605	
2680.000000	0.672996	0.540642	0.626176	0.613436	0.500264	0.590703	0.613436	0.646605	
2690.000000	0.713967	0.543226	0.612653	0.621129	0.493158	0.596827	0.612653	0.646605	
2700.000000	0.687726	0.515057	0.599182	0.627083	0.525413	0.590892	0.599182	0.646605	
2710.000000	0.690126	0.504719	0.589993	0.616803	0.514116	0.583151	0.589993	0.646605	
2720.000000	0.697081	0.496693	0.578427	0.606477	0.504494	0.576634	0.578427	0.646605	
2730.000000	0.669777	0.482496	0.562454	0.615299	0.492993	0.564604	0.562454	0.646605	
2740.000000	0.662582	0.477889	0.563153	0.593050	0.522584	0.563852	0.563153	0.646605	
2750.000000	0.646102	0.474159	0.538624	0.576329	0.531613	0.553365	0.538624	0.646605	
2760.000000	0.651582	0.479578	0.517043	0.562616	0.510557	0.544275	0.517043	0.646605	
2770.000000	0.635881	0.463337	0.516265	0.574987	0.519468	0.541988	0.519468	0.646605	
2780.000000	0.649827	0.493756	0.503618	0.564702	0.532150	0.548811	0.532150	0.646605	
2790.000000	0.648111	0.472040	0.536081	0.543318	0.516449	0.543200	0.536081	0.646605	
2800.000000	0.643557	0.478852	0.482161	0.576695	0.510640	0.538381	0.510640	0.646605	
2810.000000	0.639948	0.456352	0.512267	0.573240	0.524763	0.541314	0.524763	0.646605	
2820.000000	0.637952	0.465012	0.495771	0.582474	0.524979	0.541238	0.524979	0.646605	
2830.000000	0.607072	0.477170	0.512629	0.564084	0.547115	0.541614	0.547115	0.646605	
2840.000000	0.631525	0.464171	0.498854	0.558682	0.528506	0.536348	0.528506	0.646605	
2850.000000	0.637149	0.457453	0.514615	0.581207	0.523033	0.542691	0.523033	0.646605	
2860.000000	0.644523	0.487710	0.548492	0.577421	0.520859	0.555801	0.548492	0.646605	
2870.000000	0.676480	0.473600	0.516908	0.592074	0.513083	0.554429	0.516908	0.646605	
2880.000000	0.650425	0.491981	0.514861	0.593203	0.504328	0.550960	0.514861	0.646605	
2890.000000	0.629021	0.467664	0.477449	0.559014	0.520398	0.530709	0.520398	0.646605	
2900.000000	0.631037	0.457768	0.505413	0.576322	0.505811	0.535270	0.505811	0.646605	
2910.000000	0.636802	0.465834	0.519673	0.560007	0.493046	0.535073	0.519673	0.646605	
2920.000000	0.623212	0.450747	0.507211	0.559523	0.489289	0.525996	0.507211	0.646605	
2930.000000	0.633813	0.469118	0.505125	0.571647	0.498262	0.535593	0.505125	0.646605	
2940.000000	0.649275	0.476851	0.515320	0.557597	0.483914	0.536592	0.515320	0.646605	
2950.000000	0.633832	0.471817	0.507233	0.565177	0.521683	0.539948	0.521683	0.646605	
2960.000000	0.664123	0.454821	0.511119	0.555894	0.498879	0.536967	0.511119	0.646605	
2970.000000	0.617533	0.464554	0.494633	0.558702	0.503194	0.527723	0.503194	0.646605	
2980.000000	0.627178	0.457592	0.514055	0.548831	0.488508	0.527233	0.514055	0.646605	
2990.000000	0.630371	0.447226	0.536518	0.548882	0.503516	0.533302	0.536518	0.646605	
3000.000000	0.660250	0.455130	0.529014	0.547831	0.507137	0.539872	0.529014	0.646605	
3010.000000	0.636510	0.437764	0.529522	0.551997	0.496227	0.530404	0.529522	0.646605	
3020.000000	0.645932	0.449577	0.538025	0.539730	0.493501	0.533353	0.538025	0.646605	
3030.000000	0.654932	0.449293	0.525641	0.554814	0.501056	0.537147	0.525641	0.646605	
3040.000000	0.671797	0.456029	0.541052	0.567628	0.480393	0.543380	0.541052	0.646605	
3050.000000	0.656544	0.464512	0.546938	0.563738	0.506582	0.547663	0.546938	0.646605	
3060.000000	0.660535	0.426522	0.510285	0.574955	0.512152	0.536890	0.512152	0.646605	
3070.000000	0.628344	0.440278	0.519661	0.533929	0.516680	0.527778	0.519661	0.646605	
3080.000000	0.657015	0.453042	0.536115	0.573679	0.515838	0.547138	0.536115	0.646605	
3090.000000	0.634088	0.459022	0.568260	0.539366	0.502358	0.540619	0.539366	0.646605	
3100.000000	0.630850	0.445323	0.557845	0.555575	0.525750	0.543069	0.555575	0.646605	
3110.000000	0.669436	0.486646	0.578410	0.568190	0.500645	0.560665	0.568190	0.646605	
3120.000000	0.663419	0.490416	0.598486	0.591584	0.502952	0.569371	0.591584	0.646605	
3130.000000	0.690216	0.497429	0.593823	0.582348	0.500031	0.572769	0.582348	0.646605	
3140.000000	0.665468	0.467782	0.581138	0.576530	0.512725	0.560729	0.576530	0.646605	
3150.000000	0.659234	0.476478	0.590425	0.571717	0.499898	0.559550	0.571717	0.646605	
3160.000000	0.672814	0.510575	0.599324	0.558530	0.513171	0.570883	0.558530	0.646605	
3170.000000	0.662997	0.484112	0.592462	0.583230	0.518585	0.568277	0.583230	0.646605	
3180.000000	0.665841	0.483825	0.605475	0.572286	0.512199	0.567925	0.572286	0.646605	
3190.000000	0.654807	0.473165	0.584553	0.584061	0.531344	0.565586	0.584061	0.646605	
3200.000000	0.661970	0.496676	0.628968	0.585567	0.530613	0.580759	0.585567	0.646605	
3210.000000	0.705766	0.529707	0.633580	0.587493	0.531509	0.597611	0.587493	0.646605	
3220.000000	0.678719	0.533407	0.636162	0.577811	0.535154	0.592250	0.577811	0.646605	
3230.000000	0.681916	0.540383	0.653913	0.603095	0.534628	0.602787	0.603095	0.646605	
3240.000000	0.670192	0.537099	0.639484	0.579347	0.534921	0.592209	0.579347	0.646605	
3250.000000	0.655455	0.526647	0.629320	0.585417	0.531568	0.585681	0.585417	0.646605	
3260.000000	0.652793	0.511792	0.611095	0.585090	0.528201	0.577794	0.585090	0.646605	
3270.000000	0.655234	0.508123	0.611098	0.598587	0.528319	0.580272	0.598587	0.646605	
3280.000000	0.634044	0.528048	0.594118	0.586481	0.528675	0.574273	0.586481	0.646605	
3290.000000	0.666241	0.494574	0.592003	0.601184	0.531849	0.577170	0.592003	0.646605	
3300.000000	0.672284	0.498238	0.601906	0.575825	0.564246	0.582500	0.575825	0.646605	
3310.000000	0.657184	0.508755	0.592526	0.590480	0.550190	0.579827	0.590480	0.646605	
3320.000000	0.668724	0.509544	0.623135	0.596068	0.545999	0.588694	0.596068	0.646605	
3330.000000	0.664851	0.503730	0.623328	0.575263	0.539374	0.581309	0.575263	0.646605	
3340.000000	0.673660	0.506981	0.626606	0.568905	0.544635	0.584157	0.568905	0.646605	
3350.000000	0.664801	0.494814	0.629247	0.604159	0.544918	0.587588	0.604159	0.646605	
3360.000000	0.674929	0.502224	0.619483	0.577102	0.536028	0.581953	0.577102	0.646605	
3370.000000	0.660495	0.504416	0.601036	0.595375	0.526893	0.577643	0.595375	0.646605	
3380.000000	0.635761	0.493449	0.599514	0.604180	0.541241	0.574829	0.599514	0.646605	
3390.000000	0.668205	0.514319	0.604551	0.584683	0.539868	0.582325	0.584683	0.646605	
3400.000000	0.650371	0.490874	0.595433	0.577380	0.546147	0.572041	0.577380	0.646605	
3410.000000	0.652472	0.461024	0.587755	0.588779	0.526574	0.563321	0.587755	0.646605	
3420.000000	0.641743	0.439298	0.555615	0.581031	0.533993	0.550336	0.555615	0.646605	
3430.000000	0.630920	0.462605	0.569851	0.568827	0.532192	0.552879	0.568827	0.646605	
3440.000000	0.685881	0.470927	0.590105	0.560865	0.548176	0.571191	0.560865	0.646605	
3450.000000	0.660085	0.453465	0.602255	0.575136	0.542325	0.566653	0.575136	0.646605	
3460.000000	0.673052	0.484826	0.579721	0.569784	0.534801	0.568437	0.569784	0.646605	
3470.000000	0.648623	0.469950	0.573344	0.598461	0.528207	0.563717	0.573344	0.646605	
3480.000000	0.640546	0.450209	0.590276	0.587389	0.555503	0.564785	0.587389	0.646605	
3490.000000	0.638402	0.453768	0.564958	0.589988	0.565155	0.562454	0.565155	0.646605	
3500.000000	0.609171	0.446439	0.542632	0.596875	0.533107	0.545645	0.542632	0.646605	
3510.000000	0.633764	0.460603	0.566963	0.595184	0.552417	0.561786	0.566963	0.646605	
3520.000000	0.632764	0.437783	0.546218	0.576031	0.559440	0.550447	0.559440	0.646605	
3530.000000	0.659663	0.450139	0.566415	0.589731	0.537434	0.560676	0.566415	0.646605	
3540.000000	0.612501	0.446466	0.573265	0.615929	0.539755	0.557583	0.573265	0.646605	
3550.000000	0.610573	0.431793	0.584602	0.578459	0.551947	0.551475	0.578459	0.646605	
3560.000000	0.641467	0.438095	0.570630	0.595712	0.542877	0.557756	0.570630	0.646605	
3570.000000	0.606386	0.455064	0.543181	0.588738	0.536539	0.545982	0.543181	0.646605	
3580.000000	0.595534	0.438880	0.534420	0.586481	0.546067	0.540276	0.546067	0.646605	
3590.000000	0.601467	0.446667	0.553416	0.582961	0.551587	0.547220	0.553416	0.646605	
3600.000000	0.593845	0.419597	0.531559	0.565617	0.572459	0.536616	0.565617	0.646605	
3610.000000	0.628766	0.459290	0.524673	0.563592	0.525230	0.540310	0.525230	0.646605	
3620.000000	0.619224	0.447651	0.550676	0.567177	0.552665	0.547479	0.552665	0.646605	
3630.000000	0.656228	0.420676	0.514326	0.582542	0.524374	0.539629	0.524374	0.646605	
3640.000000	0.628851	0.450911	0.532395	0.581515	0.540113	0.546757	0.540113	0.646605	
3650.000000	0.667914	0.438983	0.551670	0.559753	0.541960	0.552056	0.551670	0.646605	
3660.000000	0.624960	0.459675	0.525335	0.570605	0.545745	0.545264	0.545745	0.646605	
3670.000000	0.666119	0.463793	0.531339	0.563583	0.535387	0.552044	0.535387	0.646605	
3680.000000	0.657357	0.484917	0.533807	0.573272	0.549204	0.559711	0.549204	0.646605	
3690.000000	0.630224	0.461508	0.531909	0.546835	0.550465	0.544188	0.546835	0.646605	
3700.000000	0.663760	0.458630	0.523183	0.549640	0.548309	0.548704	0.548309	0.646605	
3710.000000	0.645239	0.452372	0.521749	0.537054	0.535166	0.538316	0.535166	0.646605	
3720.000000	0.631320	0.450484	0.507567	0.566257	0.538860	0.538898	0.538860	0.646605	
3730.000000	0.675208	0.493998	0.514468	0.557789	0.536734	0.555639	0.536734	0.646605	
3740.000000	0.650611	0.485883	0.526156	0.560550	0.517146	0.548069	0.526156	0.646605	
3750.000000	0.648583	0.466553	0.495027	0.562001	0.532933	0.541019	0.532933	0.646605	
3760.000000	0.673794	0.491485	0.528356	0.550500	0.546950	0.558217	0.546950	0.646605	
3770.000000	0.632479	0.477511	0.521349	0.549185	0.546702	0.545445	0.546702	0.646605	
3780.000000	0.634159	0.482665	0.516354	0.559482	0.552328	0.548998	0.552328	0.646605	
3790.000000	0.673194	0.505918	0.564425	0.542981	0.536902	0.564684	0.542981	0.646605	
3800.000000	0.675020	0.495030	0.571123	0.559993	0.563434	0.572920	0.563434	0.646605	
3810.000000	0.682019	0.527586	0.571685	0.566577	0.532564	0.576086	0.566577	0.646605	
3820.000000	0.636409	0.524072	0.558951	0.545138	0.536439	0.560202	0.545138	0.646605	
3830.000000	0.655247	0.526313	0.555563	0.562742	0.529731	0.565919	0.555563	0.646605	
3840.000000	0.644844	0.511630	0.551000	0.576903	0.532366	0.563349	0.551000	0.646605	
3850.000000	0.701204	0.553970	0.598899	0.582225	0.532159	0.593691	0.582225	0.646605	
3860.000000	0.641331	0.545178	0.586676	0.595942	0.537437	0.581313	0.586676	0.646605	
3870.000000	0.685869	0.538882	0.606851	0.581534	0.533986	0.589425	0.581534	0.646605	
3880.000000	0.669883	0.544083	0.594280	0.568708	0.521825	0.579756	0.568708	0.646605	
3890.000000	0.662380	0.534525	0.622068	0.599522	0.510170	0.585733	0.599522	0.646605	
3900.000000	0.683639	0.550160	0.620722	0.580871	0.518030	0.590684	0.580871	0.646605	
3910.000000	0.676626	0.540346	0.625871	0.607266	0.532212	0.596464	0.607266	0.646605	
3920.000000	0.692195	0.534330	0.624664	0.602414	0.543689	0.599459	0.602414	0.646605	
3930.000000	0.630813	0.538997	0.596488	0.598597	0.522838	0.577547	0.596488	0.646605	
3940.000000	0.616788	0.525392	0.568753	0.611772	0.534540	0.571449	0.568753	0.646605	
3950.000000	0.648729	0.519381	0.575454	0.597255	0.517778	0.571720	0.575454	0.646605	
3960.000000	0.630048	0.508924	0.577043	0.613879	0.528255	0.571630	0.577043	0.646605	
3970.000000	0.631231	0.488154	0.578112	0.646388	0.512558	0.571288	0.578112	0.646605	
3980.000000	0.603519	0.509396	0.575005	0.635847	0.528045	0.570362	0.575005	0.646605	
3990.000000	0.645270	0.521566	0.583625	0.612469	0.550790	0.582744	0.583625	0.646605	
4000.000000	0.600675	0.525349	0.583349	0.629295	0.528887	0.573511	0.583349	0.646605	
4010.000000	0.625081	0.505938	0.562565	0.619097	0.539658	0.570468	0.562565	0.646605	
4020.000000	0.597410	0.495741	0.551870	0.627413	0.524634	0.559413	0.551870	0.646605	
4030.000000	0.590577	0.483445	0.544811	0.609773	0.527047	0.551131	0.544811	0.646605	
4040.000000	0.566171	0.497511	0.525142	0.602951	0.539555	0.546266	0.539555	0.646605	
4050.000000	0.627437	0.517441	0.565801	0.620899	0.518641	0.570044	0.565801	0.646605	
4060.000000	0.607411	0.517324	0.554650	0.613860	0.531217	0.564892	0.554650	0.646605	
4070.000000	0.632185	0.532204	0.580662	0.602482	0.544998	0.578506	0.580662	0.646605	
4080.000000	0.604300	0.509774	0.555563	0.614650	0.537980	0.564453	0.555563	0.646605	
4090.000000	0.624341	0.513293	0.571518	0.612603	0.544714	0.573294	0.571518	0.646605	
4100.000000	0.607993	0.493667	0.560185	0.638521	0.544478	0.568969	0.560185	0.646605	
4110.000000	0.601714	0.525820	0.579890	0.618964	0.561378	0.577553	0.579890	0.646605	
4120.000000	0.643227	0.529010	0.625612	0.627224	0.556375	0.596289	0.625612	0.646605	
4130.000000	0.658805	0.556934	0.623416	0.627643	0.547759	0.602912	0.623416	0.646605	
4140.000000	0.665619	0.542030	0.635991	0.613925	0.534983	0.598510	0.613925	0.646605	
4150.000000	0.643576	0.552217	0.634713	0.619249	0.530594	0.596070	0.619249	0.646605	
4160.000000	0.649254	0.556875	0.627029	0.605333	0.535529	0.594804	0.605333	0.646605	
4170.000000	0.667358	0.548060	0.634525	0.625237	0.531046	0.601245	0.625237	0.646605	
4180.000000	0.654558	0.541945	0.653038	0.609731	0.525715	0.596997	0.609731	0.646605	
4190.000000	0.683339	0.554179	0.638719	0.625172	0.534926	0.607267	0.625172	0.646605	
4200.000000	0.697324	0.547747	0.646201	0.624915	0.552325	0.613703	0.624915	0.646605	
4210.000000	0.727036	0.564953	0.675308	0.615105	0.542272	0.624935	0.615105	0.646605	
4220.000000	0.690831	0.569177	0.684817	0.645287	0.539493	0.625921	0.645287	0.646605	
4230.000000	0.687339	0.555532	0.660628	0.620386	0.544703	0.613717	0.620386	0.646605	
4240.000000	0.694523	0.564665	0.654091	0.613424	0.533302	0.612001	0.613424	0.646605	
4250.000000	0.694063	0.597970	0.679680	0.624431	0.514137	0.622056	0.624431	0.646605	
4260.000000	0.698462	0.599497	0.655737	0.629363	0.518617	0.620335	0.629363	0.646605	
4270.000000	0.666914	0.564549	0.641890	0.626928	0.530549	0.606166	0.626928	0.646605	
4280.000000	0.697421	0.588903	0.651917	0.625414	0.521287	0.616989	0.625414	0.646605	
4290.000000	0.680582	0.559302	0.642965	0.616655	0.536253	0.607151	0.616655	0.646605	
4300.000000	0.683110	0.553101	0.635307	0.625429	0.534289	0.606247	0.625429	0.646605	
4310.000000	0.717195	0.585152	0.640754	0.615344	0.521792	0.616047	0.615344	0.646605	
4320.000000	0.730954	0.601038	0.652634	0.598534	0.536796	0.623991	0.601038	0.646605	
4330.000000	0.703982	0.546277	0.649193	0.624339	0.516423	0.608043	0.624339	0.646605	
4340.000000	0.714895	0.578206	0.665743	0.617912	0.506027	0.616557	0.617912	0.646605	
4350.000000	0.701878	0.559635	0.647999	0.626548	0.520728	0.611358	0.626548	0.646605	
4360.000000	0.708600	0.558677	0.665984	0.647736	0.528763	0.621952	0.647736	0.646605	
4370.000000	0.715800	0.555372	0.636936	0.617988	0.511626	0.607544	0.617988	0.646605	
4380.000000	0.691667	0.535479	0.606667	0.623617	0.535635	0.598613	0.606667	0.646605	
4390.000000	0.688362	0.529717	0.647342	0.620768	0.533101	0.603858	0.620768	0.646605	
4400.000000	0.709594	0.539921	0.634098	0.638000	0.510442	0.606411	0.634098	0.646605	
4410.000000	0.723742	0.567176	0.668312	0.653257	0.497798	0.622057	0.653257	0.646605	
4420.000000	0.696918	0.552109	0.636316	0.643630	0.502633	0.606321	0.636316	0.646605	
4430.000000	0.704300	0.538267	0.633631	0.642787	0.530520	0.609901	0.633631	0.646605	
4440.000000	0.700896	0.544919	0.653275	0.637250	0.500734	0.607415	0.637250	0.646605	
4450.000000	0.687987	0.521197	0.629134	0.643300	0.514763	0.599276	0.629134	0.646605	
4460.000000	0.679437	0.543982	0.633541	0.620826	0.518375	0.599232	0.620826	0.646605	
4470.000000	0.687363	0.538445	0.643087	0.612283	0.519858	0.600207	0.612283	0.646605	
4480.000000	0.683539	0.558388	0.657961	0.618603	0.506106	0.604920	0.618603	0.646605	
4490.000000	0.676285	0.529992	0.644174	0.626499	0.530130	0.601416	0.626499	0.646605	
4500.000000	0.692303	0.532714	0.647591	0.640631	0.531837	0.609015	0.640631	0.646605	
4510.000000	0.696964	0.542627	0.650632	0.614981	0.510182	0.603077	0.614981	0.646605	
4520.000000	0.662182	0.526853	0.648004	0.629520	0.522670	0.597846	0.629520	0.646605	
4530.000000	0.696019	0.552809	0.647835	0.619397	0.503640	0.603940	0.619397	0.646605	
4540.000000	0.690124	0.544292	0.649149	0.628190	0.522046	0.606760	0.628190	0.646605	
4550.000000	0.674944	0.526186	0.629913	0.635023	0.527894	0.598792	0.629913	0.646605	
4560.000000	0.677317	0.549638	0.645366	0.604619	0.538553	0.603099	0.604619	0.646605	
4570.000000	0.677769	0.539951	0.620082	0.622256	0.537084	0.599428	0.620082	0.646605	
4580.000000	0.678846	0.564775	0.633809	0.618244	0.528095	0.604754	0.618244	0.646605	
4590.000000	0.666081	0.547917	0.639674	0.612805	0.540116	0.601318	0.612805	0.646605	
4600.000000	0.688842	0.537449	0.638087	0.625022	0.537588	0.605398	0.625022	0.646605	
4610.000000	0.706732	0.561458	0.636482	0.608323	0.522466	0.607092	0.608323	0.646605	
4620.000000	0.686356	0.546672	0.661280	0.618247	0.509893	0.604489	0.618247	0.646605	
4630.000000	0.705622	0.556854	0.670711	0.628379	0.505268	0.613367	0.628379	0.646605	
4640.000000	0.689422	0.551606	0.644394	0.641847	0.518047	0.609063	0.641847	0.646605	
4650.000000	0.701560	0.561306	0.658993	0.627410	0.517533	0.613361	0.627410	0.646605	
4660.000000	0.686376	0.556173	0.653671	0.660838	0.504178	0.612247	0.653671	0.646605	
4670.000000	0.707052	0.556502	0.648812	0.628633	0.531624	0.614525	0.628633	0.646605	
4680.000000	0.709726	0.566802	0.670271	0.634769	0.536235	0.623561	0.634769	0.646605	
4690.000000	0.699221	0.563407	0.639433	0.651028	0.538568	0.618331	0.639433	0.646605	
4700.000000	0.720102	0.550561	0.654965	0.642893	0.533524	0.620409	0.642893	0.646605	
4710.000000	0.684938	0.547073	0.634843	0.638931	0.528024	0.606762	0.634843	0.646605	
4720.000000	0.662752	0.529818	0.605196	0.648082	0.545423	0.598254	0.605196	0.646605	
4730.000000	0.701647	0.539928	0.629611	0.645645	0.545302	0.612427	0.629611	0.646605	
4740.000000	0.692310	0.550110	0.628839	0.637664	0.546944	0.611173	0.628839	0.646605	
4750.000000	0.664116	0.536256	0.637117	0.645466	0.522811	0.601153	0.637117	0.646605	
4760.000000	0.684872	0.549490	0.648927	0.630024	0.524778	0.607618	0.630024	0.646605	
4770.000000	0.667735	0.507890	0.618164	0.641053	0.546758	0.596320	0.618164	0.646605	
4780.000000	0.664634	0.504529	0.613088	0.641544	0.534327	0.591624	0.613088	0.646605	
4790.000000	0.660742	0.543749	0.621919	0.638700	0.541191	0.601260	0.621919	0.646605	
4800.000000	0.693521	0.519506	0.634597	0.628478	0.528060	0.600832	0.628478	0.646605	
4810.000000	0.670345	0.534875	0.638556	0.644135	0.523473	0.602277	0.638556	0.646605	
4820.000000	0.709521	0.548363	0.621730	0.641920	0.537969	0.611901	0.621730	0.646605	
4830.000000	0.723450	0.564303	0.643739	0.642283	0.532726	0.621300	0.642283	0.646605	
4840.000000	0.696956	0.566360	0.662552	0.647651	0.515404	0.617785	0.647651	0.646605	
4850.000000	0.707947	0.574239	0.666545	0.668371	0.503339	0.624088	0.666545	0.646605	
4860.000000	0.690552	0.556255	0.643417	0.641256	0.524805	0.611257	0.641256	0.646605	
4870.000000	0.683760	0.547214	0.654125	0.635834	0.515271	0.607241	0.635834	0.646605	
4880.000000	0.713168	0.551078	0.653497	0.637574	0.506957	0.612455	0.637574	0.646605	
4890.000000	0.653853	0.513499	0.625133	0.641108	0.509754	0.588670	0.625133	0.646605	
4900.000000	0.651612	0.514394	0.613350	0.617813	0.509525	0.581339	0.613350	0.646605	
4910.000000	0.678650	0.506807	0.629992	0.639311	0.535420	0.598036	0.629992	0.646605	
4920.000000	0.652680	0.523450	0.648727	0.632107	0.510971	0.593587	0.632107	0.646605	
4930.000000	0.689120	0.533736	0.651065	0.638059	0.515265	0.605449	0.638059	0.646605	
4940.000000	0.690760	0.542624	0.650901	0.642339	0.526713	0.610667	0.642339	0.646605	
4950.000000	0.649181	0.557982	0.637730	0.617934	0.522953	0.597156	0.617934	0.646605	
4960.000000	0.683579	0.556197	0.645285	0.624696	0.520540	0.606059	0.624696	0.646605	
4970.000000	0.673917	0.570934	0.659245	0.648608	0.523697	0.615280	0.648608	0.646605	
4980.000000	0.676629	0.561334	0.656619	0.639679	0.526293	0.612111	0.639679	0.646605	
4990.000000	0.671712	0.554804	0.644611	0.614201	0.539466	0.604959	0.614201	0.646605	
5000.000000	0.652362	0.569014	0.643580	0.618307	0.522475	0.601147	0.618307	0.646605	
