Epoch	AUC-21	AUC-22	AUC-23	AUC-24	AUC-25	AUC-26	AUC-Avg	AUC-Mid	AUC-Best	
1.000000	0.541145	0.517288	0.522862	0.547993	0.599348	0.522707	0.541890	0.532003	0.541890	
10.000000	0.561290	0.512745	0.545323	0.583485	0.640200	0.538488	0.563588	0.553307	0.563588	
20.000000	0.600935	0.517902	0.539567	0.582111	0.611187	0.546770	0.566412	0.564441	0.566412	
30.000000	0.612833	0.521974	0.578799	0.592101	0.699420	0.565251	0.595063	0.585450	0.595063	
40.000000	0.631604	0.531787	0.593596	0.596920	0.710510	0.566839	0.605209	0.595258	0.605209	
50.000000	0.629841	0.537298	0.595665	0.614872	0.714511	0.571376	0.610594	0.605269	0.610594	
60.000000	0.634612	0.525718	0.594435	0.622783	0.752998	0.583962	0.619085	0.608609	0.619085	
70.000000	0.645053	0.529847	0.603621	0.622154	0.752029	0.590146	0.623808	0.612888	0.623808	
80.000000	0.646700	0.523189	0.612496	0.628555	0.764503	0.591199	0.627774	0.620525	0.627774	
90.000000	0.630114	0.538382	0.611826	0.626459	0.757319	0.586761	0.625144	0.619143	0.627774	
100.000000	0.644131	0.534490	0.615478	0.626205	0.763981	0.596616	0.630150	0.620841	0.630150	
110.000000	0.656498	0.532525	0.620697	0.630576	0.768372	0.592681	0.633558	0.625637	0.633558	
120.000000	0.660141	0.552819	0.613782	0.633927	0.763028	0.596194	0.636648	0.623854	0.636648	
130.000000	0.666666	0.553687	0.619801	0.630600	0.760836	0.604965	0.639426	0.625200	0.639426	
140.000000	0.668855	0.560741	0.619811	0.631994	0.768265	0.605306	0.642496	0.625903	0.642496	
150.000000	0.669245	0.567411	0.626477	0.637495	0.776355	0.603600	0.646764	0.631986	0.646764	
160.000000	0.669131	0.558882	0.624620	0.632456	0.767384	0.597268	0.641623	0.628538	0.646764	
170.000000	0.664199	0.564051	0.627941	0.640463	0.778795	0.603470	0.646487	0.634202	0.646764	
180.000000	0.668316	0.565068	0.623183	0.633163	0.768894	0.602884	0.643585	0.628173	0.646764	
190.000000	0.667406	0.565328	0.619385	0.638124	0.763981	0.608962	0.643864	0.628755	0.646764	
200.000000	0.664997	0.576851	0.626607	0.646389	0.779431	0.609896	0.650695	0.636498	0.650695	
210.000000	0.670908	0.562731	0.636974	0.651270	0.776480	0.610633	0.651499	0.644122	0.651499	
220.000000	0.668407	0.566066	0.635522	0.638409	0.772763	0.611104	0.648712	0.636965	0.651499	
230.000000	0.672295	0.567411	0.636255	0.654981	0.784281	0.609731	0.654159	0.645618	0.654159	
240.000000	0.673765	0.561665	0.640925	0.654925	0.776814	0.611878	0.653329	0.647925	0.654159	
250.000000	0.675250	0.577949	0.639342	0.651758	0.770574	0.610675	0.654258	0.645550	0.654258	
260.000000	0.676895	0.575203	0.640644	0.650922	0.775235	0.623939	0.657140	0.645783	0.657140	
270.000000	0.679870	0.580980	0.641605	0.652191	0.771618	0.624522	0.658464	0.646898	0.658464	
280.000000	0.672428	0.574056	0.638857	0.662302	0.782463	0.627698	0.659634	0.650579	0.659634	
290.000000	0.677698	0.576015	0.643610	0.661363	0.776908	0.624375	0.659995	0.652486	0.659995	
300.000000	0.680559	0.579133	0.645586	0.663444	0.778808	0.626321	0.662308	0.654515	0.662308	
310.000000	0.683896	0.586862	0.644191	0.653000	0.785539	0.620895	0.662397	0.648596	0.662397	
320.000000	0.687381	0.584247	0.640993	0.658025	0.781897	0.626023	0.663094	0.649509	0.663094	
330.000000	0.689378	0.569680	0.650016	0.665626	0.790005	0.627244	0.665325	0.657821	0.665325	
340.000000	0.695020	0.560016	0.643925	0.656313	0.788785	0.630428	0.662414	0.650119	0.665325	
350.000000	0.698888	0.566320	0.649325	0.652523	0.778418	0.632612	0.663014	0.650924	0.665325	
360.000000	0.693428	0.581736	0.639802	0.661085	0.787389	0.638300	0.666957	0.650443	0.666957	
370.000000	0.696119	0.574378	0.643186	0.663542	0.789766	0.640752	0.667957	0.653364	0.667957	
380.000000	0.701551	0.582802	0.647809	0.659380	0.784344	0.640659	0.669424	0.653594	0.669424	
390.000000	0.704135	0.579517	0.653921	0.670393	0.787521	0.640893	0.672730	0.662157	0.672730	
400.000000	0.689598	0.591431	0.653912	0.681110	0.786332	0.637421	0.673300	0.667511	0.673300	
410.000000	0.689562	0.584588	0.651161	0.679216	0.785596	0.631889	0.670335	0.665188	0.673300	
420.000000	0.686707	0.584389	0.661964	0.679218	0.784161	0.640128	0.672761	0.670591	0.673300	
430.000000	0.697952	0.577298	0.663061	0.685600	0.789131	0.630939	0.673997	0.674330	0.673997	
440.000000	0.695453	0.586218	0.655669	0.684663	0.782035	0.639233	0.673878	0.670166	0.673997	
450.000000	0.691606	0.608577	0.651750	0.684117	0.775512	0.646301	0.676310	0.667933	0.676310	
460.000000	0.689736	0.598088	0.649803	0.685193	0.774757	0.637073	0.672442	0.667498	0.676310	
470.000000	0.697043	0.612686	0.653157	0.683455	0.785615	0.638995	0.678492	0.668306	0.678492	
480.000000	0.703698	0.598349	0.657472	0.674700	0.804380	0.639080	0.679613	0.666086	0.679613	
490.000000	0.701210	0.596244	0.656260	0.678716	0.796931	0.642595	0.678659	0.667488	0.679613	
500.000000	0.701366	0.595658	0.656335	0.682202	0.801020	0.644343	0.680154	0.669268	0.680154	
510.000000	0.706777	0.597341	0.655695	0.686736	0.796554	0.640434	0.680590	0.671215	0.680590	
520.000000	0.700209	0.609048	0.656170	0.681936	0.800699	0.645315	0.682230	0.669053	0.682230	
530.000000	0.700277	0.610269	0.653957	0.689056	0.797101	0.648170	0.683138	0.671507	0.683138	
540.000000	0.702619	0.616077	0.656825	0.689914	0.791861	0.647429	0.684121	0.673370	0.684121	
550.000000	0.701112	0.622003	0.658457	0.694985	0.790943	0.647489	0.685831	0.676721	0.685831	
560.000000	0.713490	0.606525	0.659283	0.696599	0.811979	0.651199	0.689846	0.677941	0.689846	
570.000000	0.712448	0.599595	0.662422	0.692269	0.814369	0.651129	0.688705	0.677345	0.689846	
580.000000	0.706568	0.606004	0.661782	0.692035	0.810500	0.646336	0.687204	0.676909	0.689846	
590.000000	0.712018	0.609463	0.665677	0.696629	0.807839	0.647531	0.689860	0.681153	0.689860	
600.000000	0.711732	0.600996	0.666161	0.698896	0.815294	0.652542	0.690937	0.682528	0.690937	
610.000000	0.711006	0.612612	0.669266	0.703946	0.812929	0.655216	0.694162	0.686606	0.694162	
620.000000	0.710480	0.611013	0.666018	0.706800	0.814250	0.650869	0.693238	0.686409	0.694162	
630.000000	0.712049	0.613814	0.665323	0.703000	0.816388	0.650238	0.693469	0.684161	0.694162	
640.000000	0.708887	0.613257	0.671655	0.703319	0.814671	0.648869	0.693443	0.687487	0.694162	
650.000000	0.720963	0.613845	0.671631	0.700525	0.817697	0.659835	0.697416	0.686078	0.697416	
660.000000	0.723171	0.604120	0.671709	0.694825	0.814105	0.660933	0.694810	0.683267	0.697416	
670.000000	0.714288	0.608440	0.670506	0.705998	0.816338	0.658602	0.695695	0.688252	0.697416	
680.000000	0.718333	0.604578	0.667334	0.705653	0.820710	0.653567	0.695029	0.686493	0.697416	
690.000000	0.721543	0.605490	0.672426	0.710201	0.819773	0.657328	0.697793	0.691313	0.697793	
700.000000	0.725068	0.608992	0.665317	0.703129	0.821276	0.663799	0.697930	0.684223	0.697930	
710.000000	0.725529	0.625964	0.665578	0.706206	0.828831	0.667690	0.703300	0.686948	0.703300	
720.000000	0.723830	0.621755	0.664891	0.704496	0.822402	0.665240	0.700436	0.684868	0.703300	
730.000000	0.729623	0.631245	0.659460	0.705822	0.812092	0.663704	0.700324	0.684763	0.703300	
740.000000	0.717019	0.625982	0.664540	0.696567	0.817546	0.668170	0.698304	0.682368	0.703300	
750.000000	0.725096	0.608880	0.666949	0.696990	0.824893	0.665384	0.698032	0.681970	0.703300	
760.000000	0.730631	0.603742	0.668800	0.700231	0.821364	0.661596	0.697727	0.684515	0.703300	
770.000000	0.729182	0.623280	0.668951	0.702764	0.818143	0.660714	0.700506	0.685857	0.703300	
780.000000	0.734890	0.603239	0.668539	0.692944	0.818773	0.663269	0.696942	0.680742	0.703300	
790.000000	0.729118	0.605812	0.669676	0.696983	0.825327	0.665692	0.698768	0.683329	0.703300	
800.000000	0.733044	0.610864	0.671366	0.705311	0.814935	0.664575	0.700016	0.688338	0.703300	
810.000000	0.723424	0.599688	0.674598	0.713890	0.817521	0.664705	0.698971	0.694244	0.703300	
820.000000	0.723598	0.606202	0.676332	0.713627	0.812790	0.656497	0.698174	0.694979	0.703300	
830.000000	0.717510	0.591016	0.677731	0.712629	0.808053	0.649363	0.692717	0.695180	0.703300	
840.000000	0.717130	0.605979	0.679599	0.715854	0.815690	0.655593	0.698308	0.697726	0.703300	
850.000000	0.718395	0.589336	0.680098	0.715623	0.809368	0.655774	0.694766	0.697860	0.703300	
860.000000	0.730411	0.594146	0.681945	0.716125	0.815690	0.662590	0.700151	0.699035	0.703300	
870.000000	0.735707	0.612004	0.679004	0.713620	0.815439	0.665489	0.703544	0.696312	0.703544	
880.000000	0.727396	0.619982	0.680188	0.713663	0.821075	0.667418	0.704954	0.696926	0.704954	
890.000000	0.729745	0.611453	0.677227	0.717554	0.818439	0.663569	0.702998	0.697391	0.704954	
900.000000	0.720548	0.624042	0.675620	0.722100	0.820094	0.665384	0.704631	0.698084	0.704954	
910.000000	0.720420	0.631648	0.671340	0.716888	0.819729	0.665481	0.704251	0.694114	0.704954	
920.000000	0.724637	0.625549	0.676883	0.717249	0.817741	0.665342	0.704567	0.697066	0.704954	
930.000000	0.726429	0.620143	0.677140	0.712373	0.821603	0.665218	0.703818	0.694756	0.704954	
940.000000	0.724199	0.620422	0.677342	0.718091	0.823050	0.668783	0.705315	0.697716	0.705315	
950.000000	0.730234	0.624817	0.677025	0.710208	0.821943	0.673832	0.706343	0.693616	0.706343	
960.000000	0.728147	0.647114	0.675929	0.718684	0.823384	0.677388	0.711774	0.698036	0.711774	
970.000000	0.732914	0.643649	0.681396	0.720612	0.821673	0.677974	0.713036	0.701004	0.713036	
980.000000	0.729694	0.640512	0.673567	0.718530	0.821956	0.671790	0.709342	0.696049	0.713036	
990.000000	0.727564	0.643965	0.671152	0.713549	0.817804	0.672127	0.707694	0.692838	0.713036	
1000.000000	0.728881	0.636210	0.671366	0.712333	0.814570	0.675628	0.706498	0.693981	0.713036	
1010.000000	0.733601	0.635293	0.676094	0.716962	0.824069	0.668111	0.709022	0.696528	0.713036	
1020.000000	0.731755	0.635392	0.675030	0.716146	0.813023	0.668014	0.706560	0.695588	0.713036	
1030.000000	0.736400	0.633105	0.676371	0.715808	0.815338	0.672147	0.708195	0.696089	0.713036	
1040.000000	0.737609	0.630470	0.681731	0.714061	0.812337	0.672626	0.708139	0.697896	0.713036	
1050.000000	0.732534	0.626107	0.680832	0.711663	0.807663	0.670966	0.704961	0.696247	0.713036	
1060.000000	0.735143	0.639372	0.680457	0.711619	0.809727	0.675765	0.708680	0.696038	0.713036	
1070.000000	0.738730	0.640407	0.684439	0.712509	0.814256	0.678263	0.711434	0.698474	0.713036	
1080.000000	0.719409	0.635572	0.686671	0.721346	0.803115	0.668893	0.705834	0.703040	0.713036	
1090.000000	0.720034	0.633656	0.684364	0.716823	0.804348	0.665946	0.704195	0.700594	0.713036	
1100.000000	0.733055	0.641758	0.686646	0.714098	0.809456	0.667981	0.708832	0.700372	0.713036	
1110.000000	0.732406	0.649494	0.681687	0.710686	0.809560	0.670602	0.709073	0.696187	0.713036	
1120.000000	0.733168	0.645440	0.683144	0.709145	0.807764	0.672255	0.708486	0.696144	0.713036	
1130.000000	0.727633	0.639266	0.678943	0.709049	0.815243	0.667070	0.706201	0.693996	0.713036	
1140.000000	0.729594	0.633929	0.677362	0.707825	0.810136	0.666530	0.704229	0.692593	0.713036	
1150.000000	0.724820	0.637766	0.680353	0.707150	0.811092	0.669568	0.705125	0.693751	0.713036	
1160.000000	0.730938	0.648713	0.685272	0.711563	0.809035	0.674491	0.710002	0.698417	0.713036	
1170.000000	0.740149	0.643928	0.685103	0.710265	0.816080	0.673315	0.711473	0.697684	0.713036	
1180.000000	0.736402	0.642762	0.686443	0.709280	0.816313	0.670745	0.710324	0.697861	0.713036	
1190.000000	0.738163	0.645564	0.682729	0.704971	0.816502	0.675236	0.710527	0.693850	0.713036	
1200.000000	0.736012	0.640363	0.688638	0.714808	0.818722	0.680247	0.713132	0.701723	0.713132	
1210.000000	0.742819	0.628375	0.686607	0.705898	0.818879	0.678097	0.710113	0.696253	0.713132	
1220.000000	0.728339	0.631245	0.686001	0.709747	0.817678	0.670141	0.707192	0.697874	0.713132	
1230.000000	0.735937	0.639254	0.691533	0.710677	0.817030	0.680606	0.712506	0.701105	0.713132	
1240.000000	0.743305	0.638020	0.688680	0.708602	0.820974	0.680720	0.713384	0.698641	0.713384	
1250.000000	0.735417	0.646159	0.687577	0.707702	0.816363	0.677817	0.711839	0.697640	0.713384	
1260.000000	0.739072	0.652910	0.686068	0.710073	0.814149	0.685957	0.714705	0.698071	0.714705	
1270.000000	0.742484	0.635869	0.689593	0.706143	0.818395	0.683159	0.712607	0.697868	0.714705	
1280.000000	0.734081	0.629187	0.685694	0.700372	0.814885	0.674120	0.706390	0.693033	0.714705	
1290.000000	0.733212	0.637952	0.690289	0.700417	0.813268	0.674967	0.708351	0.695353	0.714705	
1300.000000	0.742181	0.642564	0.686209	0.698885	0.801410	0.671978	0.707204	0.692547	0.714705	
1310.000000	0.738314	0.636743	0.688828	0.700217	0.807248	0.673395	0.707458	0.694523	0.714705	
1320.000000	0.742620	0.646593	0.689429	0.707019	0.814866	0.675266	0.712632	0.698224	0.714705	
1330.000000	0.735937	0.643488	0.694814	0.713921	0.818219	0.675794	0.713696	0.704368	0.714705	
1340.000000	0.733483	0.652067	0.691220	0.713890	0.815577	0.668095	0.712389	0.702555	0.714705	
1350.000000	0.733321	0.653486	0.692710	0.715917	0.818924	0.672786	0.714524	0.704313	0.714705	
1360.000000	0.729961	0.652135	0.690540	0.717215	0.820710	0.679705	0.715044	0.703878	0.715044	
1370.000000	0.736264	0.649104	0.686563	0.720763	0.835002	0.685037	0.718789	0.703663	0.718789	
1380.000000	0.734892	0.648781	0.689528	0.720941	0.829869	0.679248	0.717210	0.705234	0.718789	
1390.000000	0.738619	0.653275	0.689048	0.718167	0.819496	0.679727	0.716389	0.703608	0.718789	
1400.000000	0.736148	0.657596	0.682337	0.714021	0.813809	0.679021	0.713822	0.698179	0.718789	
1410.000000	0.747225	0.661303	0.688997	0.714723	0.822201	0.683053	0.719584	0.701860	0.719584	
1420.000000	0.745014	0.651025	0.697701	0.722419	0.829983	0.689350	0.722582	0.710060	0.722582	
1430.000000	0.758212	0.657614	0.702757	0.728385	0.830310	0.687948	0.727537	0.715571	0.727537	
1440.000000	0.755372	0.650306	0.697105	0.725542	0.833430	0.692064	0.725636	0.711323	0.727537	
1450.000000	0.752052	0.638485	0.704606	0.733180	0.846061	0.689707	0.727349	0.718893	0.727537	
1460.000000	0.757561	0.637004	0.700850	0.727600	0.841148	0.686949	0.725185	0.714225	0.727537	
1470.000000	0.752916	0.643134	0.701914	0.727494	0.841249	0.689870	0.726096	0.714704	0.727537	
1480.000000	0.757574	0.656257	0.699752	0.727827	0.846275	0.690298	0.729664	0.713789	0.729664	
1490.000000	0.758570	0.644238	0.697559	0.727952	0.841450	0.690509	0.726713	0.712755	0.729664	
1500.000000	0.750944	0.659858	0.700413	0.731947	0.835122	0.693542	0.728638	0.716180	0.729664	
1510.000000	0.750165	0.663029	0.704991	0.726856	0.837179	0.688280	0.728417	0.715923	0.729664	
1520.000000	0.747707	0.661972	0.700893	0.732636	0.836166	0.689242	0.728103	0.716765	0.729664	
1530.000000	0.750701	0.656815	0.700854	0.727013	0.834468	0.690240	0.726682	0.713933	0.729664	
1540.000000	0.752650	0.668264	0.698864	0.725909	0.833222	0.691962	0.728479	0.712387	0.729664	
1550.000000	0.752848	0.660652	0.700344	0.726439	0.829951	0.685639	0.725979	0.713392	0.729664	
1560.000000	0.759213	0.661935	0.704260	0.729523	0.836273	0.691786	0.730498	0.716891	0.730498	
1570.000000	0.750936	0.638597	0.703560	0.725197	0.835764	0.683638	0.722948	0.714379	0.730498	
1580.000000	0.755570	0.645242	0.704095	0.723939	0.834046	0.685172	0.724677	0.714017	0.730498	
1590.000000	0.751574	0.656951	0.700969	0.727607	0.834260	0.688150	0.726585	0.714288	0.730498	
1600.000000	0.753626	0.668958	0.696808	0.726195	0.831373	0.691702	0.728110	0.711501	0.730498	
1610.000000	0.753018	0.670756	0.695599	0.720765	0.821427	0.696475	0.726340	0.708620	0.730498	
1620.000000	0.760615	0.670464	0.702778	0.728412	0.833719	0.694777	0.731794	0.715595	0.731794	
1630.000000	0.753947	0.658501	0.704315	0.730487	0.836713	0.694438	0.729734	0.717401	0.731794	
1640.000000	0.755325	0.672770	0.701836	0.723804	0.830083	0.691750	0.729262	0.712820	0.731794	
1650.000000	0.758989	0.677866	0.699465	0.723828	0.823604	0.696600	0.730058	0.711646	0.731794	
1660.000000	0.755195	0.683655	0.702038	0.724008	0.827995	0.695864	0.731459	0.713023	0.731794	
1670.000000	0.751979	0.676607	0.705130	0.729578	0.830171	0.693624	0.731182	0.717354	0.731794	
1680.000000	0.758792	0.674977	0.707281	0.731216	0.830435	0.693336	0.732673	0.719249	0.732673	
1690.000000	0.756445	0.673833	0.704687	0.729363	0.832033	0.696612	0.732162	0.717025	0.732673	
1700.000000	0.760175	0.673142	0.705869	0.728609	0.836179	0.694473	0.733074	0.717239	0.733074	
1710.000000	0.762146	0.659871	0.707133	0.727089	0.833197	0.690807	0.730040	0.717111	0.733074	
1720.000000	0.760819	0.657528	0.703846	0.720559	0.828404	0.692881	0.727339	0.712202	0.733074	
1730.000000	0.753322	0.676428	0.700101	0.722417	0.825548	0.690897	0.728119	0.711259	0.733074	
1740.000000	0.761035	0.663813	0.696806	0.719160	0.822421	0.691257	0.725748	0.707983	0.733074	
1750.000000	0.761745	0.668772	0.700406	0.719955	0.819144	0.692650	0.727112	0.710181	0.733074	
1760.000000	0.757627	0.665530	0.698478	0.722380	0.814023	0.697744	0.725964	0.710429	0.733074	
1770.000000	0.761453	0.661055	0.701177	0.726060	0.822409	0.698261	0.728402	0.713618	0.733074	
1780.000000	0.758843	0.650374	0.702249	0.723999	0.820264	0.695800	0.725255	0.713124	0.733074	
1790.000000	0.756304	0.651763	0.704592	0.729196	0.832492	0.695335	0.728280	0.716894	0.733074	
1800.000000	0.761543	0.656245	0.708896	0.735199	0.835902	0.693662	0.731908	0.722048	0.733074	
1810.000000	0.756262	0.668853	0.709213	0.733719	0.836776	0.693785	0.733101	0.721466	0.733101	
1820.000000	0.761517	0.666894	0.711337	0.730989	0.842174	0.690668	0.733930	0.721163	0.733930	
1830.000000	0.755676	0.664383	0.709324	0.727489	0.833600	0.689156	0.729938	0.718407	0.733930	
1840.000000	0.751621	0.665512	0.711569	0.729085	0.830624	0.689691	0.729684	0.720327	0.733930	
1850.000000	0.753891	0.665344	0.712174	0.733760	0.832650	0.691193	0.731502	0.722967	0.733930	
1860.000000	0.757043	0.668846	0.712120	0.728570	0.825195	0.695313	0.731181	0.720345	0.733930	
1870.000000	0.765021	0.665096	0.709633	0.726201	0.827391	0.698846	0.732031	0.717917	0.733930	
1880.000000	0.760615	0.673855	0.707616	0.723265	0.818534	0.699993	0.730646	0.715441	0.733930	
1890.000000	0.759232	0.674766	0.705670	0.720691	0.823082	0.697628	0.730178	0.713181	0.733930	
1900.000000	0.758690	0.671593	0.708524	0.729261	0.831882	0.693860	0.732302	0.718892	0.733930	
1910.000000	0.754873	0.672411	0.706368	0.733261	0.835701	0.695569	0.733030	0.719814	0.733930	
1920.000000	0.764226	0.661712	0.709548	0.734549	0.834883	0.689343	0.732377	0.722049	0.733930	
1930.000000	0.760235	0.660559	0.711946	0.739421	0.839519	0.695880	0.734593	0.725683	0.734593	
1940.000000	0.765746	0.671190	0.714565	0.737117	0.836481	0.694698	0.736633	0.725841	0.736633	
1950.000000	0.764798	0.676576	0.707190	0.732854	0.830027	0.695712	0.734526	0.720022	0.736633	
1960.000000	0.764711	0.675777	0.707493	0.735541	0.833197	0.698655	0.735896	0.721517	0.736633	
1970.000000	0.763656	0.671493	0.709966	0.741105	0.834902	0.694167	0.735882	0.725535	0.736633	
1980.000000	0.764944	0.670037	0.705480	0.739321	0.835625	0.690569	0.734329	0.722401	0.736633	
1990.000000	0.760945	0.664724	0.705120	0.734366	0.830178	0.686045	0.730230	0.719743	0.736633	
2000.000000	0.758662	0.666224	0.707048	0.741172	0.834656	0.688761	0.732754	0.724110	0.736633	
2010.000000	0.764118	0.674983	0.704751	0.737552	0.835732	0.692798	0.734989	0.721151	0.736633	
2020.000000	0.767174	0.672200	0.704226	0.735042	0.830901	0.695408	0.734158	0.719634	0.736633	
2030.000000	0.765298	0.667037	0.706612	0.737355	0.839362	0.695754	0.735236	0.721983	0.736633	
2040.000000	0.768834	0.684083	0.709121	0.738364	0.834719	0.698108	0.738872	0.723742	0.738872	
2050.000000	0.764438	0.673086	0.706982	0.734912	0.833147	0.698653	0.735203	0.720947	0.738872	
2060.000000	0.765603	0.683947	0.707549	0.739104	0.827850	0.692959	0.736169	0.723326	0.738872	
2070.000000	0.768533	0.676632	0.708395	0.733076	0.827812	0.696492	0.735157	0.720735	0.738872	
2080.000000	0.760339	0.677283	0.704705	0.732076	0.824868	0.689713	0.731498	0.718391	0.738872	
2090.000000	0.762313	0.682316	0.703647	0.724640	0.826101	0.695441	0.732410	0.714143	0.738872	
2100.000000	0.759563	0.680556	0.705199	0.733846	0.828416	0.694797	0.733729	0.719522	0.738872	
2110.000000	0.763332	0.684715	0.704392	0.735902	0.829649	0.697945	0.735989	0.720147	0.738872	
2120.000000	0.758833	0.683630	0.701468	0.732275	0.825220	0.700571	0.733666	0.716872	0.738872	
2130.000000	0.766583	0.685602	0.700871	0.731186	0.823881	0.697782	0.734317	0.716029	0.738872	
2140.000000	0.762362	0.681975	0.705353	0.732215	0.826340	0.692553	0.733467	0.718784	0.738872	
2150.000000	0.768352	0.681647	0.703079	0.739758	0.831763	0.697901	0.737083	0.721419	0.738872	
2160.000000	0.766263	0.682961	0.706614	0.739138	0.832908	0.697292	0.737529	0.722876	0.738872	
2170.000000	0.765089	0.679205	0.708281	0.744306	0.833197	0.699113	0.738198	0.726294	0.738872	
2180.000000	0.768448	0.665406	0.708950	0.742703	0.837840	0.697343	0.736782	0.725826	0.738872	
2190.000000	0.766182	0.666435	0.709014	0.741486	0.841645	0.701321	0.737681	0.725250	0.738872	
2200.000000	0.764018	0.675324	0.711286	0.739865	0.835405	0.705055	0.738492	0.725575	0.738872	
2210.000000	0.761389	0.678219	0.708240	0.745910	0.841400	0.701953	0.739519	0.727075	0.739519	
2220.000000	0.773330	0.679713	0.711403	0.742296	0.834984	0.706539	0.741377	0.726849	0.741377	
2230.000000	0.770174	0.677667	0.708474	0.736367	0.828567	0.704312	0.737594	0.722421	0.741377	
2240.000000	0.763248	0.679874	0.709534	0.738172	0.835223	0.704440	0.738415	0.723853	0.741377	
2250.000000	0.764302	0.682440	0.712388	0.738236	0.837871	0.704788	0.740004	0.725312	0.741377	
2260.000000	0.760943	0.682112	0.710703	0.741008	0.836122	0.701107	0.738666	0.725855	0.741377	
2270.000000	0.765460	0.684108	0.717101	0.744103	0.838550	0.708805	0.743021	0.730602	0.743021	
2280.000000	0.765990	0.689408	0.719295	0.745548	0.843684	0.707116	0.745173	0.732422	0.745173	
2290.000000	0.762593	0.672101	0.717969	0.744692	0.840192	0.703840	0.740231	0.731331	0.745173	
2300.000000	0.767287	0.691143	0.718288	0.741123	0.834128	0.710057	0.743671	0.729706	0.745173	
2310.000000	0.769466	0.690539	0.714852	0.742742	0.839733	0.706005	0.743890	0.728797	0.745173	
2320.000000	0.767859	0.683147	0.711805	0.739874	0.833449	0.704782	0.740153	0.725840	0.745173	
2330.000000	0.765866	0.683277	0.710450	0.732865	0.823843	0.703415	0.736619	0.721657	0.745173	
2340.000000	0.771796	0.684083	0.707727	0.729102	0.815527	0.706892	0.735854	0.718414	0.745173	
2350.000000	0.763482	0.675014	0.708436	0.726398	0.819433	0.704083	0.732808	0.717417	0.745173	
2360.000000	0.767357	0.678591	0.710176	0.734383	0.826001	0.702097	0.736434	0.722279	0.745173	
2370.000000	0.769971	0.694218	0.709082	0.735470	0.820339	0.697694	0.737796	0.722276	0.745173	
2380.000000	0.766995	0.682484	0.710014	0.734996	0.822880	0.705064	0.737072	0.722505	0.745173	
2390.000000	0.766687	0.679384	0.712954	0.736848	0.821597	0.703726	0.736866	0.724901	0.745173	
2400.000000	0.771194	0.684306	0.716917	0.737952	0.825315	0.706792	0.740413	0.727434	0.745173	
2410.000000	0.770599	0.685317	0.717060	0.736501	0.821037	0.709755	0.740045	0.726781	0.745173	
2420.000000	0.775410	0.685428	0.715296	0.733492	0.833688	0.709907	0.742204	0.724394	0.745173	
2430.000000	0.772604	0.680977	0.713436	0.732326	0.827039	0.706435	0.738803	0.722881	0.745173	
2440.000000	0.774081	0.671146	0.719231	0.733832	0.832203	0.707842	0.739723	0.726532	0.745173	
2450.000000	0.774945	0.666975	0.720044	0.738972	0.830379	0.712156	0.740578	0.729508	0.745173	
2460.000000	0.778487	0.671586	0.715245	0.737142	0.840507	0.712307	0.742546	0.726193	0.745173	
2470.000000	0.774881	0.685255	0.720565	0.739233	0.832870	0.715966	0.744795	0.729899	0.745173	
2480.000000	0.771759	0.687616	0.716889	0.744234	0.834543	0.712122	0.744527	0.730562	0.745173	
2490.000000	0.768089	0.686457	0.716331	0.743446	0.841325	0.710090	0.744290	0.729888	0.745173	
2500.000000	0.763216	0.691931	0.709454	0.748398	0.834285	0.710216	0.742917	0.729307	0.745173	
2510.000000	0.761517	0.691838	0.713878	0.747385	0.838141	0.711969	0.744121	0.730631	0.745173	
2520.000000	0.767110	0.684852	0.718495	0.745907	0.832599	0.710529	0.743249	0.732201	0.745173	
2530.000000	0.771610	0.686463	0.713192	0.741898	0.826976	0.711413	0.741925	0.727545	0.745173	
2540.000000	0.762501	0.684821	0.713604	0.742088	0.828240	0.709936	0.740198	0.727846	0.745173	
2550.000000	0.765674	0.689879	0.712411	0.744225	0.823667	0.701574	0.739572	0.728318	0.745173	
2560.000000	0.763713	0.683023	0.712760	0.739923	0.822962	0.701997	0.737396	0.726341	0.745173	
2570.000000	0.768011	0.679223	0.714710	0.739282	0.824126	0.706204	0.738593	0.726996	0.745173	
2580.000000	0.769299	0.692141	0.713103	0.738144	0.825176	0.705115	0.740496	0.725623	0.745173	
2590.000000	0.765098	0.699896	0.713008	0.741424	0.823447	0.703095	0.740994	0.727216	0.745173	
2600.000000	0.767384	0.693204	0.721688	0.742384	0.828020	0.704672	0.742892	0.732036	0.745173	
2610.000000	0.764189	0.695966	0.720408	0.743052	0.831291	0.703761	0.743111	0.731730	0.745173	
2620.000000	0.767609	0.684164	0.719602	0.740538	0.834820	0.703998	0.741788	0.730070	0.745173	
2630.000000	0.768239	0.703113	0.723515	0.749749	0.837928	0.706720	0.748210	0.736632	0.748210	
2640.000000	0.764063	0.689519	0.724288	0.753145	0.846527	0.703075	0.746770	0.738716	0.748210	
2650.000000	0.774482	0.692774	0.726063	0.747589	0.842130	0.708803	0.748640	0.736826	0.748640	
2660.000000	0.776641	0.691267	0.722925	0.748178	0.837223	0.713569	0.748301	0.735552	0.748640	
2670.000000	0.775289	0.699388	0.724841	0.746518	0.839802	0.711162	0.749500	0.735679	0.749500	
2680.000000	0.785155	0.697621	0.726242	0.741227	0.840419	0.716808	0.751245	0.733734	0.751245	
2690.000000	0.781425	0.694131	0.726216	0.744753	0.842205	0.713327	0.750343	0.735484	0.751245	
2700.000000	0.784451	0.690697	0.722288	0.740438	0.838425	0.713675	0.748329	0.731363	0.751245	
2710.000000	0.780898	0.687808	0.728784	0.750133	0.843419	0.716382	0.751238	0.739458	0.751245	
2720.000000	0.780192	0.685577	0.725968	0.750586	0.845074	0.714034	0.750239	0.738277	0.751245	
2730.000000	0.778013	0.687337	0.730868	0.749809	0.840243	0.713904	0.750029	0.740339	0.751245	
2740.000000	0.780290	0.690238	0.728336	0.753059	0.848496	0.714416	0.752473	0.740698	0.752473	
2750.000000	0.780418	0.682013	0.727181	0.746312	0.844382	0.712246	0.748759	0.736746	0.752473	
2760.000000	0.779505	0.686959	0.725812	0.748838	0.846904	0.715983	0.750667	0.737325	0.752473	
2770.000000	0.776597	0.684120	0.723166	0.745113	0.834600	0.711407	0.745834	0.734140	0.752473	
2780.000000	0.781223	0.678287	0.725338	0.742840	0.834921	0.712055	0.745777	0.734089	0.752473	
2790.000000	0.780403	0.681622	0.725451	0.741729	0.838431	0.710877	0.746419	0.733590	0.752473	
2800.000000	0.770526	0.692581	0.720456	0.737987	0.830788	0.715223	0.744593	0.729221	0.752473	
2810.000000	0.775600	0.692681	0.725211	0.745750	0.836795	0.717616	0.748942	0.735480	0.752473	
2820.000000	0.775173	0.694689	0.726987	0.744167	0.834770	0.716329	0.748686	0.735577	0.752473	
2830.000000	0.765524	0.692674	0.717351	0.738604	0.834339	0.716182	0.744112	0.727978	0.752473	
2840.000000	0.782849	0.682794	0.729141	0.744049	0.837141	0.718591	0.749094	0.736595	0.752473	
2850.000000	0.775557	0.686841	0.729010	0.744015	0.837991	0.716830	0.748374	0.736512	0.752473	
2860.000000	0.782789	0.685676	0.729628	0.744227	0.834845	0.716603	0.748961	0.736928	0.752473	
2870.000000	0.782467	0.688180	0.727518	0.744461	0.839620	0.717866	0.750019	0.735989	0.752473	
2880.000000	0.782558	0.693369	0.725604	0.742715	0.836921	0.718913	0.750013	0.734159	0.752473	
2890.000000	0.780132	0.699561	0.720575	0.736229	0.835933	0.718986	0.748569	0.728402	0.752473	
2900.000000	0.782872	0.702778	0.724229	0.744530	0.829819	0.719220	0.750575	0.734379	0.752473	
2910.000000	0.779881	0.694608	0.724962	0.744075	0.837619	0.720298	0.750240	0.734518	0.752473	
2920.000000	0.777941	0.696877	0.729206	0.752257	0.841576	0.714515	0.752062	0.740731	0.752473	
2930.000000	0.771943	0.691822	0.732162	0.748477	0.837349	0.712747	0.749083	0.740319	0.752473	
2940.000000	0.769911	0.688850	0.733890	0.752469	0.839035	0.709306	0.748910	0.743180	0.752473	
2950.000000	0.774722	0.677395	0.734576	0.750184	0.842558	0.709513	0.748158	0.742380	0.752473	
2960.000000	0.782368	0.686879	0.730937	0.750852	0.840777	0.715150	0.751161	0.740895	0.752473	
2970.000000	0.778833	0.679006	0.728932	0.752208	0.835021	0.720075	0.749013	0.740570	0.752473	
2980.000000	0.776972	0.698600	0.727494	0.744357	0.830744	0.720187	0.749726	0.735925	0.752473	
2990.000000	0.780316	0.701935	0.728631	0.744727	0.835694	0.721027	0.752055	0.736679	0.752473	
3000.000000	0.779211	0.699326	0.725808	0.746083	0.838532	0.724550	0.752251	0.735945	0.752473	
3010.000000	0.779176	0.697044	0.729164	0.749564	0.839821	0.720168	0.752490	0.739364	0.752490	
3020.000000	0.777700	0.700417	0.727940	0.747734	0.834581	0.718466	0.751139	0.737837	0.752490	
3030.000000	0.775653	0.698904	0.732551	0.747642	0.839934	0.719722	0.752401	0.740096	0.752490	
3040.000000	0.784086	0.697770	0.731148	0.749656	0.837575	0.721175	0.753568	0.740402	0.753568	
3050.000000	0.783979	0.694937	0.732719	0.749657	0.839280	0.723344	0.753986	0.741188	0.753986	
3060.000000	0.784075	0.695067	0.733357	0.753309	0.843457	0.721839	0.755184	0.743333	0.755184	
3070.000000	0.783875	0.696623	0.730474	0.754685	0.851490	0.722727	0.756646	0.742580	0.756646	
3080.000000	0.780830	0.698600	0.729009	0.748952	0.851226	0.724870	0.755581	0.738980	0.756646	
3090.000000	0.784300	0.698024	0.726701	0.747135	0.844237	0.725977	0.754396	0.736918	0.756646	
3100.000000	0.782603	0.707812	0.716638	0.743985	0.838047	0.730379	0.753244	0.737182	0.756646	
3110.000000	0.782369	0.690269	0.724417	0.747339	0.843589	0.733437	0.753570	0.740388	0.756646	
3120.000000	0.789165	0.691435	0.732473	0.752647	0.847213	0.727260	0.756699	0.742560	0.756699	
3130.000000	0.788021	0.683754	0.731724	0.751250	0.848729	0.725540	0.754836	0.741487	0.756699	
3140.000000	0.783960	0.690809	0.733700	0.747915	0.840828	0.727681	0.754149	0.740807	0.756699	
3150.000000	0.780369	0.690412	0.731278	0.744554	0.843973	0.731728	0.753719	0.738141	0.756699	
3160.000000	0.783435	0.684864	0.731948	0.746811	0.844545	0.722205	0.752301	0.739380	0.756699	
3170.000000	0.784052	0.690877	0.731932	0.742500	0.844935	0.727332	0.753605	0.737216	0.756699	
3180.000000	0.788614	0.699942	0.723797	0.737954	0.840507	0.720802	0.751936	0.730875	0.756699	
3190.000000	0.781120	0.693335	0.725655	0.744452	0.834688	0.722275	0.750254	0.735054	0.756699	
3200.000000	0.784086	0.693604	0.730556	0.743001	0.833713	0.723739	0.751450	0.736779	0.756699	
3210.000000	0.781611	0.694329	0.729123	0.748676	0.839381	0.719667	0.752131	0.738899	0.756699	
3220.000000	0.780715	0.689798	0.731605	0.737630	0.835418	0.720359	0.749254	0.734618	0.756699	
3230.000000	0.780664	0.691807	0.729081	0.739756	0.841035	0.718732	0.750179	0.734419	0.756699	
3240.000000	0.783071	0.692327	0.725160	0.743170	0.832102	0.724027	0.749976	0.734165	0.756699	
3250.000000	0.771552	0.688087	0.725124	0.732775	0.835241	0.718704	0.745247	0.728950	0.756699	
3260.000000	0.782319	0.703218	0.728261	0.751428	0.839230	0.725547	0.755001	0.739845	0.756699	
3270.000000	0.773626	0.698625	0.730837	0.753984	0.835971	0.713737	0.751130	0.742411	0.756699	
3280.000000	0.776910	0.695879	0.731450	0.754271	0.846577	0.719548	0.754106	0.742861	0.756699	
3290.000000	0.776844	0.702152	0.731548	0.753610	0.848433	0.717165	0.754959	0.742579	0.756699	
3300.000000	0.778910	0.701656	0.731735	0.748736	0.834480	0.719599	0.752519	0.740236	0.756699	
3310.000000	0.777954	0.696319	0.732368	0.747977	0.835216	0.722613	0.752075	0.740173	0.756699	
3320.000000	0.781406	0.692749	0.732901	0.742148	0.834594	0.722791	0.751098	0.737525	0.756699	
3330.000000	0.780836	0.687399	0.733987	0.750568	0.841475	0.721265	0.752589	0.742278	0.756699	
3340.000000	0.781844	0.682254	0.734615	0.750501	0.842872	0.725320	0.752901	0.742558	0.756699	
3350.000000	0.782940	0.683680	0.736424	0.748368	0.842985	0.726867	0.753544	0.742396	0.756699	
3360.000000	0.783933	0.686190	0.733531	0.740092	0.833015	0.724987	0.750291	0.736811	0.756699	
3370.000000	0.781673	0.694112	0.730672	0.741334	0.836827	0.724658	0.751546	0.736003	0.756699	
3380.000000	0.788475	0.695358	0.728330	0.739090	0.839362	0.726304	0.752820	0.733710	0.756699	
3390.000000	0.780175	0.692079	0.727280	0.737052	0.828246	0.725317	0.748358	0.732166	0.756699	
3400.000000	0.782266	0.688112	0.730131	0.737346	0.834329	0.725736	0.749653	0.733739	0.756699	
3410.000000	0.779027	0.685242	0.733783	0.741299	0.837707	0.721523	0.749764	0.737541	0.756699	
3420.000000	0.780241	0.695141	0.729614	0.746094	0.847326	0.716102	0.752420	0.737854	0.756699	
3430.000000	0.783525	0.692129	0.729852	0.740667	0.836286	0.719989	0.750408	0.735260	0.756699	
3440.000000	0.780457	0.690009	0.734110	0.741683	0.831165	0.722687	0.750018	0.737896	0.756699	
3450.000000	0.781660	0.685199	0.730337	0.740746	0.825651	0.723851	0.747908	0.735542	0.756699	
3460.000000	0.782928	0.691850	0.732909	0.743552	0.833556	0.720692	0.750914	0.738231	0.756699	
3470.000000	0.788492	0.692687	0.732255	0.746263	0.831366	0.722606	0.752278	0.739259	0.756699	
3480.000000	0.787639	0.689618	0.729648	0.738523	0.824963	0.726409	0.749467	0.734085	0.756699	
3490.000000	0.786958	0.688410	0.730670	0.737383	0.831046	0.721537	0.749334	0.734026	0.756699	
3500.000000	0.787686	0.687722	0.730854	0.742169	0.832927	0.725417	0.751129	0.736512	0.756699	
3510.000000	0.787847	0.691490	0.731582	0.742164	0.837833	0.727266	0.753030	0.736873	0.756699	
3520.000000	0.787808	0.690939	0.732597	0.744209	0.827108	0.730156	0.752136	0.738403	0.756699	
3530.000000	0.786220	0.707402	0.734356	0.744001	0.825969	0.730455	0.754734	0.739178	0.756699	
3540.000000	0.782505	0.701483	0.731366	0.736060	0.824516	0.729491	0.750903	0.733713	0.756699	
3550.000000	0.775820	0.694094	0.730950	0.739659	0.813853	0.730809	0.747531	0.735304	0.756699	
3560.000000	0.789474	0.697999	0.730337	0.739957	0.823220	0.735214	0.752700	0.737586	0.756699	
3570.000000	0.775201	0.696431	0.733686	0.746999	0.835877	0.733768	0.753660	0.740383	0.756699	
3580.000000	0.791695	0.692457	0.735869	0.754535	0.846464	0.730357	0.758563	0.745202	0.758563	
3590.000000	0.783423	0.697224	0.740322	0.757422	0.839494	0.730556	0.758073	0.748872	0.758563	
3600.000000	0.783973	0.694112	0.738612	0.754033	0.839859	0.724303	0.755815	0.746322	0.758563	
3610.000000	0.777630	0.698135	0.737502	0.756573	0.848458	0.732518	0.758469	0.747037	0.758563	
3620.000000	0.786294	0.694515	0.740876	0.754058	0.847087	0.728289	0.758520	0.747467	0.758563	
3630.000000	0.786809	0.695042	0.735743	0.752428	0.845017	0.738014	0.758842	0.745221	0.758842	
3640.000000	0.787722	0.691131	0.739361	0.761875	0.851232	0.733131	0.760742	0.750618	0.760742	
3650.000000	0.786318	0.690747	0.742105	0.765331	0.850043	0.731049	0.760932	0.753718	0.760932	
3660.000000	0.791397	0.698700	0.737258	0.759996	0.851465	0.735530	0.762391	0.748627	0.762391	
3670.000000	0.787428	0.705977	0.734675	0.757810	0.839897	0.736896	0.760447	0.747353	0.762391	
3680.000000	0.788994	0.708292	0.738309	0.754163	0.836676	0.734041	0.760079	0.746236	0.762391	
3690.000000	0.788866	0.693957	0.739898	0.760903	0.839324	0.737934	0.760147	0.750400	0.762391	
3700.000000	0.787562	0.695408	0.741200	0.759814	0.844231	0.738313	0.761088	0.750507	0.762391	
3710.000000	0.791151	0.687387	0.742707	0.764278	0.858070	0.736720	0.763386	0.753493	0.763386	
3720.000000	0.792937	0.686773	0.744952	0.763677	0.849106	0.732967	0.761735	0.754314	0.763386	
3730.000000	0.798005	0.697119	0.742571	0.764671	0.853893	0.736863	0.765520	0.753621	0.765520	
3740.000000	0.788113	0.703119	0.741144	0.755423	0.848112	0.736724	0.762106	0.748284	0.765520	
3750.000000	0.787219	0.696524	0.737405	0.764026	0.846357	0.736208	0.761290	0.750715	0.765520	
3760.000000	0.789271	0.697720	0.739022	0.761741	0.854982	0.738067	0.763467	0.750381	0.765520	
3770.000000	0.787409	0.703640	0.744524	0.762862	0.843482	0.732522	0.762407	0.753693	0.765520	
3780.000000	0.782199	0.698656	0.738661	0.754493	0.833681	0.735190	0.757147	0.746577	0.765520	
3790.000000	0.794083	0.704898	0.739333	0.759057	0.840261	0.737650	0.762547	0.749195	0.765520	
3800.000000	0.786043	0.696232	0.738414	0.760177	0.844501	0.735123	0.760082	0.749295	0.765520	
3810.000000	0.792434	0.707799	0.743286	0.766550	0.861260	0.737165	0.768082	0.754918	0.768082	
3820.000000	0.789873	0.698216	0.744853	0.767042	0.859316	0.740844	0.766691	0.755948	0.768082	
3830.000000	0.787607	0.705345	0.745380	0.768803	0.853472	0.737967	0.766429	0.757091	0.768082	
3840.000000	0.790202	0.698681	0.747013	0.768234	0.851314	0.736250	0.765282	0.757623	0.768082	
3850.000000	0.787490	0.700745	0.748521	0.764130	0.860058	0.735459	0.766067	0.756325	0.768082	
3860.000000	0.788493	0.705701	0.743008	0.765134	0.857202	0.736881	0.766070	0.754071	0.768082	
3870.000000	0.785821	0.702474	0.747312	0.767012	0.848766	0.733704	0.764182	0.757162	0.768082	
3880.000000	0.787703	0.699140	0.745792	0.763289	0.845181	0.734061	0.762528	0.754541	0.768082	
3890.000000	0.786414	0.692625	0.739816	0.755971	0.834424	0.735470	0.757453	0.747894	0.768082	
3900.000000	0.788563	0.687498	0.743252	0.761218	0.844728	0.734493	0.759959	0.752235	0.768082	
3910.000000	0.795848	0.680922	0.744588	0.763839	0.851515	0.737738	0.762408	0.754213	0.768082	
3920.000000	0.789826	0.687691	0.744877	0.758872	0.852314	0.734821	0.761400	0.751875	0.768082	
3930.000000	0.792372	0.692055	0.740409	0.757746	0.852358	0.736601	0.761923	0.749077	0.768082	
3940.000000	0.793346	0.690716	0.737692	0.761033	0.845558	0.730443	0.759798	0.749363	0.768082	
3950.000000	0.797559	0.701994	0.739462	0.756432	0.846250	0.740452	0.763691	0.748442	0.768082	
3960.000000	0.799151	0.697925	0.740597	0.750209	0.841866	0.737740	0.761248	0.745403	0.768082	
3970.000000	0.793475	0.699233	0.741128	0.758111	0.839960	0.733695	0.760934	0.749620	0.768082	
3980.000000	0.794405	0.695991	0.740203	0.758627	0.836506	0.740128	0.760977	0.749415	0.768082	
3990.000000	0.786822	0.701700	0.740904	0.760431	0.853497	0.738922	0.763713	0.750668	0.768082	
4000.000000	0.795481	0.701873	0.740982	0.764394	0.850685	0.741731	0.765857	0.753062	0.768082	
4010.000000	0.794363	0.701966	0.742692	0.756020	0.844514	0.740503	0.763343	0.749356	0.768082	
4020.000000	0.791631	0.699214	0.743379	0.761747	0.851327	0.738871	0.764362	0.752563	0.768082	
4030.000000	0.793158	0.689277	0.741798	0.761003	0.846653	0.740284	0.762029	0.751400	0.768082	
4040.000000	0.795884	0.689978	0.744077	0.760926	0.852843	0.736537	0.763374	0.752501	0.768082	
4050.000000	0.794847	0.688881	0.741235	0.760221	0.847936	0.738739	0.761976	0.750728	0.768082	
4060.000000	0.795342	0.694075	0.744584	0.765097	0.850949	0.740450	0.765083	0.754840	0.768082	
4070.000000	0.797096	0.682949	0.743813	0.758863	0.852987	0.739826	0.762589	0.751338	0.768082	
4080.000000	0.800967	0.685434	0.742533	0.763864	0.859668	0.739786	0.765375	0.753199	0.768082	
4090.000000	0.799537	0.694174	0.746323	0.763209	0.855976	0.739508	0.766455	0.754766	0.768082	
4100.000000	0.802747	0.695879	0.746642	0.762074	0.855334	0.746314	0.768165	0.754358	0.768165	
4110.000000	0.802462	0.695197	0.742892	0.761840	0.853547	0.739826	0.765961	0.752366	0.768165	
4120.000000	0.793554	0.689972	0.743716	0.765259	0.854497	0.735121	0.763686	0.754487	0.768165	
4130.000000	0.803103	0.700900	0.748006	0.766829	0.855579	0.741717	0.769356	0.757418	0.769356	
4140.000000	0.802748	0.697447	0.743870	0.765969	0.852956	0.739400	0.767065	0.754920	0.769356	
4150.000000	0.793204	0.695086	0.746759	0.765860	0.852541	0.739583	0.765506	0.756310	0.769356	
4160.000000	0.800606	0.697609	0.740328	0.761586	0.852893	0.738957	0.765330	0.750957	0.769356	
4170.000000	0.795139	0.705772	0.740540	0.761357	0.852748	0.735701	0.765210	0.750948	0.769356	
4180.000000	0.795193	0.694441	0.743823	0.759717	0.845156	0.739458	0.762964	0.751770	0.769356	
4190.000000	0.797358	0.699462	0.747829	0.761183	0.850496	0.735439	0.765295	0.754506	0.769356	
4200.000000	0.785894	0.682378	0.743425	0.757241	0.845772	0.734374	0.758181	0.750333	0.769356	
4210.000000	0.795715	0.683259	0.743320	0.761796	0.853560	0.731100	0.761458	0.752558	0.769356	
4220.000000	0.794305	0.692606	0.739898	0.761853	0.850540	0.734332	0.762256	0.750875	0.769356	
4230.000000	0.796238	0.696809	0.740601	0.762215	0.847804	0.737143	0.763468	0.751408	0.769356	
4240.000000	0.794126	0.700813	0.741697	0.765220	0.849540	0.735586	0.764497	0.753458	0.769356	
4250.000000	0.790837	0.697063	0.734847	0.758086	0.845741	0.737416	0.760665	0.747751	0.769356	
4260.000000	0.795434	0.697962	0.736014	0.762839	0.845225	0.734213	0.761948	0.749427	0.769356	
4270.000000	0.795410	0.702846	0.737298	0.759548	0.845464	0.736285	0.762809	0.748423	0.769356	
4280.000000	0.794683	0.702034	0.738253	0.756682	0.839362	0.740692	0.761951	0.748687	0.769356	
4290.000000	0.797806	0.685118	0.736864	0.762793	0.843105	0.737028	0.760452	0.749911	0.769356	
4300.000000	0.794433	0.692674	0.735017	0.760195	0.845112	0.733739	0.760195	0.747606	0.769356	
4310.000000	0.799076	0.700776	0.739274	0.752102	0.845734	0.738045	0.762501	0.745688	0.769356	
4320.000000	0.799518	0.692386	0.740324	0.756062	0.846684	0.735353	0.761721	0.748193	0.769356	
4330.000000	0.793978	0.695557	0.735186	0.756876	0.844967	0.738278	0.760807	0.747577	0.769356	
4340.000000	0.802439	0.689005	0.739287	0.756876	0.847785	0.735478	0.761812	0.748082	0.769356	
4350.000000	0.805403	0.698148	0.741598	0.755902	0.842973	0.739698	0.763954	0.748750	0.769356	
4360.000000	0.796983	0.692935	0.740373	0.762728	0.845841	0.736102	0.762494	0.751551	0.769356	
4370.000000	0.796959	0.692749	0.740139	0.761528	0.845646	0.737857	0.762480	0.750834	0.769356	
4380.000000	0.789105	0.691968	0.738473	0.760674	0.847968	0.737368	0.760926	0.749574	0.769356	
4390.000000	0.796093	0.699350	0.739254	0.760390	0.835915	0.738929	0.761655	0.749822	0.769356	
4400.000000	0.793682	0.690641	0.739416	0.759043	0.846080	0.736292	0.760859	0.749230	0.769356	
4410.000000	0.796705	0.695588	0.736464	0.757290	0.845024	0.741532	0.762100	0.749411	0.769356	
4420.000000	0.801129	0.693579	0.738455	0.750473	0.840909	0.739925	0.760745	0.745199	0.769356	
4430.000000	0.794275	0.710012	0.732115	0.756460	0.836569	0.742815	0.762041	0.749637	0.769356	
4440.000000	0.791213	0.714457	0.737625	0.746612	0.836015	0.738353	0.760713	0.742483	0.769356	
4450.000000	0.799580	0.715486	0.738180	0.752516	0.838733	0.743466	0.764660	0.747991	0.769356	
4460.000000	0.791053	0.705642	0.738891	0.756721	0.848087	0.740073	0.763411	0.748397	0.769356	
4470.000000	0.796865	0.706603	0.739674	0.756753	0.845256	0.744665	0.764969	0.750709	0.769356	
4480.000000	0.796334	0.718256	0.738471	0.761856	0.846477	0.737447	0.766474	0.750164	0.769356	
4490.000000	0.792828	0.720401	0.741909	0.731174	0.835990	0.744244	0.761091	0.743076	0.769356	
4500.000000	0.789737	0.721071	0.743403	0.754292	0.840702	0.745287	0.765748	0.749789	0.769356	
4510.000000	0.795499	0.720693	0.741112	0.759589	0.840016	0.737617	0.765754	0.750351	0.769356	
4520.000000	0.789744	0.714618	0.738249	0.759009	0.843413	0.740750	0.764297	0.749879	0.769356	
4530.000000	0.783920	0.699747	0.740298	0.753941	0.838664	0.736984	0.758925	0.747119	0.769356	
4540.000000	0.797446	0.711983	0.740474	0.757887	0.831895	0.745117	0.764134	0.751502	0.769356	
4550.000000	0.798756	0.703150	0.742757	0.760170	0.850188	0.740273	0.765882	0.751463	0.769356	
4560.000000	0.802025	0.700311	0.742178	0.753950	0.844420	0.744760	0.764607	0.749355	0.769356	
4570.000000	0.795935	0.707874	0.739533	0.760970	0.848810	0.747039	0.766694	0.754005	0.769356	
4580.000000	0.794943	0.712771	0.741835	0.754419	0.828360	0.743210	0.762590	0.748815	0.769356	
4590.000000	0.795018	0.715095	0.738511	0.746948	0.838664	0.743821	0.763009	0.745384	0.769356	
4600.000000	0.800487	0.716050	0.740716	0.755946	0.840683	0.745549	0.766572	0.750748	0.769356	
4610.000000	0.796364	0.712764	0.739420	0.754172	0.846093	0.741836	0.765108	0.748004	0.769356	
4620.000000	0.791134	0.714252	0.738540	0.754107	0.844961	0.742119	0.764185	0.748113	0.769356	
4630.000000	0.790985	0.705921	0.742909	0.761435	0.849760	0.737339	0.764725	0.752172	0.769356	
4640.000000	0.792758	0.703773	0.741112	0.761421	0.848150	0.738069	0.764214	0.751267	0.769356	
4650.000000	0.793368	0.710663	0.740256	0.759147	0.839104	0.737921	0.763410	0.749702	0.769356	
4660.000000	0.786670	0.707130	0.739797	0.764375	0.840695	0.736015	0.762447	0.752086	0.769356	
4670.000000	0.784859	0.713353	0.739087	0.759596	0.841041	0.734433	0.762062	0.749342	0.769356	
4680.000000	0.791729	0.697447	0.741576	0.764065	0.841589	0.734530	0.761823	0.752821	0.769356	
4690.000000	0.789653	0.705971	0.741271	0.761368	0.840381	0.740798	0.763240	0.751319	0.769356	
4700.000000	0.799016	0.716905	0.745063	0.765034	0.841796	0.743153	0.768495	0.755049	0.769356	
4710.000000	0.794269	0.708134	0.741503	0.758990	0.846917	0.737886	0.764616	0.750246	0.769356	
4720.000000	0.789182	0.707192	0.742533	0.757214	0.844457	0.735370	0.762658	0.749873	0.769356	
4730.000000	0.796974	0.707093	0.738033	0.755807	0.835764	0.743470	0.762857	0.749639	0.769356	
4740.000000	0.791049	0.702338	0.744675	0.765213	0.847024	0.739262	0.764927	0.754944	0.769356	
4750.000000	0.792165	0.704625	0.743930	0.763455	0.842381	0.739222	0.764296	0.753692	0.769356	
4760.000000	0.792365	0.710688	0.739371	0.758396	0.835235	0.741215	0.762878	0.749805	0.769356	
4770.000000	0.793172	0.713099	0.745141	0.756284	0.838764	0.739308	0.764295	0.750712	0.769356	
4780.000000	0.793896	0.714382	0.749222	0.763397	0.843941	0.739967	0.767468	0.756310	0.769356	
4790.000000	0.787594	0.711760	0.752244	0.768389	0.842702	0.740608	0.767216	0.760316	0.769356	
4800.000000	0.791578	0.707719	0.741964	0.756668	0.823943	0.735549	0.759570	0.749316	0.769356	
4810.000000	0.790771	0.707502	0.745020	0.765230	0.846206	0.735902	0.765105	0.755125	0.769356	
4820.000000	0.796614	0.706126	0.745263	0.765152	0.841281	0.740432	0.765811	0.755208	0.769356	
4830.000000	0.793193	0.706144	0.744497	0.765196	0.841727	0.736658	0.764569	0.754846	0.769356	
4840.000000	0.788665	0.712659	0.745232	0.766203	0.835493	0.739989	0.764707	0.755717	0.769356	
4850.000000	0.793044	0.711283	0.748493	0.763327	0.844508	0.740046	0.766783	0.755910	0.769356	
4860.000000	0.794281	0.703076	0.747183	0.760959	0.836591	0.740331	0.763737	0.754071	0.769356	
4870.000000	0.802036	0.712684	0.744865	0.757357	0.845351	0.744936	0.767871	0.751147	0.769356	
4880.000000	0.801496	0.710880	0.743551	0.763911	0.843394	0.746764	0.768333	0.755338	0.769356	
4890.000000	0.797811	0.695830	0.749771	0.760464	0.845514	0.745750	0.765856	0.755117	0.769356	
4900.000000	0.801101	0.705357	0.753992	0.762344	0.853258	0.748688	0.770790	0.758168	0.770790	
4910.000000	0.795709	0.704824	0.751453	0.762860	0.840010	0.739929	0.765798	0.757157	0.770790	
4920.000000	0.800122	0.714742	0.749397	0.757248	0.839079	0.744416	0.767500	0.753322	0.770790	
4930.000000	0.796102	0.712256	0.751091	0.761192	0.843306	0.746067	0.768336	0.756142	0.770790	
4940.000000	0.797666	0.698030	0.750118	0.755500	0.843042	0.745423	0.764963	0.752809	0.770790	
4950.000000	0.799998	0.693164	0.751529	0.761930	0.847118	0.745044	0.766464	0.756729	0.770790	
4960.000000	0.802667	0.705053	0.749965	0.761227	0.849685	0.743388	0.768664	0.755596	0.770790	
4970.000000	0.796823	0.701390	0.749111	0.758317	0.848798	0.743697	0.766356	0.753714	0.770790	
4980.000000	0.793266	0.710861	0.752828	0.757264	0.846288	0.746107	0.767769	0.755046	0.770790	
4990.000000	0.798165	0.694980	0.751329	0.764484	0.852799	0.741797	0.767259	0.757906	0.770790	
5000.000000	0.801602	0.699431	0.749153	0.755134	0.858838	0.739929	0.767348	0.752144	0.770790	
