Epoch	AUC-12	AUC-13	AUC-14	AUC-15	AUC-16	AUC-Avg	AUC-Mid	AUC-Best	
1.000000	0.631122	0.548685	0.574621	0.436599	0.564913	0.551188	0.564913	0.551188	
10.000000	0.502611	0.403274	0.630676	0.504898	0.613684	0.531028	0.504898	0.551188	
20.000000	0.525473	0.332355	0.439871	0.568066	0.633750	0.499903	0.525473	0.551188	
30.000000	0.521178	0.311994	0.442722	0.621338	0.640652	0.507577	0.521178	0.551188	
40.000000	0.510357	0.312370	0.500315	0.587385	0.642968	0.510679	0.510357	0.551188	
50.000000	0.479474	0.267331	0.409213	0.580030	0.658007	0.478811	0.479474	0.551188	
60.000000	0.464572	0.332683	0.463311	0.592050	0.640667	0.498657	0.464572	0.551188	
70.000000	0.440474	0.300716	0.467368	0.575144	0.662112	0.489163	0.467368	0.551188	
80.000000	0.458890	0.302220	0.438208	0.610507	0.641642	0.490293	0.458890	0.551188	
90.000000	0.452625	0.272480	0.417223	0.596352	0.639255	0.475587	0.452625	0.551188	
100.000000	0.439768	0.275272	0.456667	0.581614	0.645044	0.479673	0.456667	0.551188	
110.000000	0.517112	0.331915	0.506607	0.606937	0.620731	0.516661	0.517112	0.551188	
120.000000	0.503098	0.340298	0.468565	0.615362	0.615131	0.508491	0.503098	0.551188	
130.000000	0.475888	0.339761	0.483428	0.598820	0.619358	0.503451	0.483428	0.551188	
140.000000	0.484069	0.333257	0.466697	0.596931	0.633809	0.502952	0.484069	0.551188	
150.000000	0.548503	0.369658	0.503422	0.590617	0.633136	0.529067	0.548503	0.551188	
160.000000	0.507897	0.346770	0.493669	0.612622	0.635735	0.519339	0.507897	0.551188	
170.000000	0.520846	0.352377	0.482354	0.636106	0.614086	0.521154	0.520846	0.551188	
180.000000	0.525771	0.360284	0.493695	0.616861	0.602860	0.519894	0.525771	0.551188	
190.000000	0.473554	0.335472	0.448763	0.609350	0.606870	0.494802	0.473554	0.551188	
200.000000	0.474428	0.391121	0.467141	0.624890	0.588515	0.509219	0.474428	0.551188	
210.000000	0.482959	0.351708	0.468216	0.652826	0.589907	0.509123	0.482959	0.551188	
220.000000	0.469932	0.411471	0.487215	0.637421	0.625891	0.526386	0.487215	0.551188	
230.000000	0.460110	0.392972	0.487310	0.673034	0.575398	0.517765	0.487310	0.551188	
240.000000	0.519871	0.383271	0.492069	0.658135	0.581088	0.526887	0.519871	0.551188	
250.000000	0.577876	0.417563	0.528892	0.669803	0.599924	0.558812	0.577876	0.558812	
260.000000	0.535689	0.407599	0.511123	0.690620	0.588937	0.546793	0.535689	0.558812	
270.000000	0.530515	0.418958	0.553678	0.680950	0.572229	0.551266	0.553678	0.558812	
280.000000	0.502740	0.374744	0.476399	0.686163	0.597071	0.527423	0.502740	0.558812	
290.000000	0.494591	0.392878	0.502687	0.661167	0.581160	0.526497	0.502687	0.558812	
300.000000	0.514400	0.391499	0.476922	0.668550	0.617181	0.533710	0.514400	0.558812	
310.000000	0.525319	0.405614	0.494919	0.686512	0.589787	0.540430	0.525319	0.558812	
320.000000	0.494923	0.391527	0.513115	0.648043	0.593580	0.528238	0.513115	0.558812	
330.000000	0.554999	0.387193	0.474210	0.648605	0.567781	0.526558	0.554999	0.558812	
340.000000	0.578507	0.379744	0.512541	0.636797	0.588766	0.539271	0.578507	0.558812	
350.000000	0.619566	0.372021	0.500907	0.665493	0.607644	0.553127	0.607644	0.558812	
360.000000	0.605764	0.381837	0.513427	0.667022	0.576600	0.548930	0.576600	0.558812	
370.000000	0.575834	0.396984	0.526411	0.626746	0.615616	0.548318	0.575834	0.558812	
380.000000	0.583870	0.363220	0.475962	0.651665	0.597159	0.534375	0.583870	0.558812	
390.000000	0.608886	0.409295	0.573053	0.649782	0.583721	0.564947	0.583721	0.564947	
400.000000	0.556370	0.388316	0.518747	0.635554	0.588892	0.537576	0.556370	0.564947	
410.000000	0.609004	0.463121	0.529808	0.640030	0.595310	0.567455	0.595310	0.567455	
420.000000	0.619554	0.481253	0.585371	0.663659	0.575872	0.585142	0.585371	0.585142	
430.000000	0.641121	0.478573	0.575520	0.617813	0.573717	0.577349	0.575520	0.585142	
440.000000	0.604311	0.440125	0.556676	0.633187	0.610568	0.568973	0.604311	0.585142	
450.000000	0.552420	0.398588	0.545529	0.629214	0.598217	0.544794	0.552420	0.585142	
460.000000	0.596743	0.397787	0.551096	0.640522	0.586624	0.554554	0.586624	0.585142	
470.000000	0.607097	0.430778	0.537035	0.656587	0.582458	0.562791	0.582458	0.585142	
480.000000	0.634689	0.497343	0.590909	0.682772	0.580209	0.597184	0.590909	0.597184	
490.000000	0.655757	0.516534	0.610250	0.686701	0.567837	0.607416	0.610250	0.607416	
500.000000	0.659976	0.533598	0.601536	0.683859	0.575465	0.610887	0.601536	0.610887	
510.000000	0.656857	0.525868	0.633797	0.657064	0.579350	0.610587	0.633797	0.610887	
520.000000	0.695315	0.561975	0.646487	0.668041	0.569264	0.628216	0.646487	0.628216	
530.000000	0.675488	0.569156	0.620595	0.649514	0.570052	0.616961	0.620595	0.628216	
540.000000	0.685297	0.561448	0.615018	0.657683	0.563023	0.616494	0.615018	0.628216	
550.000000	0.684708	0.499906	0.590481	0.650516	0.572678	0.599658	0.590481	0.628216	
560.000000	0.649399	0.518294	0.598596	0.652323	0.559993	0.595721	0.598596	0.628216	
570.000000	0.679769	0.527934	0.592729	0.648898	0.571863	0.604239	0.592729	0.628216	
580.000000	0.647737	0.551167	0.611017	0.666659	0.562045	0.607725	0.611017	0.628216	
590.000000	0.626683	0.526280	0.567208	0.667538	0.540659	0.585674	0.567208	0.628216	
600.000000	0.617026	0.505532	0.577743	0.643544	0.571145	0.582998	0.577743	0.628216	
610.000000	0.624883	0.523088	0.602372	0.643676	0.529672	0.584738	0.602372	0.628216	
620.000000	0.668932	0.520510	0.640190	0.664239	0.527278	0.604230	0.640190	0.628216	
630.000000	0.648260	0.532052	0.627021	0.636060	0.521163	0.592911	0.627021	0.628216	
640.000000	0.654673	0.562139	0.675369	0.635096	0.538417	0.613139	0.635096	0.628216	
650.000000	0.656819	0.519976	0.590748	0.622805	0.539741	0.586018	0.590748	0.628216	
660.000000	0.620676	0.518010	0.591595	0.625075	0.542724	0.579616	0.591595	0.628216	
670.000000	0.680306	0.511881	0.620397	0.619872	0.544609	0.595413	0.619872	0.628216	
680.000000	0.655481	0.537100	0.609117	0.631281	0.521792	0.590954	0.609117	0.628216	
690.000000	0.666750	0.537553	0.625785	0.648017	0.523048	0.600230	0.625785	0.628216	
700.000000	0.673837	0.542885	0.612799	0.661216	0.465457	0.591239	0.612799	0.628216	
710.000000	0.644978	0.528117	0.635842	0.642874	0.487774	0.587917	0.635842	0.628216	
720.000000	0.672701	0.555630	0.651971	0.658588	0.460059	0.599790	0.651971	0.628216	
730.000000	0.669813	0.538149	0.652638	0.644693	0.494384	0.599935	0.644693	0.628216	
740.000000	0.660078	0.537184	0.627495	0.648034	0.488143	0.592187	0.627495	0.628216	
750.000000	0.633268	0.494771	0.594099	0.640793	0.500350	0.572656	0.594099	0.628216	
760.000000	0.657755	0.551142	0.628289	0.645231	0.529708	0.602425	0.628289	0.628216	
770.000000	0.613822	0.534861	0.612893	0.648981	0.479811	0.578074	0.612893	0.628216	
780.000000	0.652066	0.542157	0.612539	0.654298	0.504860	0.593184	0.612539	0.628216	
790.000000	0.636901	0.521636	0.584301	0.653409	0.521004	0.583450	0.584301	0.628216	
800.000000	0.645649	0.581969	0.637950	0.659959	0.531099	0.611325	0.637950	0.628216	
810.000000	0.636103	0.568089	0.607082	0.644560	0.518904	0.594948	0.607082	0.628216	
820.000000	0.606360	0.544240	0.629909	0.651599	0.528882	0.592198	0.606360	0.628216	
830.000000	0.652409	0.603375	0.620514	0.643029	0.535142	0.610894	0.620514	0.628216	
840.000000	0.629817	0.604033	0.628538	0.646854	0.512102	0.604269	0.628538	0.628216	
850.000000	0.632446	0.554599	0.618062	0.651054	0.511045	0.593441	0.618062	0.628216	
860.000000	0.615796	0.559665	0.600921	0.637303	0.534894	0.589716	0.600921	0.628216	
870.000000	0.596482	0.560695	0.598598	0.677777	0.567938	0.600298	0.596482	0.628216	
880.000000	0.607244	0.526912	0.591578	0.670491	0.557878	0.590821	0.591578	0.628216	
890.000000	0.617375	0.519600	0.558951	0.655720	0.582628	0.586855	0.582628	0.628216	
900.000000	0.601012	0.558336	0.571284	0.618952	0.560241	0.581965	0.571284	0.628216	
910.000000	0.600112	0.559361	0.589746	0.629411	0.542603	0.584247	0.589746	0.628216	
920.000000	0.665729	0.591112	0.627077	0.651577	0.545488	0.616197	0.627077	0.628216	
930.000000	0.663355	0.563063	0.627327	0.650357	0.550028	0.610826	0.627327	0.628216	
940.000000	0.672129	0.603585	0.627764	0.636968	0.539602	0.616009	0.627764	0.628216	
950.000000	0.635125	0.568841	0.612932	0.626478	0.550048	0.598685	0.612932	0.628216	
960.000000	0.646462	0.576247	0.600880	0.648411	0.523142	0.599029	0.600880	0.628216	
970.000000	0.663338	0.593630	0.629550	0.616774	0.521990	0.605056	0.616774	0.628216	
980.000000	0.626346	0.577432	0.612996	0.629564	0.532980	0.595864	0.612996	0.628216	
990.000000	0.623687	0.599447	0.626801	0.636705	0.533181	0.603964	0.623687	0.628216	
1000.000000	0.655227	0.598192	0.633067	0.627463	0.522256	0.607241	0.627463	0.628216	
1010.000000	0.651808	0.592908	0.613467	0.620841	0.506086	0.597022	0.613467	0.628216	
1020.000000	0.680966	0.635993	0.651116	0.639589	0.507559	0.623045	0.639589	0.628216	
1030.000000	0.669024	0.607965	0.633384	0.618826	0.490884	0.604017	0.618826	0.628216	
1040.000000	0.614869	0.603911	0.616037	0.627272	0.516036	0.595625	0.614869	0.628216	
1050.000000	0.669801	0.617422	0.648483	0.623857	0.484313	0.608775	0.623857	0.628216	
1060.000000	0.651936	0.620066	0.646929	0.614819	0.488285	0.604407	0.620066	0.628216	
1070.000000	0.683301	0.612301	0.653708	0.619041	0.492539	0.612178	0.619041	0.628216	
1080.000000	0.696108	0.611364	0.647371	0.644974	0.481905	0.616345	0.644974	0.628216	
1090.000000	0.687113	0.633217	0.645727	0.627295	0.496729	0.618016	0.633217	0.628216	
1100.000000	0.710530	0.667917	0.669096	0.658856	0.485890	0.638458	0.667917	0.638458	
1110.000000	0.703417	0.648278	0.659543	0.663678	0.482824	0.631548	0.659543	0.638458	
1120.000000	0.722058	0.671353	0.667841	0.638395	0.473396	0.634609	0.667841	0.638458	
1130.000000	0.699913	0.652852	0.660486	0.657568	0.503023	0.634768	0.657568	0.638458	
1140.000000	0.703794	0.638166	0.675248	0.648005	0.479602	0.628963	0.648005	0.638458	
1150.000000	0.712692	0.656389	0.683225	0.659021	0.491224	0.640510	0.659021	0.640510	
1160.000000	0.707314	0.666534	0.682372	0.664609	0.498985	0.643963	0.666534	0.643963	
1170.000000	0.699386	0.662217	0.680059	0.662073	0.475570	0.635861	0.662217	0.643963	
1180.000000	0.702154	0.664882	0.659480	0.670963	0.476979	0.634891	0.664882	0.643963	
1190.000000	0.669009	0.611656	0.626992	0.640767	0.517427	0.613170	0.626992	0.643963	
1200.000000	0.658916	0.625435	0.637974	0.648101	0.520437	0.618173	0.637974	0.643963	
1210.000000	0.691213	0.653838	0.639081	0.632887	0.514101	0.626224	0.639081	0.643963	
1220.000000	0.694162	0.619729	0.635400	0.621090	0.496510	0.613378	0.621090	0.643963	
1230.000000	0.688447	0.570644	0.605687	0.631913	0.500781	0.599494	0.605687	0.643963	
1240.000000	0.654906	0.586200	0.605365	0.650325	0.502852	0.599929	0.605365	0.643963	
1250.000000	0.701129	0.595311	0.637368	0.628006	0.493542	0.611071	0.628006	0.643963	
1260.000000	0.644176	0.556396	0.607490	0.611270	0.531233	0.590113	0.607490	0.643963	
1270.000000	0.686328	0.570723	0.594846	0.629753	0.517158	0.599762	0.594846	0.643963	
1280.000000	0.635696	0.553845	0.610257	0.625228	0.507235	0.586452	0.610257	0.643963	
1290.000000	0.673988	0.574563	0.596539	0.650812	0.508880	0.600956	0.596539	0.643963	
1300.000000	0.699861	0.588411	0.626804	0.653673	0.502022	0.614154	0.626804	0.643963	
1310.000000	0.628535	0.565374	0.613179	0.625477	0.481637	0.582840	0.613179	0.643963	
1320.000000	0.694487	0.558994	0.596344	0.628457	0.498929	0.595442	0.596344	0.643963	
1330.000000	0.657347	0.549796	0.599461	0.624857	0.490444	0.584381	0.599461	0.643963	
1340.000000	0.640025	0.533111	0.572838	0.631632	0.507119	0.576945	0.572838	0.643963	
1350.000000	0.628872	0.517223	0.558949	0.623377	0.507220	0.567128	0.558949	0.643963	
1360.000000	0.619765	0.512299	0.536743	0.616348	0.517504	0.560532	0.536743	0.643963	
1370.000000	0.631702	0.510662	0.565635	0.648788	0.550214	0.581400	0.565635	0.643963	
1380.000000	0.604596	0.498466	0.538570	0.631864	0.541377	0.562974	0.541377	0.643963	
1390.000000	0.633559	0.513795	0.542471	0.637474	0.533024	0.572065	0.542471	0.643963	
1400.000000	0.598597	0.502349	0.560398	0.632185	0.527436	0.564193	0.560398	0.643963	
1410.000000	0.608306	0.519762	0.540412	0.624157	0.571471	0.572822	0.571471	0.643963	
1420.000000	0.641156	0.543287	0.533640	0.606278	0.545013	0.573875	0.545013	0.643963	
1430.000000	0.626500	0.544717	0.550649	0.593699	0.546805	0.572474	0.550649	0.643963	
1440.000000	0.623257	0.507463	0.527370	0.588506	0.555923	0.560504	0.555923	0.643963	
1450.000000	0.610429	0.482484	0.515193	0.606859	0.559166	0.554826	0.559166	0.643963	
1460.000000	0.591953	0.459419	0.495415	0.578509	0.567288	0.538517	0.567288	0.643963	
1470.000000	0.593944	0.443648	0.498964	0.632313	0.567811	0.547336	0.567811	0.643963	
1480.000000	0.622047	0.481835	0.526884	0.606574	0.586872	0.564842	0.586872	0.643963	
1490.000000	0.611845	0.460556	0.512248	0.602775	0.573830	0.552251	0.573830	0.643963	
1500.000000	0.575697	0.435991	0.457896	0.592075	0.590975	0.530527	0.575697	0.643963	
1510.000000	0.574281	0.435483	0.497870	0.600116	0.582215	0.537993	0.574281	0.643963	
1520.000000	0.590226	0.429460	0.471750	0.616397	0.551758	0.531918	0.551758	0.643963	
1530.000000	0.558366	0.458228	0.502518	0.608986	0.553365	0.536293	0.553365	0.643963	
1540.000000	0.561912	0.436590	0.479926	0.630292	0.554632	0.532670	0.554632	0.643963	
1550.000000	0.591911	0.436172	0.495496	0.628356	0.562016	0.542790	0.562016	0.643963	
1560.000000	0.555051	0.433661	0.469371	0.591926	0.579964	0.525995	0.555051	0.643963	
1570.000000	0.550384	0.429052	0.476013	0.594208	0.562973	0.522526	0.550384	0.643963	
1580.000000	0.567412	0.433381	0.474332	0.589787	0.586001	0.530183	0.567412	0.643963	
1590.000000	0.581398	0.468179	0.517609	0.614855	0.565327	0.549474	0.565327	0.643963	
1600.000000	0.568505	0.420321	0.431161	0.619891	0.571076	0.522191	0.568505	0.643963	
1610.000000	0.588754	0.448175	0.482348	0.599268	0.566298	0.536969	0.566298	0.643963	
1620.000000	0.611025	0.475442	0.488385	0.610839	0.570457	0.551230	0.570457	0.643963	
1630.000000	0.566937	0.457831	0.450973	0.584569	0.579802	0.528023	0.566937	0.643963	
1640.000000	0.577947	0.494637	0.491949	0.603403	0.558215	0.545230	0.558215	0.643963	
1650.000000	0.561123	0.459102	0.451159	0.607751	0.597969	0.535421	0.561123	0.643963	
1660.000000	0.585206	0.488704	0.479325	0.606373	0.599504	0.551822	0.585206	0.643963	
1670.000000	0.562258	0.455372	0.453347	0.584172	0.580463	0.527123	0.562258	0.643963	
1680.000000	0.600564	0.465771	0.449136	0.603568	0.565111	0.536830	0.565111	0.643963	
1690.000000	0.576130	0.475972	0.440992	0.574248	0.574943	0.528457	0.574248	0.643963	
1700.000000	0.594406	0.499356	0.458106	0.593953	0.552429	0.539650	0.552429	0.643963	
1710.000000	0.575294	0.487285	0.496634	0.599280	0.555190	0.542737	0.555190	0.643963	
1720.000000	0.615968	0.525411	0.528968	0.622484	0.587566	0.576080	0.587566	0.643963	
1730.000000	0.598899	0.494074	0.482357	0.594673	0.560359	0.546072	0.560359	0.643963	
1740.000000	0.584859	0.488566	0.473641	0.579839	0.565022	0.538386	0.565022	0.643963	
1750.000000	0.617198	0.532080	0.542993	0.606171	0.574226	0.574534	0.574226	0.643963	
1760.000000	0.595730	0.514798	0.506727	0.599561	0.547730	0.552909	0.547730	0.643963	
1770.000000	0.576623	0.517098	0.512404	0.610527	0.561147	0.555560	0.561147	0.643963	
1780.000000	0.606867	0.537400	0.485861	0.630651	0.554712	0.563098	0.554712	0.643963	
1790.000000	0.625906	0.525583	0.489648	0.621476	0.574672	0.567457	0.574672	0.643963	
1800.000000	0.581266	0.538206	0.518972	0.625535	0.568050	0.566406	0.568050	0.643963	
1810.000000	0.582195	0.545486	0.507396	0.626911	0.585856	0.569569	0.582195	0.643963	
1820.000000	0.610269	0.552401	0.515394	0.634369	0.578936	0.578274	0.578936	0.643963	
1830.000000	0.570617	0.554503	0.541381	0.618860	0.567500	0.570572	0.567500	0.643963	
1840.000000	0.605899	0.574349	0.576502	0.649899	0.564600	0.594250	0.576502	0.643963	
1850.000000	0.603229	0.581131	0.560774	0.642377	0.555558	0.588614	0.581131	0.643963	
1860.000000	0.624751	0.568983	0.535790	0.610171	0.572111	0.582361	0.572111	0.643963	
1870.000000	0.577617	0.533895	0.532238	0.630210	0.549475	0.564687	0.549475	0.643963	
1880.000000	0.583363	0.548393	0.516749	0.638420	0.564520	0.570289	0.564520	0.643963	
1890.000000	0.585248	0.529557	0.489748	0.616755	0.558708	0.556003	0.558708	0.643963	
1900.000000	0.556771	0.505353	0.463919	0.608516	0.555137	0.537939	0.555137	0.643963	
1910.000000	0.568888	0.501506	0.511525	0.629438	0.563168	0.554905	0.563168	0.643963	
1920.000000	0.560762	0.508040	0.493341	0.623559	0.532818	0.543704	0.532818	0.643963	
1930.000000	0.556163	0.517843	0.520252	0.614969	0.547113	0.551268	0.547113	0.643963	
1940.000000	0.559386	0.505417	0.491751	0.613981	0.545441	0.543195	0.545441	0.643963	
1950.000000	0.565959	0.493630	0.464850	0.615626	0.527389	0.533491	0.527389	0.643963	
1960.000000	0.562658	0.503343	0.522916	0.620419	0.540411	0.549949	0.540411	0.643963	
1970.000000	0.576236	0.511484	0.504399	0.618985	0.534924	0.549206	0.534924	0.643963	
1980.000000	0.566002	0.486890	0.468795	0.590758	0.540328	0.530555	0.540328	0.643963	
1990.000000	0.558981	0.499826	0.488600	0.572807	0.543707	0.532784	0.543707	0.643963	
2000.000000	0.578065	0.497752	0.484049	0.565671	0.551974	0.535502	0.551974	0.643963	
2010.000000	0.575756	0.481009	0.478978	0.560598	0.531093	0.525487	0.531093	0.643963	
2020.000000	0.593562	0.493202	0.504375	0.570028	0.553524	0.542938	0.553524	0.643963	
2030.000000	0.567868	0.498811	0.520238	0.573572	0.537744	0.539647	0.537744	0.643963	
2040.000000	0.586296	0.479339	0.501793	0.572942	0.555752	0.539224	0.555752	0.643963	
2050.000000	0.617119	0.511120	0.521034	0.574889	0.556298	0.556092	0.556298	0.643963	
2060.000000	0.584275	0.491577	0.486697	0.572855	0.542620	0.535605	0.542620	0.643963	
2070.000000	0.567038	0.476036	0.497716	0.576101	0.545609	0.532500	0.545609	0.643963	
2080.000000	0.562232	0.449526	0.484343	0.593772	0.530313	0.524037	0.530313	0.643963	
2090.000000	0.585651	0.465275	0.499042	0.586159	0.563752	0.539976	0.563752	0.643963	
2100.000000	0.578550	0.503808	0.543404	0.587207	0.563304	0.555254	0.563304	0.643963	
2110.000000	0.545862	0.479374	0.475976	0.609434	0.560332	0.534196	0.545862	0.643963	
2120.000000	0.583526	0.463431	0.504629	0.585431	0.542044	0.535812	0.542044	0.643963	
2130.000000	0.589343	0.463208	0.476414	0.595978	0.540570	0.533103	0.540570	0.643963	
2140.000000	0.561252	0.438321	0.474792	0.595722	0.531078	0.520233	0.531078	0.643963	
2150.000000	0.587359	0.485227	0.524180	0.593217	0.518148	0.541626	0.524180	0.643963	
2160.000000	0.589503	0.494619	0.511185	0.581016	0.524242	0.540113	0.524242	0.643963	
2170.000000	0.606455	0.503336	0.529139	0.601722	0.499972	0.548124	0.529139	0.643963	
2180.000000	0.599940	0.516095	0.496443	0.599135	0.519243	0.546171	0.519243	0.643963	
2190.000000	0.583382	0.482848	0.504673	0.613971	0.530505	0.543076	0.530505	0.643963	
2200.000000	0.585799	0.524265	0.560354	0.601819	0.518452	0.558138	0.560354	0.643963	
2210.000000	0.618039	0.519482	0.540636	0.609781	0.532348	0.564057	0.540636	0.643963	
2220.000000	0.585854	0.495149	0.485808	0.594961	0.531483	0.538651	0.531483	0.643963	
2230.000000	0.625946	0.498311	0.511051	0.591882	0.496788	0.544796	0.511051	0.643963	
2240.000000	0.550662	0.471704	0.461921	0.587413	0.537605	0.521861	0.537605	0.643963	
2250.000000	0.579096	0.482709	0.481868	0.601070	0.524040	0.533757	0.524040	0.643963	
2260.000000	0.584428	0.501614	0.501723	0.576028	0.537576	0.540274	0.537576	0.643963	
2270.000000	0.594340	0.459215	0.484438	0.602235	0.515318	0.531109	0.515318	0.643963	
2280.000000	0.564131	0.458717	0.478976	0.577102	0.516506	0.519086	0.516506	0.643963	
2290.000000	0.607194	0.470852	0.474254	0.564128	0.497739	0.522833	0.497739	0.643963	
2300.000000	0.596368	0.436202	0.478207	0.572383	0.523446	0.521321	0.523446	0.643963	
2310.000000	0.554212	0.466032	0.504040	0.569668	0.478961	0.514582	0.504040	0.643963	
2320.000000	0.585625	0.483252	0.484379	0.549078	0.528015	0.526070	0.528015	0.643963	
2330.000000	0.588822	0.452840	0.511761	0.589487	0.504370	0.529456	0.511761	0.643963	
2340.000000	0.635094	0.480001	0.499201	0.568771	0.501756	0.536965	0.501756	0.643963	
2350.000000	0.622782	0.509209	0.506192	0.575445	0.503794	0.543484	0.509209	0.643963	
2360.000000	0.599655	0.485716	0.510364	0.562863	0.505315	0.532783	0.510364	0.643963	
2370.000000	0.621790	0.495495	0.498874	0.570995	0.484227	0.534276	0.498874	0.643963	
2380.000000	0.579982	0.467305	0.493659	0.582612	0.510383	0.526788	0.510383	0.643963	
2390.000000	0.573369	0.467756	0.468228	0.583312	0.514615	0.521456	0.514615	0.643963	
2400.000000	0.562484	0.460934	0.449324	0.585916	0.496295	0.510991	0.496295	0.643963	
2410.000000	0.531116	0.413640	0.438433	0.567664	0.523074	0.494785	0.523074	0.643963	
2420.000000	0.557614	0.456417	0.429600	0.581932	0.533083	0.511729	0.533083	0.643963	
2430.000000	0.547599	0.458590	0.456411	0.575561	0.526208	0.512874	0.526208	0.643963	
2440.000000	0.574297	0.474798	0.472889	0.577150	0.519902	0.523807	0.519902	0.643963	
2450.000000	0.562496	0.483476	0.455039	0.592963	0.519890	0.522773	0.519890	0.643963	
2460.000000	0.546364	0.440111	0.438948	0.591589	0.520581	0.507519	0.520581	0.643963	
2470.000000	0.572900	0.464246	0.495701	0.580377	0.523036	0.527252	0.523036	0.643963	
2480.000000	0.555454	0.454627	0.452981	0.589557	0.499216	0.510367	0.499216	0.643963	
2490.000000	0.552096	0.429240	0.434407	0.600307	0.532246	0.509659	0.532246	0.643963	
2500.000000	0.514009	0.427530	0.442866	0.575636	0.486215	0.489251	0.486215	0.643963	
2510.000000	0.572097	0.449084	0.445558	0.575074	0.487591	0.505881	0.487591	0.643963	
2520.000000	0.529959	0.464488	0.468348	0.568917	0.482490	0.502840	0.482490	0.643963	
2530.000000	0.535032	0.466732	0.449644	0.607448	0.504473	0.512666	0.504473	0.643963	
2540.000000	0.543678	0.479003	0.479841	0.584708	0.498581	0.517162	0.498581	0.643963	
2550.000000	0.555758	0.495260	0.478846	0.582644	0.490917	0.520685	0.495260	0.643963	
2560.000000	0.561756	0.519987	0.517358	0.596441	0.491758	0.537460	0.519987	0.643963	
2570.000000	0.572368	0.520993	0.544720	0.603081	0.493025	0.546837	0.544720	0.643963	
2580.000000	0.567274	0.519121	0.526322	0.600065	0.505149	0.543586	0.526322	0.643963	
2590.000000	0.599931	0.542979	0.530050	0.590293	0.475399	0.547730	0.542979	0.643963	
2600.000000	0.563690	0.538401	0.534798	0.607690	0.497122	0.548340	0.538401	0.643963	
2610.000000	0.586127	0.555125	0.550175	0.615199	0.482094	0.557744	0.555125	0.643963	
2620.000000	0.606689	0.554341	0.541445	0.593675	0.474129	0.554056	0.554341	0.643963	
2630.000000	0.597848	0.527192	0.560950	0.610209	0.456630	0.550566	0.560950	0.643963	
2640.000000	0.608521	0.545077	0.582677	0.589295	0.461585	0.557431	0.582677	0.643963	
2650.000000	0.613650	0.546878	0.587284	0.621577	0.471045	0.568087	0.587284	0.643963	
2660.000000	0.628907	0.555320	0.582528	0.595099	0.448475	0.562066	0.582528	0.643963	
2670.000000	0.642264	0.560519	0.614781	0.597071	0.455882	0.574103	0.597071	0.643963	
2680.000000	0.610210	0.532232	0.604383	0.587280	0.441248	0.555071	0.587280	0.643963	
2690.000000	0.638438	0.554818	0.592511	0.596475	0.458487	0.568146	0.592511	0.643963	
2700.000000	0.634753	0.510079	0.557877	0.612377	0.473137	0.557645	0.557877	0.643963	
2710.000000	0.591613	0.519922	0.570403	0.609677	0.466420	0.551607	0.570403	0.643963	
2720.000000	0.626389	0.522003	0.564135	0.600712	0.447666	0.552181	0.564135	0.643963	
2730.000000	0.608441	0.542970	0.583889	0.603031	0.448128	0.557292	0.583889	0.643963	
2740.000000	0.657644	0.588152	0.611149	0.598742	0.450262	0.581190	0.598742	0.643963	
2750.000000	0.664649	0.549508	0.609041	0.597161	0.428639	0.569800	0.597161	0.643963	
2760.000000	0.649819	0.554994	0.610487	0.608633	0.440595	0.572906	0.608633	0.643963	
2770.000000	0.637229	0.538460	0.589397	0.613623	0.429310	0.561604	0.589397	0.643963	
2780.000000	0.613732	0.510411	0.540363	0.622566	0.449447	0.547304	0.540363	0.643963	
2790.000000	0.626756	0.525280	0.568634	0.607748	0.453351	0.556354	0.568634	0.643963	
2800.000000	0.628031	0.519177	0.566966	0.606411	0.416521	0.547421	0.566966	0.643963	
2810.000000	0.643879	0.553740	0.573898	0.626606	0.408951	0.561415	0.573898	0.643963	
2820.000000	0.637168	0.555727	0.584380	0.627822	0.399893	0.560998	0.584380	0.643963	
2830.000000	0.649671	0.509559	0.593501	0.613039	0.422921	0.557738	0.593501	0.643963	
2840.000000	0.629096	0.533557	0.584993	0.617891	0.436395	0.560386	0.584993	0.643963	
2850.000000	0.596566	0.507237	0.536154	0.618259	0.446189	0.540881	0.536154	0.643963	
2860.000000	0.602388	0.477006	0.556101	0.619593	0.449234	0.540864	0.556101	0.643963	
2870.000000	0.625567	0.494106	0.550238	0.606758	0.456316	0.546597	0.550238	0.643963	
2880.000000	0.587849	0.470767	0.552747	0.616687	0.470281	0.539666	0.552747	0.643963	
2890.000000	0.612865	0.498384	0.574252	0.623656	0.481536	0.558139	0.574252	0.643963	
2900.000000	0.581547	0.467535	0.553450	0.614950	0.469702	0.537437	0.553450	0.643963	
2910.000000	0.615056	0.513011	0.535396	0.627110	0.490087	0.556132	0.535396	0.643963	
2920.000000	0.599460	0.500531	0.548472	0.605765	0.484519	0.547749	0.548472	0.643963	
2930.000000	0.626668	0.480093	0.525890	0.599806	0.477964	0.542084	0.525890	0.643963	
2940.000000	0.590064	0.479381	0.530257	0.593331	0.480860	0.534779	0.530257	0.643963	
2950.000000	0.583705	0.461270	0.534981	0.602899	0.475852	0.531742	0.534981	0.643963	
2960.000000	0.562150	0.424655	0.474059	0.604551	0.495237	0.512130	0.495237	0.643963	
2970.000000	0.544407	0.431690	0.484870	0.602727	0.501865	0.513112	0.501865	0.643963	
2980.000000	0.596057	0.450907	0.533123	0.601337	0.463901	0.529065	0.533123	0.643963	
2990.000000	0.593883	0.457432	0.499318	0.612775	0.472138	0.527109	0.499318	0.643963	
3000.000000	0.592900	0.467544	0.527177	0.590557	0.470275	0.529691	0.527177	0.643963	
3010.000000	0.579299	0.450965	0.510137	0.578070	0.492523	0.522199	0.510137	0.643963	
3020.000000	0.562497	0.426160	0.470634	0.599050	0.487047	0.509078	0.487047	0.643963	
3030.000000	0.582602	0.432594	0.484689	0.577219	0.482936	0.512008	0.484689	0.643963	
3040.000000	0.557920	0.405147	0.429277	0.564806	0.474983	0.486427	0.474983	0.643963	
3050.000000	0.555481	0.415848	0.460883	0.579194	0.442081	0.490697	0.460883	0.643963	
3060.000000	0.588021	0.419917	0.442250	0.579427	0.458620	0.497647	0.458620	0.643963	
3070.000000	0.563500	0.436569	0.480781	0.578238	0.498026	0.511422	0.498026	0.643963	
3080.000000	0.558851	0.443466	0.458687	0.564280	0.474099	0.499877	0.474099	0.643963	
3090.000000	0.590418	0.480014	0.508855	0.582285	0.468272	0.525969	0.508855	0.643963	
3100.000000	0.620127	0.500211	0.514326	0.566451	0.470901	0.534403	0.514326	0.643963	
3110.000000	0.591925	0.473459	0.515513	0.557743	0.465756	0.520879	0.515513	0.643963	
3120.000000	0.641512	0.515583	0.552845	0.594724	0.449030	0.550739	0.552845	0.643963	
3130.000000	0.635238	0.502727	0.537634	0.574740	0.452388	0.540546	0.537634	0.643963	
3140.000000	0.635259	0.501015	0.589218	0.573054	0.450037	0.549717	0.573054	0.643963	
3150.000000	0.667876	0.493125	0.555705	0.573163	0.431717	0.544317	0.555705	0.643963	
3160.000000	0.655043	0.474006	0.552368	0.570259	0.427018	0.535739	0.552368	0.643963	
3170.000000	0.651268	0.495725	0.571697	0.568464	0.440812	0.545593	0.568464	0.643963	
3180.000000	0.627362	0.496401	0.517939	0.560431	0.443060	0.529039	0.517939	0.643963	
3190.000000	0.655071	0.495119	0.547481	0.577245	0.439160	0.542815	0.547481	0.643963	
3200.000000	0.636791	0.496555	0.536318	0.578787	0.452055	0.540101	0.536318	0.643963	
3210.000000	0.619533	0.492105	0.565986	0.563399	0.457908	0.539786	0.563399	0.643963	
3220.000000	0.659621	0.517514	0.575058	0.581876	0.421542	0.551122	0.575058	0.643963	
3230.000000	0.649685	0.485195	0.555153	0.576920	0.430160	0.539423	0.555153	0.643963	
3240.000000	0.631478	0.510927	0.574591	0.557588	0.469170	0.548751	0.557588	0.643963	
3250.000000	0.637215	0.488725	0.562251	0.566574	0.460425	0.543038	0.562251	0.643963	
3260.000000	0.617412	0.507355	0.533662	0.545687	0.447237	0.530271	0.533662	0.643963	
3270.000000	0.683867	0.497433	0.583851	0.576191	0.496891	0.567646	0.576191	0.643963	
3280.000000	0.622723	0.508824	0.545263	0.550631	0.468857	0.539259	0.545263	0.643963	
3290.000000	0.640958	0.520636	0.549347	0.542575	0.498318	0.550367	0.542575	0.643963	
3300.000000	0.637253	0.508764	0.554032	0.565099	0.479749	0.548979	0.554032	0.643963	
3310.000000	0.613459	0.491355	0.536846	0.536971	0.478414	0.531409	0.536846	0.643963	
3320.000000	0.628314	0.498727	0.549453	0.558965	0.457985	0.538689	0.549453	0.643963	
3330.000000	0.629155	0.507604	0.510088	0.559516	0.469335	0.535140	0.510088	0.643963	
3340.000000	0.611700	0.480351	0.515318	0.532679	0.504373	0.528884	0.515318	0.643963	
3350.000000	0.569986	0.463370	0.496080	0.560509	0.505244	0.519038	0.505244	0.643963	
3360.000000	0.609635	0.470025	0.524085	0.550328	0.478844	0.526583	0.524085	0.643963	
3370.000000	0.627901	0.493728	0.495791	0.547947	0.496062	0.532286	0.496062	0.643963	
3380.000000	0.608153	0.452741	0.490386	0.561391	0.504086	0.523351	0.504086	0.643963	
3390.000000	0.607053	0.489883	0.503737	0.544158	0.483335	0.525633	0.503737	0.643963	
3400.000000	0.651912	0.485739	0.499297	0.555927	0.477593	0.534094	0.499297	0.643963	
3410.000000	0.634383	0.499028	0.508383	0.548303	0.475919	0.533203	0.508383	0.643963	
3420.000000	0.628340	0.481502	0.521276	0.526580	0.473972	0.526334	0.521276	0.643963	
3430.000000	0.630964	0.489723	0.520562	0.547135	0.485975	0.534872	0.520562	0.643963	
3440.000000	0.632156	0.508109	0.533650	0.544950	0.471858	0.538145	0.533650	0.643963	
3450.000000	0.642167	0.524253	0.539273	0.529567	0.463848	0.539822	0.529567	0.643963	
3460.000000	0.661279	0.547855	0.597626	0.552760	0.467797	0.565463	0.552760	0.643963	
3470.000000	0.642111	0.545939	0.581102	0.548526	0.477029	0.558941	0.548526	0.643963	
3480.000000	0.643684	0.528307	0.588034	0.551251	0.511098	0.564475	0.551251	0.643963	
3490.000000	0.637024	0.518888	0.541406	0.543148	0.507300	0.549553	0.541406	0.643963	
3500.000000	0.652854	0.482972	0.513945	0.545033	0.527106	0.544382	0.527106	0.643963	
3510.000000	0.655966	0.495410	0.545705	0.543633	0.502979	0.548739	0.543633	0.643963	
3520.000000	0.659293	0.490902	0.537070	0.538963	0.512158	0.547677	0.537070	0.643963	
3530.000000	0.638767	0.506596	0.560212	0.544611	0.523635	0.554764	0.544611	0.643963	
3540.000000	0.627985	0.499951	0.549435	0.517198	0.533695	0.545653	0.533695	0.643963	
3550.000000	0.638668	0.501515	0.508693	0.532139	0.530892	0.542382	0.530892	0.643963	
3560.000000	0.619261	0.485249	0.502677	0.527934	0.542189	0.535462	0.527934	0.643963	
3570.000000	0.621672	0.465308	0.528678	0.545776	0.524433	0.537174	0.528678	0.643963	
3580.000000	0.650517	0.477142	0.518396	0.524087	0.509733	0.535975	0.518396	0.643963	
3590.000000	0.604492	0.478061	0.485129	0.527081	0.520883	0.523129	0.520883	0.643963	
3600.000000	0.680078	0.499897	0.533650	0.551995	0.530777	0.559279	0.533650	0.643963	
3610.000000	0.643456	0.493942	0.533416	0.557251	0.517678	0.549149	0.533416	0.643963	
3620.000000	0.639144	0.491452	0.550507	0.546622	0.537989	0.553143	0.546622	0.643963	
3630.000000	0.628370	0.492382	0.531584	0.549860	0.520567	0.544553	0.531584	0.643963	
3640.000000	0.643489	0.492723	0.516723	0.541041	0.542470	0.547289	0.541041	0.643963	
3650.000000	0.654574	0.494607	0.544442	0.556144	0.519994	0.553952	0.544442	0.643963	
3660.000000	0.617252	0.483548	0.503129	0.537076	0.522782	0.532757	0.522782	0.643963	
3670.000000	0.638148	0.472426	0.513867	0.562083	0.512901	0.539885	0.513867	0.643963	
3680.000000	0.677159	0.516678	0.560920	0.549754	0.517412	0.564385	0.549754	0.643963	
3690.000000	0.654527	0.504926	0.517748	0.549795	0.546785	0.554756	0.546785	0.643963	
3700.000000	0.649626	0.496946	0.525641	0.562536	0.527853	0.552521	0.527853	0.643963	
3710.000000	0.643972	0.511418	0.537317	0.546392	0.502930	0.548406	0.537317	0.643963	
3720.000000	0.666222	0.500564	0.527250	0.552065	0.507748	0.550770	0.527250	0.643963	
3730.000000	0.642742	0.494964	0.544122	0.570874	0.494564	0.549453	0.544122	0.643963	
3740.000000	0.661447	0.508015	0.566387	0.544510	0.508877	0.557847	0.544510	0.643963	
3750.000000	0.669530	0.518082	0.559545	0.545498	0.477189	0.553969	0.545498	0.643963	
3760.000000	0.675194	0.526780	0.575044	0.558084	0.476007	0.562222	0.558084	0.643963	
3770.000000	0.668100	0.511343	0.553951	0.538464	0.489091	0.552190	0.538464	0.643963	
3780.000000	0.679534	0.523466	0.557986	0.531444	0.471940	0.552874	0.531444	0.643963	
3790.000000	0.648045	0.522426	0.557028	0.560177	0.495630	0.556661	0.557028	0.643963	
3800.000000	0.655549	0.520596	0.539708	0.533159	0.471846	0.544172	0.533159	0.643963	
3810.000000	0.662620	0.533325	0.573180	0.540726	0.455345	0.553039	0.540726	0.643963	
3820.000000	0.664738	0.531446	0.557083	0.543156	0.481826	0.555650	0.543156	0.643963	
3830.000000	0.669601	0.528843	0.578689	0.570673	0.441351	0.557831	0.570673	0.643963	
3840.000000	0.653217	0.546319	0.593930	0.556921	0.464176	0.562913	0.556921	0.643963	
3850.000000	0.642438	0.518914	0.555155	0.598590	0.471669	0.557353	0.555155	0.643963	
3860.000000	0.683739	0.533268	0.571889	0.597618	0.490155	0.575334	0.571889	0.643963	
3870.000000	0.664983	0.529728	0.559130	0.589148	0.473627	0.563323	0.559130	0.643963	
3880.000000	0.693472	0.529310	0.595557	0.562682	0.489127	0.574030	0.562682	0.643963	
3890.000000	0.680394	0.507534	0.571262	0.588595	0.492358	0.568029	0.571262	0.643963	
3900.000000	0.668246	0.482296	0.549442	0.575304	0.513100	0.557678	0.549442	0.643963	
3910.000000	0.608266	0.462879	0.515635	0.556902	0.504331	0.529603	0.515635	0.643963	
3920.000000	0.639109	0.464730	0.501417	0.563217	0.521346	0.537964	0.521346	0.643963	
3930.000000	0.623133	0.449443	0.506798	0.567517	0.522339	0.533846	0.522339	0.643963	
3940.000000	0.606285	0.478411	0.518598	0.564486	0.506972	0.534950	0.518598	0.643963	
3950.000000	0.625112	0.482171	0.535487	0.574398	0.510265	0.545487	0.535487	0.643963	
3960.000000	0.631864	0.452607	0.517485	0.564798	0.499860	0.533323	0.517485	0.643963	
3970.000000	0.624570	0.452640	0.512880	0.568999	0.499960	0.531810	0.512880	0.643963	
3980.000000	0.653601	0.508635	0.532097	0.572325	0.515354	0.556402	0.532097	0.643963	
3990.000000	0.616522	0.481065	0.499570	0.576489	0.509583	0.536646	0.509583	0.643963	
4000.000000	0.619509	0.473854	0.492633	0.545176	0.500155	0.526265	0.500155	0.643963	
4010.000000	0.635021	0.460216	0.516493	0.559702	0.521219	0.538530	0.521219	0.643963	
4020.000000	0.641854	0.444001	0.520790	0.541203	0.525283	0.534626	0.525283	0.643963	
4030.000000	0.620068	0.430963	0.499204	0.523516	0.534498	0.521650	0.523516	0.643963	
4040.000000	0.588833	0.413211	0.487447	0.527847	0.531367	0.509741	0.527847	0.643963	
4050.000000	0.597278	0.413295	0.481157	0.528474	0.539430	0.511927	0.528474	0.643963	
4060.000000	0.647621	0.447496	0.517101	0.539435	0.543539	0.539038	0.539435	0.643963	
4070.000000	0.639335	0.452894	0.513706	0.544415	0.538293	0.537729	0.538293	0.643963	
4080.000000	0.661403	0.477849	0.555402	0.549553	0.535420	0.555925	0.549553	0.643963	
4090.000000	0.665965	0.449291	0.522434	0.539205	0.528503	0.541079	0.528503	0.643963	
4100.000000	0.649850	0.443181	0.514983	0.531485	0.503888	0.528678	0.514983	0.643963	
4110.000000	0.637995	0.432409	0.499653	0.543289	0.525139	0.527697	0.525139	0.643963	
4120.000000	0.622812	0.465926	0.539881	0.522571	0.521872	0.534613	0.522571	0.643963	
4130.000000	0.663788	0.461855	0.519883	0.531294	0.538465	0.543057	0.531294	0.643963	
4140.000000	0.641420	0.438582	0.524068	0.525124	0.507766	0.527392	0.524068	0.643963	
4150.000000	0.630528	0.458783	0.508991	0.535639	0.507152	0.528219	0.508991	0.643963	
4160.000000	0.639104	0.455962	0.497675	0.517077	0.525588	0.527081	0.517077	0.643963	
4170.000000	0.664361	0.449692	0.554442	0.531737	0.525325	0.545111	0.531737	0.643963	
4180.000000	0.633243	0.450110	0.531168	0.541315	0.527938	0.536755	0.531168	0.643963	
4190.000000	0.651134	0.441330	0.496424	0.514556	0.507105	0.522110	0.507105	0.643963	
4200.000000	0.631975	0.430048	0.507169	0.508798	0.538683	0.523335	0.508798	0.643963	
4210.000000	0.626881	0.445109	0.475651	0.517554	0.545538	0.522147	0.517554	0.643963	
4220.000000	0.634364	0.439376	0.503464	0.504484	0.553511	0.527040	0.504484	0.643963	
4230.000000	0.599097	0.392768	0.476646	0.507521	0.546847	0.504576	0.507521	0.643963	
4240.000000	0.579649	0.403568	0.489218	0.492786	0.539814	0.501007	0.492786	0.643963	
4250.000000	0.610436	0.450693	0.505753	0.510399	0.509698	0.517396	0.509698	0.643963	
4260.000000	0.632065	0.432239	0.482503	0.502514	0.542346	0.518333	0.502514	0.643963	
4270.000000	0.616668	0.444710	0.491189	0.526759	0.523216	0.520508	0.523216	0.643963	
4280.000000	0.589522	0.453845	0.479333	0.527544	0.512625	0.512574	0.512625	0.643963	
4290.000000	0.644820	0.475667	0.528293	0.515738	0.524947	0.537893	0.524947	0.643963	
4300.000000	0.632922	0.492082	0.512112	0.523806	0.522342	0.536653	0.522342	0.643963	
4310.000000	0.598324	0.476438	0.498253	0.543083	0.526314	0.528482	0.526314	0.643963	
4320.000000	0.638932	0.480713	0.490486	0.531051	0.533875	0.535011	0.531051	0.643963	
4330.000000	0.631095	0.516794	0.494247	0.553358	0.512548	0.541609	0.516794	0.643963	
4340.000000	0.630307	0.547487	0.541525	0.540089	0.528683	0.557618	0.541525	0.643963	
4350.000000	0.655026	0.527222	0.545720	0.546515	0.530795	0.561056	0.545720	0.643963	
4360.000000	0.623128	0.559401	0.549618	0.549013	0.536864	0.563605	0.549618	0.643963	
4370.000000	0.640907	0.532315	0.534344	0.543667	0.517959	0.553838	0.534344	0.643963	
4380.000000	0.623347	0.569372	0.529786	0.554363	0.510064	0.557387	0.554363	0.643963	
4390.000000	0.635497	0.560159	0.531122	0.535385	0.534773	0.559387	0.535385	0.643963	
4400.000000	0.646552	0.565350	0.539268	0.541169	0.538884	0.566245	0.541169	0.643963	
4410.000000	0.661406	0.571545	0.579558	0.543140	0.526267	0.576383	0.571545	0.643963	
4420.000000	0.675724	0.573692	0.557334	0.556924	0.515823	0.575899	0.557334	0.643963	
4430.000000	0.657953	0.574060	0.568588	0.562236	0.535248	0.579617	0.568588	0.643963	
4440.000000	0.657630	0.597717	0.604607	0.563384	0.515103	0.587688	0.597717	0.643963	
4450.000000	0.665956	0.592963	0.574413	0.541283	0.532410	0.581405	0.574413	0.643963	
4460.000000	0.687525	0.596413	0.567142	0.554332	0.528901	0.586863	0.567142	0.643963	
4470.000000	0.688720	0.577816	0.580937	0.550030	0.548777	0.589256	0.577816	0.643963	
4480.000000	0.695882	0.602257	0.617993	0.548766	0.519926	0.596965	0.602257	0.643963	
4490.000000	0.703255	0.582303	0.590096	0.554678	0.546888	0.595444	0.582303	0.643963	
4500.000000	0.665327	0.579851	0.595560	0.530954	0.532531	0.580845	0.579851	0.643963	
4510.000000	0.667723	0.570020	0.590113	0.550946	0.518526	0.579465	0.570020	0.643963	
4520.000000	0.675847	0.548621	0.547307	0.559574	0.523198	0.570909	0.548621	0.643963	
4530.000000	0.695936	0.550146	0.616618	0.534978	0.546624	0.588860	0.550146	0.643963	
4540.000000	0.682151	0.575886	0.592450	0.555371	0.544998	0.590171	0.575886	0.643963	
4550.000000	0.665289	0.566301	0.572078	0.536695	0.524217	0.572916	0.566301	0.643963	
4560.000000	0.673842	0.576708	0.556086	0.565678	0.548530	0.584169	0.565678	0.643963	
4570.000000	0.668218	0.589176	0.569709	0.554882	0.518561	0.580109	0.569709	0.643963	
4580.000000	0.710075	0.580755	0.590528	0.541925	0.519651	0.588587	0.580755	0.643963	
4590.000000	0.684133	0.554590	0.587172	0.579655	0.541040	0.589318	0.579655	0.643963	
4600.000000	0.655165	0.533134	0.546589	0.552632	0.542298	0.565964	0.546589	0.643963	
4610.000000	0.699159	0.551266	0.591280	0.554039	0.558336	0.590816	0.558336	0.643963	
4620.000000	0.687474	0.547127	0.584233	0.561521	0.557834	0.587638	0.561521	0.643963	
4630.000000	0.690909	0.572848	0.592365	0.576508	0.529105	0.592347	0.576508	0.643963	
4640.000000	0.704826	0.564202	0.589983	0.572838	0.560958	0.598561	0.572838	0.643963	
4650.000000	0.688503	0.547442	0.556059	0.565913	0.536114	0.578806	0.556059	0.643963	
4660.000000	0.664236	0.548971	0.539266	0.580229	0.525277	0.571596	0.548971	0.643963	
4670.000000	0.678464	0.572766	0.573446	0.570074	0.536758	0.586302	0.572766	0.643963	
4680.000000	0.692530	0.546458	0.584924	0.590165	0.534991	0.589814	0.584924	0.643963	
4690.000000	0.678469	0.567979	0.573588	0.574725	0.541861	0.587324	0.573588	0.643963	
4700.000000	0.681545	0.573213	0.589629	0.568895	0.530886	0.588833	0.573213	0.643963	
4710.000000	0.673905	0.563485	0.585557	0.577366	0.527823	0.585627	0.577366	0.643963	
4720.000000	0.686420	0.580875	0.616144	0.578787	0.538831	0.600212	0.580875	0.643963	
4730.000000	0.702755	0.573929	0.615187	0.586048	0.528919	0.601367	0.586048	0.643963	
4740.000000	0.675302	0.570612	0.608547	0.575648	0.539899	0.594002	0.575648	0.643963	
4750.000000	0.673792	0.573109	0.617422	0.563951	0.508741	0.587403	0.573109	0.643963	
4760.000000	0.677727	0.567998	0.609568	0.561035	0.516225	0.586510	0.567998	0.643963	
4770.000000	0.679727	0.563444	0.597712	0.576702	0.502899	0.584097	0.576702	0.643963	
4780.000000	0.682474	0.570490	0.609698	0.585187	0.524586	0.594487	0.585187	0.643963	
4790.000000	0.685457	0.588448	0.612480	0.571913	0.506706	0.593001	0.588448	0.643963	
4800.000000	0.699572	0.568125	0.610995	0.586222	0.530508	0.599084	0.586222	0.643963	
4810.000000	0.686420	0.566053	0.611181	0.575869	0.518038	0.591512	0.575869	0.643963	
4820.000000	0.692631	0.583334	0.618084	0.585502	0.539398	0.603790	0.585502	0.643963	
4830.000000	0.669459	0.574340	0.600970	0.566085	0.520759	0.586323	0.574340	0.643963	
4840.000000	0.701760	0.584180	0.599060	0.561272	0.536182	0.596491	0.584180	0.643963	
4850.000000	0.664712	0.563156	0.590088	0.599377	0.535573	0.590581	0.590088	0.643963	
4860.000000	0.666225	0.543693	0.571710	0.574326	0.536973	0.578585	0.571710	0.643963	
4870.000000	0.673651	0.539660	0.589468	0.569648	0.530369	0.580559	0.569648	0.643963	
4880.000000	0.639159	0.535970	0.552933	0.578221	0.525788	0.566414	0.552933	0.643963	
4890.000000	0.661920	0.523962	0.565505	0.582770	0.545618	0.575955	0.565505	0.643963	
4900.000000	0.656162	0.534971	0.562931	0.562353	0.519837	0.567251	0.562353	0.643963	
4910.000000	0.651568	0.510344	0.557867	0.560429	0.556735	0.567388	0.557867	0.643963	
4920.000000	0.674123	0.554515	0.586478	0.582130	0.525100	0.584469	0.582130	0.643963	
4930.000000	0.645272	0.538746	0.575438	0.560136	0.542059	0.572330	0.560136	0.643963	
4940.000000	0.658641	0.566863	0.564506	0.563471	0.526447	0.575986	0.564506	0.643963	
4950.000000	0.667132	0.540902	0.574997	0.578485	0.535015	0.579306	0.574997	0.643963	
4960.000000	0.652951	0.539611	0.570608	0.589208	0.571346	0.584745	0.571346	0.643963	
4970.000000	0.673660	0.552556	0.581993	0.583417	0.549112	0.588148	0.581993	0.643963	
4980.000000	0.629327	0.533590	0.572706	0.586089	0.557163	0.575775	0.572706	0.643963	
4990.000000	0.634112	0.537428	0.572130	0.587106	0.569930	0.580141	0.572130	0.643963	
5000.000000	0.618852	0.548403	0.555334	0.589259	0.549003	0.572170	0.555334	0.643963	
