Epoch	AUC-12	AUC-13	AUC-14	AUC-15	AUC-16	AUC-Avg	AUC-Mid	AUC-Best	
1.000000	0.535093	0.712139	0.766913	0.518362	0.562228	0.618947	0.562228	0.618947	
10.000000	0.488439	0.574502	0.675125	0.573388	0.592806	0.580852	0.574502	0.618947	
20.000000	0.543728	0.512339	0.586685	0.615393	0.621756	0.575980	0.586685	0.618947	
30.000000	0.496786	0.464256	0.598068	0.616110	0.621431	0.559330	0.598068	0.618947	
40.000000	0.484269	0.456164	0.550617	0.614209	0.620687	0.545189	0.550617	0.618947	
50.000000	0.479156	0.417739	0.544127	0.572678	0.618061	0.526352	0.544127	0.618947	
60.000000	0.489179	0.421143	0.595025	0.603703	0.628801	0.547570	0.595025	0.618947	
70.000000	0.508729	0.439104	0.577069	0.621551	0.604862	0.550263	0.577069	0.618947	
80.000000	0.536270	0.460601	0.615756	0.587074	0.622237	0.564388	0.587074	0.618947	
90.000000	0.543947	0.494191	0.618526	0.631962	0.631030	0.583931	0.618526	0.618947	
100.000000	0.561381	0.508343	0.639059	0.617142	0.587661	0.582717	0.587661	0.618947	
110.000000	0.569797	0.492006	0.604239	0.611893	0.600618	0.575711	0.600618	0.618947	
120.000000	0.567811	0.500127	0.598313	0.634667	0.609437	0.582071	0.598313	0.618947	
130.000000	0.577066	0.541269	0.625949	0.626015	0.611599	0.596379	0.611599	0.618947	
140.000000	0.593812	0.528131	0.649382	0.615483	0.614092	0.600180	0.614092	0.618947	
150.000000	0.605061	0.579933	0.693970	0.623857	0.584905	0.617545	0.605061	0.618947	
160.000000	0.624306	0.604327	0.723719	0.654258	0.551853	0.631693	0.624306	0.631693	
170.000000	0.662639	0.614885	0.710324	0.650365	0.603013	0.648245	0.650365	0.648245	
180.000000	0.669038	0.622332	0.710948	0.673138	0.581007	0.651292	0.669038	0.651292	
190.000000	0.667709	0.604785	0.771759	0.643812	0.565093	0.650632	0.643812	0.651292	
200.000000	0.657038	0.625785	0.712527	0.667429	0.575841	0.647724	0.657038	0.651292	
210.000000	0.670958	0.624052	0.744800	0.645686	0.601045	0.657308	0.645686	0.657308	
220.000000	0.704530	0.637549	0.763722	0.661383	0.588479	0.671133	0.661383	0.671133	
230.000000	0.698511	0.658891	0.756859	0.646563	0.609785	0.674122	0.658891	0.674122	
240.000000	0.678777	0.670925	0.770525	0.654207	0.558182	0.666523	0.670925	0.674122	
250.000000	0.682966	0.647517	0.748300	0.685148	0.548028	0.662392	0.682966	0.674122	
260.000000	0.670715	0.665346	0.722129	0.660802	0.555137	0.654826	0.665346	0.674122	
270.000000	0.686946	0.683217	0.766698	0.656793	0.572820	0.673295	0.683217	0.674122	
280.000000	0.689238	0.684560	0.751593	0.682293	0.565460	0.674629	0.684560	0.674629	
290.000000	0.702093	0.666065	0.761445	0.701428	0.552136	0.676633	0.701428	0.676633	
300.000000	0.717527	0.670457	0.758178	0.689169	0.554201	0.677906	0.689169	0.677906	
310.000000	0.704991	0.691001	0.777421	0.708751	0.563507	0.689134	0.704991	0.689134	
320.000000	0.748259	0.699977	0.789603	0.687616	0.550807	0.695252	0.699977	0.695252	
330.000000	0.703846	0.684386	0.768664	0.675965	0.540195	0.674611	0.684386	0.695252	
340.000000	0.719912	0.703664	0.802917	0.696317	0.553997	0.695362	0.703664	0.695362	
350.000000	0.711682	0.659579	0.773396	0.675754	0.522001	0.668482	0.675754	0.695362	
360.000000	0.707735	0.696647	0.777313	0.675766	0.539885	0.679469	0.696647	0.695362	
370.000000	0.697635	0.694229	0.799523	0.687720	0.557302	0.687282	0.694229	0.695362	
380.000000	0.696662	0.680673	0.767008	0.684441	0.539218	0.673600	0.684441	0.695362	
390.000000	0.721087	0.697844	0.802339	0.710572	0.540473	0.694463	0.710572	0.695362	
400.000000	0.718208	0.697880	0.766424	0.680754	0.540671	0.680787	0.697880	0.695362	
410.000000	0.722912	0.705377	0.775663	0.710807	0.536049	0.690161	0.710807	0.695362	
420.000000	0.713225	0.666247	0.770704	0.695283	0.530963	0.675284	0.695283	0.695362	
430.000000	0.725983	0.703385	0.784720	0.688774	0.538798	0.688332	0.703385	0.695362	
440.000000	0.746617	0.713866	0.772651	0.705006	0.543883	0.696404	0.713866	0.696404	
450.000000	0.745088	0.719163	0.786073	0.699953	0.536388	0.697333	0.719163	0.697333	
460.000000	0.734474	0.715574	0.786733	0.728090	0.543757	0.701726	0.728090	0.701726	
470.000000	0.759629	0.706054	0.801904	0.716320	0.555710	0.707924	0.716320	0.707924	
480.000000	0.748846	0.712139	0.796582	0.715230	0.553820	0.705323	0.715230	0.707924	
490.000000	0.723269	0.707369	0.800019	0.725896	0.518650	0.695040	0.723269	0.707924	
500.000000	0.745665	0.693749	0.805358	0.743080	0.526618	0.702894	0.743080	0.707924	
510.000000	0.711844	0.702759	0.790287	0.737961	0.538722	0.696315	0.711844	0.707924	
520.000000	0.703883	0.712776	0.788106	0.725753	0.510156	0.688135	0.712776	0.707924	
530.000000	0.706465	0.666781	0.770672	0.733805	0.527897	0.681124	0.706465	0.707924	
540.000000	0.759337	0.706623	0.773171	0.734449	0.514420	0.697600	0.734449	0.707924	
550.000000	0.734057	0.689895	0.773955	0.729447	0.534764	0.692424	0.729447	0.707924	
560.000000	0.753270	0.714232	0.769258	0.721780	0.537629	0.699234	0.721780	0.707924	
570.000000	0.733004	0.697503	0.763305	0.715633	0.534085	0.688706	0.715633	0.707924	
580.000000	0.766490	0.696145	0.765037	0.711004	0.520701	0.691875	0.711004	0.707924	
590.000000	0.748239	0.675876	0.746385	0.724232	0.535434	0.686033	0.724232	0.707924	
600.000000	0.759706	0.682023	0.739443	0.705972	0.525127	0.682454	0.705972	0.707924	
610.000000	0.717327	0.682646	0.730483	0.696184	0.542982	0.673924	0.696184	0.707924	
620.000000	0.732756	0.663467	0.736497	0.701905	0.530913	0.673108	0.701905	0.707924	
630.000000	0.717998	0.653601	0.754468	0.729318	0.538072	0.678691	0.717998	0.707924	
640.000000	0.702180	0.640059	0.716091	0.700532	0.521305	0.656033	0.700532	0.707924	
650.000000	0.736349	0.640486	0.739939	0.704723	0.538807	0.672061	0.704723	0.707924	
660.000000	0.687528	0.644588	0.735847	0.737172	0.549283	0.670884	0.687528	0.707924	
670.000000	0.697971	0.638469	0.724760	0.727352	0.514122	0.660535	0.697971	0.707924	
680.000000	0.743191	0.648026	0.738766	0.714458	0.519245	0.672737	0.714458	0.707924	
690.000000	0.721077	0.621208	0.712256	0.720053	0.511065	0.657132	0.712256	0.707924	
700.000000	0.743457	0.655692	0.733197	0.713029	0.522723	0.673619	0.713029	0.707924	
710.000000	0.726404	0.661000	0.713504	0.718069	0.497137	0.663223	0.713504	0.707924	
720.000000	0.709762	0.650914	0.722229	0.710306	0.491696	0.656981	0.709762	0.707924	
730.000000	0.725441	0.666626	0.714019	0.700055	0.470286	0.655285	0.700055	0.707924	
740.000000	0.750737	0.667500	0.739577	0.707513	0.485473	0.670160	0.707513	0.707924	
750.000000	0.745778	0.684105	0.755454	0.704667	0.493545	0.676710	0.704667	0.707924	
760.000000	0.757532	0.716699	0.778821	0.735188	0.500084	0.697665	0.735188	0.707924	
770.000000	0.791982	0.688979	0.769961	0.719145	0.485018	0.691017	0.719145	0.707924	
780.000000	0.778015	0.698713	0.769273	0.714916	0.503395	0.692862	0.714916	0.707924	
790.000000	0.790698	0.685441	0.749128	0.701637	0.484375	0.682256	0.701637	0.707924	
800.000000	0.780039	0.693145	0.761705	0.724450	0.479035	0.687675	0.724450	0.707924	
810.000000	0.778821	0.706366	0.761437	0.705117	0.479336	0.686215	0.706366	0.707924	
820.000000	0.748021	0.678937	0.760196	0.725227	0.489333	0.680343	0.725227	0.707924	
830.000000	0.762112	0.708400	0.766671	0.695588	0.493926	0.685340	0.708400	0.707924	
840.000000	0.760253	0.700864	0.769236	0.699125	0.507881	0.687472	0.700864	0.707924	
850.000000	0.768137	0.716499	0.786203	0.738538	0.516703	0.705216	0.738538	0.707924	
860.000000	0.760114	0.709253	0.761923	0.710374	0.504396	0.689212	0.710374	0.707924	
870.000000	0.742218	0.684722	0.767868	0.720685	0.517973	0.686693	0.720685	0.707924	
880.000000	0.734507	0.690522	0.747401	0.707181	0.513136	0.678549	0.707181	0.707924	
890.000000	0.740670	0.715109	0.770575	0.709582	0.511631	0.689513	0.715109	0.707924	
900.000000	0.730016	0.711872	0.763664	0.725799	0.526282	0.691527	0.725799	0.707924	
910.000000	0.753565	0.720854	0.767546	0.713091	0.530405	0.697092	0.720854	0.707924	
920.000000	0.699409	0.713314	0.740547	0.706821	0.503667	0.672752	0.706821	0.707924	
930.000000	0.741400	0.702572	0.729162	0.688936	0.530656	0.678545	0.702572	0.707924	
940.000000	0.752453	0.703722	0.726442	0.680253	0.520658	0.676705	0.703722	0.707924	
950.000000	0.754752	0.713507	0.739069	0.680986	0.505294	0.678722	0.713507	0.707924	
960.000000	0.750014	0.695629	0.738370	0.684198	0.524781	0.678599	0.695629	0.707924	
970.000000	0.721777	0.676050	0.707285	0.681742	0.521591	0.661689	0.681742	0.707924	
980.000000	0.719221	0.679323	0.715788	0.692846	0.510067	0.663449	0.692846	0.707924	
990.000000	0.760421	0.686785	0.725820	0.705670	0.524693	0.680678	0.705670	0.707924	
1000.000000	0.732843	0.680894	0.727735	0.702334	0.523293	0.673420	0.702334	0.707924	
1010.000000	0.756517	0.696143	0.721194	0.690860	0.537461	0.680435	0.696143	0.707924	
1020.000000	0.752439	0.671108	0.726677	0.700086	0.516591	0.673380	0.700086	0.707924	
1030.000000	0.768377	0.711158	0.749612	0.680955	0.532038	0.688428	0.711158	0.707924	
1040.000000	0.763434	0.686378	0.743092	0.704170	0.508457	0.681106	0.704170	0.707924	
1050.000000	0.786538	0.677330	0.733803	0.709913	0.507530	0.683023	0.709913	0.707924	
1060.000000	0.738877	0.648088	0.721098	0.697364	0.509967	0.663079	0.697364	0.707924	
1070.000000	0.759212	0.679764	0.752523	0.689607	0.539197	0.684061	0.689607	0.707924	
1080.000000	0.768137	0.642970	0.741592	0.688338	0.524099	0.673027	0.688338	0.707924	
1090.000000	0.774166	0.630551	0.733654	0.679104	0.547219	0.672939	0.679104	0.707924	
1100.000000	0.777492	0.659311	0.722972	0.699631	0.547928	0.681467	0.699631	0.707924	
1110.000000	0.771567	0.650021	0.729687	0.690075	0.544974	0.677265	0.690075	0.707924	
1120.000000	0.782657	0.652906	0.742518	0.685334	0.548684	0.682420	0.685334	0.707924	
1130.000000	0.771605	0.613131	0.710331	0.680839	0.523423	0.659866	0.680839	0.707924	
1140.000000	0.771687	0.646559	0.748080	0.694694	0.544354	0.681075	0.694694	0.707924	
1150.000000	0.744649	0.634363	0.730893	0.698151	0.528523	0.667316	0.698151	0.707924	
1160.000000	0.755184	0.621446	0.730639	0.694045	0.506744	0.661612	0.694045	0.707924	
1170.000000	0.763455	0.630130	0.731558	0.699091	0.503120	0.665471	0.699091	0.707924	
1180.000000	0.746197	0.624446	0.712962	0.705505	0.501357	0.658093	0.705505	0.707924	
1190.000000	0.778520	0.659323	0.738454	0.682454	0.500046	0.671759	0.682454	0.707924	
1200.000000	0.754103	0.652718	0.734150	0.699495	0.509683	0.670030	0.699495	0.707924	
1210.000000	0.762793	0.665388	0.725090	0.668609	0.471601	0.658696	0.668609	0.707924	
1220.000000	0.766511	0.682240	0.741434	0.683021	0.488140	0.672269	0.683021	0.707924	
1230.000000	0.757733	0.652593	0.715094	0.676999	0.493439	0.659172	0.676999	0.707924	
1240.000000	0.750330	0.654272	0.706359	0.656751	0.502094	0.653961	0.656751	0.707924	
1250.000000	0.768158	0.673337	0.720290	0.675769	0.484599	0.664431	0.675769	0.707924	
1260.000000	0.762699	0.645889	0.741172	0.671651	0.493312	0.662945	0.671651	0.707924	
1270.000000	0.784233	0.646650	0.720295	0.677702	0.496590	0.665094	0.677702	0.707924	
1280.000000	0.771864	0.626938	0.706586	0.673783	0.508581	0.657550	0.673783	0.707924	
1290.000000	0.733600	0.607890	0.689964	0.666310	0.491088	0.637770	0.666310	0.707924	
1300.000000	0.695447	0.599932	0.671296	0.672523	0.503803	0.628600	0.671296	0.707924	
1310.000000	0.728522	0.631746	0.711457	0.682900	0.480107	0.646947	0.682900	0.707924	
1320.000000	0.736208	0.605358	0.678926	0.711970	0.481247	0.642742	0.678926	0.707924	
1330.000000	0.739780	0.609826	0.713150	0.702569	0.491729	0.651411	0.702569	0.707924	
1340.000000	0.765922	0.621378	0.695638	0.702806	0.479200	0.652989	0.695638	0.707924	
1350.000000	0.777808	0.630518	0.676043	0.716032	0.507876	0.661655	0.676043	0.707924	
1360.000000	0.715060	0.612379	0.698540	0.710708	0.488932	0.645124	0.698540	0.707924	
1370.000000	0.728506	0.617540	0.677482	0.707365	0.497733	0.645725	0.677482	0.707924	
1380.000000	0.715633	0.596218	0.675784	0.709279	0.492399	0.637863	0.675784	0.707924	
1390.000000	0.681817	0.557791	0.621919	0.691211	0.488480	0.608244	0.621919	0.707924	
1400.000000	0.696238	0.580017	0.633438	0.704630	0.500323	0.622929	0.633438	0.707924	
1410.000000	0.720102	0.573372	0.642430	0.704597	0.488619	0.625824	0.642430	0.707924	
1420.000000	0.735939	0.589448	0.683027	0.707523	0.494496	0.642087	0.683027	0.707924	
1430.000000	0.730923	0.609906	0.686371	0.722727	0.485600	0.647105	0.686371	0.707924	
1440.000000	0.753821	0.630046	0.692905	0.729481	0.484930	0.658237	0.692905	0.707924	
1450.000000	0.727864	0.625235	0.678508	0.719092	0.492715	0.648683	0.678508	0.707924	
1460.000000	0.721424	0.622293	0.650354	0.733872	0.465180	0.638625	0.650354	0.707924	
1470.000000	0.735522	0.647339	0.695088	0.731637	0.490999	0.660117	0.695088	0.707924	
1480.000000	0.737607	0.604282	0.675369	0.715223	0.498020	0.646100	0.675369	0.707924	
1490.000000	0.718363	0.629681	0.661568	0.719164	0.498770	0.645509	0.661568	0.707924	
1500.000000	0.723330	0.635932	0.665129	0.710161	0.481244	0.643159	0.665129	0.707924	
1510.000000	0.719346	0.614279	0.654516	0.717057	0.475402	0.636120	0.654516	0.707924	
1520.000000	0.732008	0.590311	0.649699	0.711672	0.495202	0.635778	0.649699	0.707924	
1530.000000	0.753509	0.563413	0.623521	0.699731	0.474720	0.622979	0.623521	0.707924	
1540.000000	0.748876	0.567735	0.616210	0.701312	0.494989	0.625824	0.616210	0.707924	
1550.000000	0.713802	0.568065	0.617155	0.698931	0.483967	0.616384	0.617155	0.707924	
1560.000000	0.745187	0.597649	0.673901	0.702899	0.489723	0.641872	0.673901	0.707924	
1570.000000	0.728280	0.623457	0.666233	0.711054	0.474950	0.640795	0.666233	0.707924	
1580.000000	0.736170	0.625209	0.681727	0.713591	0.452930	0.641925	0.681727	0.707924	
1590.000000	0.745210	0.610439	0.680684	0.720286	0.466004	0.644525	0.680684	0.707924	
1600.000000	0.744770	0.619001	0.682936	0.686025	0.447902	0.636127	0.682936	0.707924	
1610.000000	0.765882	0.622036	0.683205	0.690598	0.472041	0.646752	0.683205	0.707924	
1620.000000	0.763392	0.666433	0.737960	0.711551	0.464267	0.668721	0.711551	0.707924	
1630.000000	0.757462	0.645478	0.703225	0.703676	0.458109	0.653590	0.703225	0.707924	
1640.000000	0.791928	0.649410	0.734220	0.720885	0.455194	0.670328	0.720885	0.707924	
1650.000000	0.784382	0.688716	0.735693	0.700522	0.464589	0.674780	0.700522	0.707924	
1660.000000	0.798607	0.641570	0.711544	0.691301	0.468482	0.662301	0.691301	0.707924	
1670.000000	0.782970	0.633907	0.714413	0.695801	0.467924	0.659003	0.695801	0.707924	
1680.000000	0.745515	0.657216	0.686280	0.686931	0.461175	0.647424	0.686280	0.707924	
1690.000000	0.788003	0.638083	0.719704	0.697780	0.476660	0.664046	0.697780	0.707924	
1700.000000	0.781528	0.659697	0.746197	0.703630	0.463529	0.670916	0.703630	0.707924	
1710.000000	0.783097	0.632796	0.728260	0.708053	0.463963	0.663234	0.708053	0.707924	
1720.000000	0.790837	0.636463	0.723297	0.702770	0.456405	0.661954	0.702770	0.707924	
1730.000000	0.741758	0.618000	0.690597	0.708945	0.464654	0.644791	0.690597	0.707924	
1740.000000	0.781052	0.646601	0.732496	0.703298	0.481849	0.669059	0.703298	0.707924	
1750.000000	0.778635	0.665416	0.731687	0.705611	0.469651	0.670200	0.705611	0.707924	
1760.000000	0.774974	0.641950	0.756065	0.697497	0.463951	0.666887	0.697497	0.707924	
1770.000000	0.773160	0.656523	0.723894	0.701341	0.468771	0.664738	0.701341	0.707924	
1780.000000	0.790114	0.678345	0.754761	0.692718	0.480296	0.679247	0.692718	0.707924	
1790.000000	0.804339	0.664997	0.744428	0.689699	0.486501	0.677993	0.689699	0.707924	
1800.000000	0.773313	0.648689	0.748061	0.691477	0.480975	0.668503	0.691477	0.707924	
1810.000000	0.765121	0.659985	0.729955	0.690690	0.456461	0.660443	0.690690	0.707924	
1820.000000	0.767576	0.631098	0.712488	0.692408	0.488929	0.658500	0.692408	0.707924	
1830.000000	0.745316	0.636947	0.712085	0.686546	0.485122	0.653203	0.686546	0.707924	
1840.000000	0.783232	0.674514	0.739223	0.686645	0.454739	0.667671	0.686645	0.707924	
1850.000000	0.761144	0.648882	0.740329	0.722819	0.489960	0.672627	0.722819	0.707924	
1860.000000	0.757417	0.659137	0.755965	0.722749	0.462870	0.671628	0.722749	0.707924	
1870.000000	0.755789	0.685272	0.755005	0.715417	0.470216	0.676340	0.715417	0.707924	
1880.000000	0.752512	0.642819	0.708157	0.738630	0.442620	0.656947	0.708157	0.707924	
1890.000000	0.735301	0.644884	0.703550	0.713213	0.440131	0.647416	0.703550	0.707924	
1900.000000	0.750770	0.661190	0.721008	0.718454	0.469377	0.664160	0.718454	0.707924	
1910.000000	0.767112	0.690306	0.749250	0.716962	0.431015	0.670929	0.716962	0.707924	
1920.000000	0.748996	0.671225	0.727706	0.707421	0.439343	0.658938	0.707421	0.707924	
1930.000000	0.757393	0.658506	0.743468	0.701404	0.441248	0.660404	0.701404	0.707924	
1940.000000	0.761724	0.666325	0.731187	0.704131	0.464498	0.665573	0.704131	0.707924	
1950.000000	0.727889	0.632082	0.695059	0.703496	0.456602	0.643025	0.695059	0.707924	
1960.000000	0.744496	0.614958	0.716684	0.729115	0.443383	0.649727	0.716684	0.707924	
1970.000000	0.727637	0.604162	0.682035	0.714768	0.448186	0.635357	0.682035	0.707924	
1980.000000	0.739396	0.591727	0.668657	0.713753	0.440681	0.630843	0.668657	0.707924	
1990.000000	0.709441	0.598262	0.673051	0.735326	0.457680	0.634752	0.673051	0.707924	
2000.000000	0.722821	0.599678	0.702808	0.725915	0.449069	0.640058	0.702808	0.707924	
2010.000000	0.730454	0.617082	0.695856	0.732044	0.461665	0.647420	0.695856	0.707924	
2020.000000	0.706065	0.579984	0.673845	0.718835	0.427948	0.621335	0.673845	0.707924	
2030.000000	0.733981	0.587858	0.698369	0.717263	0.447131	0.636921	0.698369	0.707924	
2040.000000	0.712214	0.606077	0.680369	0.724069	0.432189	0.630984	0.680369	0.707924	
2050.000000	0.708876	0.596599	0.662042	0.715112	0.421625	0.620851	0.662042	0.707924	
2060.000000	0.736102	0.589982	0.683086	0.730934	0.436094	0.635239	0.683086	0.707924	
2070.000000	0.743321	0.605649	0.695130	0.728466	0.435580	0.641629	0.695130	0.707924	
2080.000000	0.702726	0.578157	0.684849	0.737101	0.431348	0.626836	0.684849	0.707924	
2090.000000	0.714997	0.603745	0.677145	0.723033	0.398177	0.623419	0.677145	0.707924	
2100.000000	0.705316	0.607559	0.684299	0.714123	0.441003	0.630460	0.684299	0.707924	
2110.000000	0.693005	0.580844	0.639010	0.729759	0.428498	0.614223	0.639010	0.707924	
2120.000000	0.675882	0.564343	0.621574	0.733102	0.450953	0.609171	0.621574	0.707924	
2130.000000	0.700632	0.556631	0.636020	0.721313	0.436877	0.610294	0.636020	0.707924	
2140.000000	0.725457	0.567856	0.653974	0.720254	0.428577	0.619224	0.653974	0.707924	
2150.000000	0.748478	0.593317	0.653343	0.721533	0.420767	0.627488	0.653343	0.707924	
2160.000000	0.707457	0.563958	0.640739	0.737506	0.427709	0.615474	0.640739	0.707924	
2170.000000	0.720955	0.588852	0.652750	0.712617	0.403866	0.615808	0.652750	0.707924	
2180.000000	0.727856	0.600843	0.648544	0.702661	0.409442	0.617869	0.648544	0.707924	
2190.000000	0.739374	0.579172	0.657701	0.703281	0.409640	0.617834	0.657701	0.707924	
2200.000000	0.739902	0.598786	0.671400	0.714959	0.420801	0.629169	0.671400	0.707924	
2210.000000	0.722328	0.571519	0.636655	0.689392	0.420733	0.608125	0.636655	0.707924	
2220.000000	0.738194	0.579061	0.630916	0.683498	0.428450	0.612024	0.630916	0.707924	
2230.000000	0.721110	0.599537	0.652381	0.678116	0.470301	0.624289	0.652381	0.707924	
2240.000000	0.742187	0.557524	0.621980	0.689821	0.484589	0.619220	0.621980	0.707924	
2250.000000	0.711081	0.551085	0.642923	0.679552	0.468875	0.610703	0.642923	0.707924	
2260.000000	0.711305	0.558043	0.620407	0.660499	0.465998	0.603250	0.620407	0.707924	
2270.000000	0.691165	0.574363	0.628313	0.668274	0.453088	0.603041	0.628313	0.707924	
2280.000000	0.696854	0.543338	0.624378	0.680289	0.481575	0.605287	0.624378	0.707924	
2290.000000	0.688706	0.577769	0.617571	0.675980	0.468969	0.605799	0.617571	0.707924	
2300.000000	0.690508	0.558452	0.647603	0.686192	0.443280	0.605207	0.647603	0.707924	
2310.000000	0.709340	0.585342	0.649665	0.681655	0.467453	0.618691	0.649665	0.707924	
2320.000000	0.704069	0.558078	0.622681	0.691208	0.478666	0.610940	0.622681	0.707924	
2330.000000	0.700238	0.534588	0.650109	0.698342	0.463985	0.609453	0.650109	0.707924	
2340.000000	0.730544	0.543662	0.626687	0.680691	0.512196	0.618756	0.626687	0.707924	
2350.000000	0.713910	0.553655	0.625734	0.691063	0.498167	0.616506	0.625734	0.707924	
2360.000000	0.729408	0.559679	0.640905	0.664876	0.518591	0.622692	0.640905	0.707924	
2370.000000	0.733911	0.550719	0.638140	0.674766	0.486938	0.616895	0.638140	0.707924	
2380.000000	0.720149	0.568263	0.682372	0.689673	0.495158	0.631123	0.682372	0.707924	
2390.000000	0.728833	0.572682	0.643755	0.682017	0.475936	0.620645	0.643755	0.707924	
2400.000000	0.756437	0.584119	0.653411	0.682489	0.470186	0.629328	0.653411	0.707924	
2410.000000	0.726492	0.579284	0.646436	0.698313	0.473432	0.624791	0.646436	0.707924	
2420.000000	0.728386	0.572327	0.665303	0.684026	0.470094	0.624027	0.665303	0.707924	
2430.000000	0.729830	0.587804	0.650801	0.687042	0.484463	0.627988	0.650801	0.707924	
2440.000000	0.736319	0.575432	0.643031	0.679237	0.510681	0.628940	0.643031	0.707924	
2450.000000	0.721424	0.593345	0.647760	0.701276	0.491673	0.631095	0.647760	0.707924	
2460.000000	0.789334	0.621333	0.684312	0.681389	0.449683	0.645210	0.681389	0.707924	
2470.000000	0.775966	0.599540	0.685780	0.687127	0.442243	0.638131	0.685780	0.707924	
2480.000000	0.743205	0.596895	0.678772	0.680921	0.439851	0.627929	0.678772	0.707924	
2490.000000	0.765291	0.613091	0.696764	0.686308	0.451086	0.642508	0.686308	0.707924	
2500.000000	0.733891	0.592957	0.645803	0.679087	0.448815	0.620110	0.645803	0.707924	
2510.000000	0.743865	0.613370	0.669465	0.674078	0.472744	0.634704	0.669465	0.707924	
2520.000000	0.733145	0.597374	0.667754	0.687815	0.473648	0.631947	0.667754	0.707924	
2530.000000	0.736639	0.586374	0.656172	0.682709	0.487561	0.629891	0.656172	0.707924	
2540.000000	0.721563	0.598868	0.637422	0.678804	0.476645	0.622660	0.637422	0.707924	
2550.000000	0.735374	0.580189	0.641137	0.706750	0.463101	0.625310	0.641137	0.707924	
2560.000000	0.734754	0.598238	0.644061	0.691104	0.458579	0.625347	0.644061	0.707924	
2570.000000	0.718231	0.577542	0.662457	0.699202	0.477475	0.626981	0.662457	0.707924	
2580.000000	0.730127	0.580659	0.639244	0.686747	0.475228	0.622401	0.639244	0.707924	
2590.000000	0.732186	0.596127	0.652597	0.698662	0.465038	0.628922	0.652597	0.707924	
2600.000000	0.710131	0.586792	0.655327	0.709739	0.458351	0.624068	0.655327	0.707924	
2610.000000	0.725540	0.609206	0.637117	0.688186	0.466273	0.625264	0.637117	0.707924	
2620.000000	0.745743	0.608731	0.655977	0.695508	0.487473	0.638686	0.655977	0.707924	
2630.000000	0.715105	0.599192	0.653392	0.694292	0.484558	0.629308	0.653392	0.707924	
2640.000000	0.704571	0.585145	0.643302	0.675175	0.460611	0.613761	0.643302	0.707924	
2650.000000	0.711357	0.593394	0.630916	0.677576	0.469755	0.616599	0.630916	0.707924	
2660.000000	0.715706	0.580320	0.660444	0.683099	0.496838	0.627282	0.660444	0.707924	
2670.000000	0.735963	0.606570	0.672286	0.674245	0.459480	0.629709	0.672286	0.707924	
2680.000000	0.688944	0.589356	0.631484	0.681430	0.475532	0.613349	0.631484	0.707924	
2690.000000	0.687234	0.611153	0.652809	0.682600	0.462445	0.619248	0.652809	0.707924	
2700.000000	0.708536	0.596693	0.658070	0.680318	0.465189	0.621761	0.658070	0.707924	
2710.000000	0.706897	0.629618	0.667655	0.690601	0.480367	0.635027	0.667655	0.707924	
2720.000000	0.737157	0.592784	0.654184	0.688508	0.490358	0.632598	0.654184	0.707924	
2730.000000	0.698846	0.595088	0.664340	0.666683	0.502246	0.625441	0.664340	0.707924	
2740.000000	0.703794	0.628979	0.666211	0.663357	0.497577	0.631984	0.663357	0.707924	
2750.000000	0.676893	0.586407	0.660620	0.672479	0.525245	0.624329	0.660620	0.707924	
2760.000000	0.693177	0.589345	0.640690	0.665748	0.525644	0.622921	0.640690	0.707924	
2770.000000	0.704922	0.593446	0.630724	0.664089	0.527484	0.624133	0.630724	0.707924	
2780.000000	0.698535	0.589044	0.624645	0.637855	0.517241	0.613464	0.624645	0.707924	
2790.000000	0.690558	0.581948	0.583876	0.656143	0.536019	0.609709	0.583876	0.707924	
2800.000000	0.668656	0.557928	0.608865	0.662085	0.543477	0.608202	0.608865	0.707924	
2810.000000	0.657031	0.566034	0.592690	0.655053	0.566896	0.607541	0.592690	0.707924	
2820.000000	0.687367	0.560744	0.618934	0.666547	0.567828	0.620284	0.618934	0.707924	
2830.000000	0.692558	0.564679	0.632107	0.665556	0.606167	0.632213	0.632107	0.707924	
2840.000000	0.707973	0.574709	0.619982	0.653849	0.578254	0.626953	0.619982	0.707924	
2850.000000	0.664632	0.530534	0.604173	0.656662	0.564334	0.604067	0.604173	0.707924	
2860.000000	0.666811	0.549335	0.591647	0.669248	0.586639	0.612736	0.591647	0.707924	
2870.000000	0.698612	0.567904	0.638201	0.683498	0.581630	0.633969	0.638201	0.707924	
2880.000000	0.691941	0.542319	0.595860	0.666126	0.576488	0.614547	0.595860	0.707924	
2890.000000	0.680210	0.511240	0.574658	0.661380	0.590641	0.603626	0.590641	0.707924	
2900.000000	0.671311	0.537666	0.605159	0.660210	0.556100	0.606089	0.605159	0.707924	
2910.000000	0.647153	0.529743	0.590393	0.646927	0.555935	0.594030	0.590393	0.707924	
2920.000000	0.633905	0.554740	0.583034	0.650582	0.573422	0.599136	0.583034	0.707924	
2930.000000	0.687294	0.578227	0.642371	0.662143	0.560492	0.626106	0.642371	0.707924	
2940.000000	0.656018	0.560629	0.620509	0.664391	0.550925	0.610495	0.620509	0.707924	
2950.000000	0.649798	0.561862	0.630242	0.663897	0.547375	0.610635	0.630242	0.707924	
2960.000000	0.672517	0.576167	0.639012	0.667262	0.551061	0.621204	0.639012	0.707924	
2970.000000	0.643333	0.550987	0.593317	0.662938	0.522565	0.594628	0.593317	0.707924	
2980.000000	0.611873	0.525909	0.552811	0.665787	0.565358	0.584347	0.565358	0.707924	
2990.000000	0.649845	0.519301	0.577127	0.685259	0.569532	0.600213	0.577127	0.707924	
3000.000000	0.639236	0.529707	0.577122	0.672632	0.565829	0.596905	0.577122	0.707924	
3010.000000	0.652602	0.531429	0.570857	0.702002	0.566490	0.604676	0.570857	0.707924	
3020.000000	0.646135	0.525428	0.562705	0.700740	0.542913	0.595584	0.562705	0.707924	
3030.000000	0.663718	0.548983	0.562642	0.699340	0.534844	0.601905	0.562642	0.707924	
3040.000000	0.621227	0.521282	0.549156	0.688171	0.552429	0.586453	0.552429	0.707924	
3050.000000	0.644514	0.547860	0.603848	0.688840	0.540957	0.605204	0.603848	0.707924	
3060.000000	0.674939	0.571370	0.577320	0.694144	0.549942	0.613543	0.577320	0.707924	
3070.000000	0.655333	0.571021	0.592690	0.694619	0.532366	0.609206	0.592690	0.707924	
3080.000000	0.634536	0.552149	0.589905	0.693624	0.568705	0.607784	0.589905	0.707924	
3090.000000	0.636878	0.529277	0.582880	0.685097	0.571545	0.601135	0.582880	0.707924	
3100.000000	0.633685	0.546359	0.571199	0.678128	0.542564	0.594387	0.571199	0.707924	
3110.000000	0.614055	0.529334	0.560346	0.684160	0.544726	0.586524	0.560346	0.707924	
3120.000000	0.646959	0.526746	0.594253	0.689867	0.540547	0.599674	0.594253	0.707924	
3130.000000	0.643986	0.528519	0.575755	0.687311	0.556694	0.598453	0.575755	0.707924	
3140.000000	0.631162	0.520373	0.601136	0.682464	0.562819	0.599591	0.601136	0.707924	
3150.000000	0.673585	0.537985	0.603672	0.680311	0.544496	0.608010	0.603672	0.707924	
3160.000000	0.659444	0.536968	0.580107	0.698747	0.558469	0.606747	0.580107	0.707924	
3170.000000	0.687815	0.557507	0.586834	0.696351	0.542762	0.614254	0.586834	0.707924	
3180.000000	0.643981	0.546977	0.521373	0.676280	0.570259	0.591774	0.570259	0.707924	
3190.000000	0.643842	0.530060	0.553082	0.677181	0.555936	0.592020	0.555936	0.707924	
3200.000000	0.637867	0.543789	0.564213	0.673480	0.569343	0.597739	0.569343	0.707924	
3210.000000	0.657974	0.567086	0.567904	0.687670	0.544933	0.605113	0.567904	0.707924	
3220.000000	0.642137	0.580417	0.598921	0.689208	0.530845	0.608305	0.598921	0.707924	
3230.000000	0.677529	0.591048	0.625670	0.671045	0.524840	0.618027	0.625670	0.707924	
3240.000000	0.672938	0.567107	0.625800	0.679976	0.562586	0.621682	0.625800	0.707924	
3250.000000	0.688282	0.612259	0.637732	0.673918	0.567149	0.635868	0.637732	0.707924	
3260.000000	0.672418	0.582806	0.617067	0.688072	0.528500	0.617773	0.617067	0.707924	
3270.000000	0.683120	0.594623	0.619066	0.691332	0.539888	0.625606	0.619066	0.707924	
3280.000000	0.690529	0.590567	0.619559	0.682328	0.570268	0.630650	0.619559	0.707924	
3290.000000	0.712056	0.597273	0.640014	0.676723	0.575454	0.640304	0.640014	0.707924	
3300.000000	0.623887	0.572130	0.586089	0.671905	0.556257	0.602054	0.586089	0.707924	
3310.000000	0.679131	0.593479	0.624725	0.696266	0.569913	0.632703	0.624725	0.707924	
3320.000000	0.639104	0.548830	0.605770	0.677498	0.568770	0.607995	0.605770	0.707924	
3330.000000	0.729331	0.601891	0.636047	0.670052	0.541773	0.635819	0.636047	0.707924	
3340.000000	0.689606	0.587581	0.621044	0.673285	0.535742	0.621451	0.621044	0.707924	
3350.000000	0.718553	0.590036	0.613567	0.670936	0.540172	0.626653	0.613567	0.707924	
3360.000000	0.673222	0.577560	0.595252	0.666809	0.520490	0.606667	0.595252	0.707924	
3370.000000	0.689535	0.589202	0.607326	0.685974	0.546286	0.623664	0.607326	0.707924	
3380.000000	0.682387	0.588333	0.609825	0.668565	0.514479	0.612718	0.609825	0.707924	
3390.000000	0.656664	0.593002	0.617734	0.684634	0.550217	0.620450	0.617734	0.707924	
3400.000000	0.688628	0.581258	0.603100	0.684719	0.520221	0.615585	0.603100	0.707924	
3410.000000	0.652932	0.571408	0.599251	0.680255	0.513673	0.603504	0.599251	0.707924	
3420.000000	0.712328	0.585237	0.609761	0.658135	0.531616	0.619415	0.609761	0.707924	
3430.000000	0.637988	0.578824	0.566431	0.647791	0.531368	0.592480	0.578824	0.707924	
3440.000000	0.628969	0.558224	0.561506	0.645507	0.523939	0.583629	0.561506	0.707924	
3450.000000	0.659025	0.566960	0.570723	0.644499	0.545402	0.597322	0.570723	0.707924	
3460.000000	0.602150	0.522184	0.512106	0.657892	0.508002	0.560467	0.522184	0.707924	
3470.000000	0.650359	0.546413	0.566323	0.661160	0.556463	0.596144	0.566323	0.707924	
3480.000000	0.646955	0.522144	0.553568	0.651325	0.524876	0.579773	0.553568	0.707924	
3490.000000	0.661514	0.530317	0.559469	0.664488	0.546797	0.592517	0.559469	0.707924	
3500.000000	0.649337	0.560598	0.591182	0.658466	0.525850	0.597087	0.591182	0.707924	
3510.000000	0.690181	0.552948	0.596064	0.652243	0.559916	0.610270	0.596064	0.707924	
3520.000000	0.665089	0.562612	0.592438	0.657006	0.551451	0.605719	0.592438	0.707924	
3530.000000	0.682813	0.563730	0.602226	0.648949	0.503109	0.600165	0.602226	0.707924	
3540.000000	0.701070	0.579970	0.590511	0.650863	0.523688	0.609220	0.590511	0.707924	
3550.000000	0.697390	0.563706	0.594723	0.662546	0.525717	0.608816	0.594723	0.707924	
3560.000000	0.675995	0.543949	0.602529	0.668471	0.513836	0.600956	0.602529	0.707924	
3570.000000	0.660638	0.553697	0.587545	0.637836	0.521834	0.592310	0.587545	0.707924	
3580.000000	0.673514	0.569698	0.598132	0.663408	0.507695	0.602490	0.598132	0.707924	
3590.000000	0.674047	0.536975	0.596649	0.644768	0.528367	0.596161	0.596649	0.707924	
3600.000000	0.645416	0.528227	0.541924	0.662119	0.554919	0.586521	0.554919	0.707924	
3610.000000	0.655187	0.527884	0.540815	0.641576	0.520366	0.577165	0.540815	0.707924	
3620.000000	0.653370	0.534083	0.579262	0.647203	0.518960	0.586576	0.579262	0.707924	
3630.000000	0.671197	0.522216	0.594517	0.639144	0.532209	0.591857	0.594517	0.707924	
3640.000000	0.657808	0.557707	0.600360	0.643836	0.547638	0.601470	0.600360	0.707924	
3650.000000	0.706661	0.566765	0.620739	0.647353	0.519616	0.612227	0.620739	0.707924	
3660.000000	0.730473	0.596383	0.634217	0.661061	0.513236	0.627074	0.634217	0.707924	
3670.000000	0.679958	0.555006	0.593921	0.647658	0.520764	0.599461	0.593921	0.707924	
3680.000000	0.689954	0.562078	0.616870	0.643172	0.530898	0.608594	0.616870	0.707924	
3690.000000	0.702168	0.539679	0.637068	0.633192	0.532008	0.608823	0.633192	0.707924	
3700.000000	0.676704	0.539270	0.589286	0.651246	0.491670	0.589635	0.589286	0.707924	
3710.000000	0.701358	0.552398	0.623431	0.643194	0.498776	0.603831	0.623431	0.707924	
3720.000000	0.671905	0.519764	0.599966	0.630210	0.504390	0.585247	0.599966	0.707924	
3730.000000	0.674835	0.515503	0.609781	0.628905	0.535626	0.592930	0.609781	0.707924	
3740.000000	0.677505	0.535885	0.593527	0.630302	0.537369	0.594918	0.593527	0.707924	
3750.000000	0.694890	0.528283	0.604333	0.630663	0.530363	0.597706	0.604333	0.707924	
3760.000000	0.700658	0.543322	0.650679	0.639350	0.523449	0.611491	0.639350	0.707924	
3770.000000	0.691507	0.558306	0.633177	0.636869	0.531784	0.610329	0.633177	0.707924	
3780.000000	0.714299	0.554710	0.613650	0.653777	0.518375	0.610962	0.613650	0.707924	
3790.000000	0.701862	0.556941	0.637454	0.655984	0.505746	0.611597	0.637454	0.707924	
3800.000000	0.698457	0.539667	0.646345	0.648663	0.527664	0.612159	0.646345	0.707924	
3810.000000	0.707276	0.552793	0.639972	0.643188	0.521080	0.612862	0.639972	0.707924	
3820.000000	0.720408	0.544060	0.629535	0.657146	0.520171	0.614264	0.629535	0.707924	
3830.000000	0.681157	0.550799	0.650422	0.656960	0.516201	0.611108	0.650422	0.707924	
3840.000000	0.720427	0.536005	0.615165	0.658067	0.514999	0.608933	0.615165	0.707924	
3850.000000	0.723205	0.544663	0.650837	0.641394	0.487399	0.609500	0.641394	0.707924	
3860.000000	0.749769	0.575174	0.678022	0.651003	0.498516	0.630497	0.651003	0.707924	
3870.000000	0.739068	0.565450	0.663141	0.639742	0.475056	0.616492	0.639742	0.707924	
3880.000000	0.741780	0.552941	0.653072	0.630247	0.503289	0.616266	0.630247	0.707924	
3890.000000	0.751319	0.559469	0.652879	0.629418	0.475077	0.613633	0.629418	0.707924	
3900.000000	0.753197	0.550428	0.678137	0.622305	0.487535	0.618320	0.622305	0.707924	
3910.000000	0.755431	0.551916	0.676176	0.617428	0.464436	0.613077	0.617428	0.707924	
3920.000000	0.733819	0.569947	0.666519	0.607409	0.489493	0.613438	0.607409	0.707924	
3930.000000	0.748424	0.566156	0.660369	0.606685	0.513980	0.619123	0.606685	0.707924	
3940.000000	0.746544	0.566675	0.678030	0.617406	0.507424	0.623216	0.617406	0.707924	
3950.000000	0.753006	0.583224	0.676847	0.623026	0.509151	0.629051	0.623026	0.707924	
3960.000000	0.728268	0.558285	0.660901	0.628711	0.504594	0.616152	0.628711	0.707924	
3970.000000	0.737928	0.578143	0.672191	0.626553	0.498832	0.622729	0.626553	0.707924	
3980.000000	0.748358	0.570316	0.672479	0.625891	0.489570	0.621323	0.625891	0.707924	
3990.000000	0.741949	0.595590	0.678442	0.637070	0.516494	0.633909	0.637070	0.707924	
4000.000000	0.730085	0.577128	0.668149	0.626795	0.509972	0.622426	0.626795	0.707924	
4010.000000	0.763234	0.606072	0.674363	0.631919	0.502036	0.635525	0.631919	0.707924	
4020.000000	0.742357	0.576536	0.678972	0.631681	0.509388	0.627787	0.631681	0.707924	
4030.000000	0.709412	0.579639	0.655520	0.625690	0.480387	0.610130	0.625690	0.707924	
4040.000000	0.729505	0.589996	0.688105	0.629990	0.503129	0.628145	0.629990	0.707924	
4050.000000	0.756931	0.592420	0.696332	0.646062	0.493628	0.637075	0.646062	0.707924	
4060.000000	0.762374	0.598626	0.695668	0.642738	0.506295	0.641140	0.642738	0.707924	
4070.000000	0.778494	0.612842	0.716325	0.622975	0.479501	0.642027	0.622975	0.707924	
4080.000000	0.783910	0.628862	0.722163	0.625986	0.460064	0.644197	0.628862	0.707924	
4090.000000	0.748732	0.618937	0.711958	0.644199	0.499620	0.644689	0.644199	0.707924	
4100.000000	0.750497	0.597592	0.694984	0.625736	0.497881	0.633338	0.625736	0.707924	
4110.000000	0.777782	0.615217	0.706365	0.622466	0.465085	0.637383	0.622466	0.707924	
4120.000000	0.743787	0.603095	0.683716	0.629447	0.472658	0.626541	0.629447	0.707924	
4130.000000	0.756199	0.617270	0.688865	0.623084	0.466146	0.630313	0.623084	0.707924	
4140.000000	0.775605	0.621885	0.684776	0.643376	0.479584	0.641045	0.643376	0.707924	
4150.000000	0.749305	0.597905	0.696628	0.613758	0.459001	0.623319	0.613758	0.707924	
4160.000000	0.739853	0.584285	0.675310	0.622779	0.453679	0.615181	0.622779	0.707924	
4170.000000	0.745064	0.581511	0.665725	0.623912	0.467259	0.616694	0.623912	0.707924	
4180.000000	0.740859	0.567321	0.680267	0.618615	0.477827	0.616978	0.618615	0.707924	
4190.000000	0.754253	0.567044	0.672550	0.616819	0.505554	0.623244	0.616819	0.707924	
4200.000000	0.727217	0.561291	0.664543	0.626650	0.492108	0.614362	0.626650	0.707924	
4210.000000	0.731596	0.573624	0.658031	0.604781	0.488226	0.611252	0.604781	0.707924	
4220.000000	0.721831	0.545988	0.644340	0.627549	0.488707	0.605683	0.627549	0.707924	
4230.000000	0.719054	0.531641	0.647326	0.632078	0.526674	0.611354	0.632078	0.707924	
4240.000000	0.734980	0.538820	0.658126	0.631279	0.512592	0.615160	0.631279	0.707924	
4250.000000	0.728016	0.531835	0.629828	0.608031	0.534737	0.606490	0.608031	0.707924	
4260.000000	0.720236	0.525965	0.644203	0.626759	0.541962	0.611825	0.626759	0.707924	
4270.000000	0.714128	0.529666	0.621066	0.639602	0.548598	0.610612	0.621066	0.707924	
4280.000000	0.685999	0.531427	0.622016	0.632514	0.539956	0.602382	0.622016	0.707924	
4290.000000	0.693316	0.545816	0.616838	0.612959	0.520488	0.597884	0.612959	0.707924	
4300.000000	0.700099	0.523781	0.618333	0.611874	0.512802	0.593378	0.611874	0.707924	
4310.000000	0.701136	0.523083	0.632200	0.624419	0.543734	0.604914	0.624419	0.707924	
4320.000000	0.678155	0.540717	0.587433	0.621798	0.508945	0.587410	0.587433	0.707924	
4330.000000	0.688315	0.527286	0.609454	0.602533	0.518331	0.589184	0.602533	0.707924	
4340.000000	0.706958	0.556316	0.636978	0.620526	0.547703	0.613696	0.620526	0.707924	
4350.000000	0.716688	0.543519	0.627857	0.616573	0.533054	0.607538	0.616573	0.707924	
4360.000000	0.708701	0.577981	0.645921	0.602875	0.555681	0.618232	0.602875	0.707924	
4370.000000	0.721416	0.556800	0.634171	0.598884	0.552836	0.612821	0.598884	0.707924	
4380.000000	0.741711	0.547144	0.648751	0.611648	0.563956	0.622642	0.611648	0.707924	
4390.000000	0.698716	0.516781	0.589316	0.611559	0.542139	0.591702	0.589316	0.707924	
4400.000000	0.713347	0.520631	0.630612	0.598079	0.551445	0.602823	0.598079	0.707924	
4410.000000	0.724024	0.551515	0.612048	0.599578	0.548146	0.607062	0.599578	0.707924	
4420.000000	0.728441	0.540087	0.631462	0.610030	0.526734	0.607351	0.610030	0.707924	
4430.000000	0.719855	0.565940	0.628971	0.605690	0.543502	0.612791	0.605690	0.707924	
4440.000000	0.721075	0.553023	0.643729	0.595768	0.523304	0.607380	0.595768	0.707924	
4450.000000	0.740533	0.568388	0.638665	0.600184	0.524495	0.614453	0.600184	0.707924	
4460.000000	0.727557	0.566743	0.643338	0.617847	0.547372	0.620572	0.617847	0.707924	
4470.000000	0.712935	0.574974	0.657718	0.603173	0.513363	0.612433	0.603173	0.707924	
4480.000000	0.731482	0.559152	0.649753	0.613415	0.526571	0.616074	0.613415	0.707924	
4490.000000	0.742103	0.564190	0.658578	0.601501	0.536675	0.620609	0.601501	0.707924	
4500.000000	0.721212	0.562893	0.647894	0.587794	0.528988	0.609756	0.587794	0.707924	
4510.000000	0.737308	0.523959	0.640217	0.590091	0.558023	0.609920	0.590091	0.707924	
4520.000000	0.763505	0.570950	0.653583	0.595545	0.522486	0.621214	0.595545	0.707924	
4530.000000	0.728306	0.586299	0.657491	0.588518	0.516612	0.615445	0.588518	0.707924	
4540.000000	0.717232	0.539625	0.611781	0.572795	0.530207	0.594328	0.572795	0.707924	
4550.000000	0.721714	0.567817	0.656008	0.585555	0.518357	0.609890	0.585555	0.707924	
4560.000000	0.753125	0.575193	0.654819	0.591387	0.535343	0.621973	0.591387	0.707924	
4570.000000	0.737113	0.555699	0.625443	0.576753	0.520472	0.603096	0.576753	0.707924	
4580.000000	0.734582	0.567100	0.657459	0.604486	0.531034	0.618932	0.604486	0.707924	
4590.000000	0.724939	0.588135	0.651570	0.578613	0.535818	0.615815	0.588135	0.707924	
4600.000000	0.722109	0.572200	0.662032	0.595470	0.550739	0.620510	0.595470	0.707924	
4610.000000	0.716582	0.581319	0.655869	0.596281	0.505838	0.611178	0.596281	0.707924	
4620.000000	0.732075	0.576283	0.665635	0.610301	0.531441	0.623147	0.610301	0.707924	
4630.000000	0.725031	0.563537	0.658629	0.595545	0.530540	0.614657	0.595545	0.707924	
4640.000000	0.734130	0.574420	0.662235	0.597669	0.506006	0.614892	0.597669	0.707924	
4650.000000	0.728032	0.568590	0.661719	0.622709	0.530656	0.622341	0.622709	0.707924	
4660.000000	0.710683	0.560474	0.628311	0.587430	0.531370	0.603654	0.587430	0.707924	
4670.000000	0.716172	0.585481	0.662868	0.600380	0.556112	0.624202	0.600380	0.707924	
4680.000000	0.673662	0.566213	0.638131	0.617002	0.546543	0.608310	0.617002	0.707924	
4690.000000	0.676073	0.566306	0.631399	0.622677	0.551445	0.609580	0.622677	0.707924	
4700.000000	0.666764	0.565430	0.637466	0.604609	0.556640	0.606182	0.604609	0.707924	
4710.000000	0.703433	0.593766	0.643714	0.627282	0.556957	0.625030	0.627282	0.707924	
4720.000000	0.679119	0.572719	0.621105	0.633146	0.560418	0.613302	0.621105	0.707924	
4730.000000	0.671240	0.557301	0.648270	0.637455	0.541021	0.611058	0.637455	0.707924	
4740.000000	0.693898	0.576209	0.658622	0.609757	0.536849	0.615067	0.609757	0.707924	
4750.000000	0.720533	0.619278	0.690812	0.613174	0.534708	0.635701	0.619278	0.707924	
4760.000000	0.711465	0.591419	0.672741	0.617719	0.529483	0.624565	0.617719	0.707924	
4770.000000	0.714363	0.600312	0.680738	0.606370	0.533277	0.627012	0.606370	0.707924	
4780.000000	0.721388	0.592569	0.682927	0.608364	0.541220	0.629294	0.608364	0.707924	
4790.000000	0.762104	0.637155	0.736521	0.613906	0.548607	0.659659	0.637155	0.707924	
4800.000000	0.735209	0.626189	0.715451	0.645846	0.526370	0.649813	0.645846	0.707924	
4810.000000	0.767819	0.621881	0.717429	0.637378	0.530095	0.654920	0.637378	0.707924	
4820.000000	0.751293	0.619875	0.684031	0.630576	0.532440	0.643643	0.630576	0.707924	
4830.000000	0.723488	0.630560	0.688296	0.627903	0.550039	0.644057	0.630560	0.707924	
4840.000000	0.770080	0.650886	0.721443	0.633959	0.519415	0.659156	0.650886	0.707924	
4850.000000	0.762294	0.625277	0.718003	0.649015	0.514952	0.653908	0.649015	0.707924	
4860.000000	0.775900	0.625984	0.731531	0.639609	0.530930	0.660791	0.639609	0.707924	
4870.000000	0.781498	0.632977	0.727019	0.648348	0.538943	0.665757	0.648348	0.707924	
4880.000000	0.746452	0.622978	0.721504	0.633904	0.532509	0.651469	0.633904	0.707924	
4890.000000	0.765587	0.616775	0.729469	0.624622	0.550923	0.657475	0.624622	0.707924	
4900.000000	0.756693	0.608376	0.722439	0.618421	0.531152	0.647416	0.618421	0.707924	
4910.000000	0.742925	0.578180	0.708988	0.626972	0.544590	0.640331	0.626972	0.707924	
4920.000000	0.751656	0.585683	0.696750	0.647782	0.548557	0.646086	0.647782	0.707924	
4930.000000	0.759806	0.587670	0.699236	0.653036	0.529451	0.645840	0.653036	0.707924	
4940.000000	0.729279	0.586966	0.686816	0.633841	0.514465	0.630273	0.633841	0.707924	
4950.000000	0.718340	0.554545	0.668522	0.638887	0.536752	0.623409	0.638887	0.707924	
4960.000000	0.759502	0.565785	0.689507	0.676510	0.536713	0.645603	0.676510	0.707924	
4970.000000	0.707858	0.577340	0.649882	0.662320	0.518712	0.623222	0.649882	0.707924	
4980.000000	0.724232	0.575564	0.677802	0.664537	0.537543	0.635936	0.664537	0.707924	
4990.000000	0.729578	0.565912	0.683362	0.660160	0.541448	0.636092	0.660160	0.707924	
5000.000000	0.721436	0.589002	0.679439	0.666596	0.517386	0.634772	0.666596	0.707924	
