Epoch	AUC-21	AUC-22	AUC-23	AUC-24	AUC-25	AUC-26	AUC-Avg	AUC-Mid	AUC-Best	
1.000000	0.513533	0.476835	0.485914	0.442300	0.533189	0.502813	0.492431	0.494364	0.492431	
10.000000	0.548766	0.503273	0.499165	0.530765	0.603972	0.523320	0.534877	0.527043	0.534877	
20.000000	0.579463	0.514871	0.535713	0.552798	0.647598	0.546609	0.562842	0.549704	0.562842	
30.000000	0.608706	0.537682	0.550836	0.575738	0.690462	0.550046	0.585578	0.563287	0.585578	
40.000000	0.606722	0.558857	0.572183	0.605516	0.718934	0.564041	0.604375	0.588850	0.604375	
50.000000	0.622546	0.541017	0.574827	0.612334	0.724155	0.565659	0.606756	0.593580	0.606756	
60.000000	0.628962	0.539969	0.587258	0.614613	0.732496	0.572851	0.612692	0.600936	0.612692	
70.000000	0.628432	0.542126	0.590670	0.627079	0.742448	0.575745	0.617750	0.608875	0.617750	
80.000000	0.633964	0.552435	0.585278	0.627206	0.745562	0.577817	0.620377	0.606242	0.620377	
90.000000	0.633317	0.557109	0.592547	0.631395	0.749211	0.590068	0.625608	0.611971	0.625608	
100.000000	0.637111	0.551220	0.595963	0.633792	0.754784	0.581731	0.625767	0.614877	0.625767	
110.000000	0.650802	0.561844	0.599250	0.641668	0.765038	0.582934	0.633589	0.620459	0.633589	
120.000000	0.649378	0.583267	0.597110	0.635564	0.752655	0.601950	0.636654	0.618757	0.636654	
130.000000	0.650464	0.591874	0.604173	0.641784	0.758508	0.607094	0.642316	0.624439	0.642316	
140.000000	0.651040	0.589615	0.605513	0.639545	0.753268	0.610772	0.641625	0.625158	0.642316	
150.000000	0.655060	0.590569	0.617491	0.639364	0.764289	0.612765	0.646590	0.628428	0.646590	
160.000000	0.654388	0.583534	0.616423	0.645476	0.764729	0.606770	0.645220	0.630949	0.646590	
170.000000	0.651559	0.607343	0.613874	0.649454	0.765742	0.613566	0.650256	0.631664	0.650256	
180.000000	0.654153	0.612445	0.611291	0.650184	0.764969	0.611481	0.650754	0.631314	0.650754	
190.000000	0.649658	0.605359	0.620915	0.656787	0.765554	0.614408	0.652113	0.635286	0.652113	
200.000000	0.669397	0.601851	0.626001	0.653380	0.775122	0.626570	0.658720	0.639975	0.658720	
210.000000	0.666632	0.594437	0.630570	0.660410	0.775550	0.623113	0.658452	0.645490	0.658720	
220.000000	0.668618	0.595863	0.625979	0.657740	0.779811	0.618258	0.657712	0.641860	0.658720	
230.000000	0.671700	0.595727	0.632050	0.655626	0.774600	0.613596	0.657216	0.643838	0.658720	
240.000000	0.668663	0.601045	0.632780	0.661023	0.779160	0.612399	0.659178	0.646901	0.659178	
250.000000	0.682281	0.617156	0.631456	0.657911	0.779783	0.631146	0.666622	0.644684	0.666622	
260.000000	0.675062	0.614713	0.619633	0.652818	0.785357	0.632588	0.663362	0.642703	0.666622	
270.000000	0.678852	0.613467	0.637163	0.669169	0.789766	0.630236	0.669776	0.653166	0.669776	
280.000000	0.675841	0.589763	0.632065	0.659376	0.779214	0.621728	0.659665	0.645720	0.669776	
290.000000	0.680115	0.603419	0.632932	0.667583	0.788244	0.636166	0.668077	0.651874	0.669776	
300.000000	0.679247	0.614986	0.633598	0.665975	0.789005	0.633990	0.669467	0.649983	0.669776	
310.000000	0.680494	0.600301	0.638345	0.657888	0.783079	0.630231	0.665057	0.648117	0.669776	
320.000000	0.680209	0.608220	0.639841	0.656777	0.789779	0.628034	0.667143	0.648309	0.669776	
330.000000	0.689259	0.590563	0.634411	0.661474	0.785596	0.626997	0.664717	0.647942	0.669776	
340.000000	0.682413	0.598249	0.633552	0.651087	0.781444	0.636001	0.663791	0.643544	0.669776	
350.000000	0.688224	0.610917	0.628718	0.645961	0.777562	0.631118	0.663750	0.638540	0.669776	
360.000000	0.687976	0.614713	0.626459	0.651087	0.776518	0.634383	0.665189	0.642735	0.669776	
370.000000	0.688559	0.615879	0.623291	0.650056	0.775159	0.637070	0.665002	0.643563	0.669776	
380.000000	0.693479	0.614180	0.625635	0.655073	0.775958	0.641457	0.667630	0.648265	0.669776	
390.000000	0.695006	0.616387	0.621678	0.655596	0.772901	0.640529	0.667016	0.648062	0.669776	
400.000000	0.699858	0.619455	0.626084	0.657879	0.779884	0.636195	0.669893	0.647037	0.669893	
410.000000	0.684295	0.605623	0.628430	0.659660	0.774946	0.627663	0.663436	0.644045	0.669893	
420.000000	0.678724	0.606215	0.629659	0.657770	0.770001	0.619149	0.660253	0.643715	0.669893	
430.000000	0.685670	0.602818	0.635197	0.666496	0.786325	0.623748	0.666709	0.650846	0.669893	
440.000000	0.685923	0.593173	0.635999	0.661171	0.781916	0.621251	0.663239	0.648585	0.669893	
450.000000	0.697774	0.608087	0.638346	0.670208	0.782853	0.629925	0.671199	0.654277	0.671199	
460.000000	0.697200	0.619672	0.636051	0.668728	0.784117	0.638834	0.674100	0.653781	0.674100	
470.000000	0.700222	0.604808	0.637055	0.668612	0.784199	0.632086	0.671163	0.652833	0.674100	
480.000000	0.694185	0.606289	0.645837	0.671529	0.784388	0.630295	0.672087	0.658683	0.674100	
490.000000	0.705134	0.605242	0.644759	0.664409	0.784369	0.634713	0.673104	0.654584	0.674100	
500.000000	0.699755	0.611564	0.644015	0.667152	0.784489	0.633479	0.673409	0.655584	0.674100	
510.000000	0.698257	0.609698	0.640552	0.666512	0.788967	0.632528	0.672752	0.653532	0.674100	
520.000000	0.683783	0.596706	0.643891	0.672947	0.784356	0.624252	0.667656	0.658419	0.674100	
530.000000	0.693620	0.600692	0.643719	0.671011	0.783023	0.632610	0.670779	0.657365	0.674100	
540.000000	0.702004	0.599359	0.648487	0.671270	0.785596	0.638278	0.674166	0.659879	0.674166	
550.000000	0.707528	0.608378	0.653822	0.681104	0.799813	0.646808	0.682909	0.667463	0.682909	
560.000000	0.704494	0.612909	0.649053	0.673789	0.785357	0.648309	0.678985	0.661421	0.682909	
570.000000	0.709333	0.598082	0.658409	0.677377	0.786652	0.648937	0.679799	0.667893	0.682909	
580.000000	0.706490	0.602914	0.652758	0.675841	0.796724	0.645977	0.680117	0.664300	0.682909	
590.000000	0.717235	0.597518	0.657383	0.682035	0.794881	0.653181	0.683705	0.669709	0.683705	
600.000000	0.716159	0.607145	0.658047	0.682140	0.794503	0.653743	0.685289	0.670093	0.685289	
610.000000	0.714749	0.613207	0.649083	0.679058	0.789986	0.655608	0.683615	0.667333	0.685289	
620.000000	0.713897	0.611211	0.648504	0.675385	0.792012	0.653591	0.682433	0.664488	0.685289	
630.000000	0.716353	0.608353	0.654968	0.679158	0.792836	0.653014	0.684114	0.667063	0.685289	
640.000000	0.719844	0.614862	0.653943	0.680425	0.791251	0.651993	0.685386	0.667184	0.685386	
650.000000	0.709896	0.601324	0.659622	0.683220	0.796535	0.653117	0.683952	0.671421	0.685386	
660.000000	0.715899	0.595510	0.665033	0.688459	0.796982	0.653702	0.685931	0.676746	0.685931	
670.000000	0.720546	0.612178	0.663628	0.686727	0.792893	0.662174	0.689691	0.675178	0.689691	
680.000000	0.725183	0.615655	0.662202	0.688776	0.802725	0.663514	0.693009	0.676145	0.693009	
690.000000	0.737388	0.611409	0.659612	0.689630	0.804216	0.667892	0.695025	0.678761	0.695025	
700.000000	0.731394	0.621978	0.653977	0.686625	0.800957	0.668016	0.693825	0.677320	0.695025	
710.000000	0.719319	0.624811	0.653513	0.686222	0.806795	0.664519	0.692530	0.675371	0.695025	
720.000000	0.724652	0.629398	0.665325	0.692142	0.781280	0.666905	0.693283	0.679523	0.695025	
730.000000	0.711531	0.628598	0.661540	0.688445	0.806015	0.658955	0.692514	0.674993	0.695025	
740.000000	0.716925	0.632392	0.658952	0.687511	0.806399	0.654193	0.692729	0.673232	0.695025	
750.000000	0.721035	0.646042	0.653735	0.689380	0.799467	0.662670	0.695388	0.676025	0.695388	
760.000000	0.717713	0.636954	0.652982	0.680483	0.798951	0.663494	0.691763	0.671989	0.695388	
770.000000	0.720728	0.645992	0.649307	0.686019	0.798171	0.662599	0.693802	0.674309	0.695388	
780.000000	0.725302	0.646742	0.655303	0.695151	0.803134	0.664145	0.698296	0.679648	0.698296	
790.000000	0.715585	0.638144	0.664370	0.698043	0.809437	0.660211	0.697632	0.681206	0.698296	
800.000000	0.713605	0.632237	0.662806	0.700208	0.812004	0.655196	0.696009	0.681507	0.698296	
810.000000	0.712617	0.636849	0.661409	0.699729	0.805493	0.663285	0.696564	0.681507	0.698296	
820.000000	0.703738	0.631127	0.658929	0.700316	0.803555	0.649083	0.691125	0.679622	0.698296	
830.000000	0.705881	0.631338	0.656753	0.696486	0.797976	0.657405	0.690973	0.676945	0.698296	
840.000000	0.722138	0.638684	0.660266	0.688147	0.801486	0.671036	0.696959	0.679591	0.698296	
850.000000	0.722499	0.639552	0.656759	0.688885	0.793119	0.670604	0.695236	0.679744	0.698296	
860.000000	0.727259	0.644300	0.666502	0.701276	0.808726	0.672299	0.703394	0.686788	0.703394	
870.000000	0.726756	0.643457	0.664736	0.699514	0.813602	0.676784	0.704141	0.688149	0.704141	
880.000000	0.720173	0.624414	0.671573	0.710217	0.806455	0.665842	0.699779	0.690895	0.704141	
890.000000	0.725701	0.631177	0.670591	0.711209	0.803235	0.669982	0.701983	0.690900	0.704141	
900.000000	0.726019	0.626559	0.669959	0.705438	0.802039	0.670432	0.700074	0.687935	0.704141	
910.000000	0.728868	0.619629	0.675569	0.705424	0.800731	0.663089	0.698885	0.690496	0.704141	
920.000000	0.726305	0.630495	0.680689	0.699049	0.813130	0.673534	0.703867	0.689869	0.704141	
930.000000	0.727654	0.628914	0.681483	0.709088	0.819282	0.668239	0.705777	0.695286	0.705777	
940.000000	0.732907	0.649420	0.678634	0.709231	0.816634	0.675048	0.710312	0.693933	0.710312	
950.000000	0.733180	0.652445	0.674966	0.707221	0.806934	0.678900	0.708941	0.693061	0.710312	
960.000000	0.726186	0.646757	0.669858	0.704843	0.810909	0.668501	0.704509	0.687351	0.710312	
970.000000	0.727622	0.640277	0.676034	0.701945	0.802725	0.670397	0.703167	0.688990	0.710312	
980.000000	0.727787	0.634822	0.677395	0.701614	0.807972	0.672840	0.703738	0.689505	0.710312	
990.000000	0.732658	0.636855	0.677631	0.701723	0.803700	0.669356	0.703654	0.689677	0.710312	
1000.000000	0.729103	0.634828	0.681245	0.698355	0.806858	0.671167	0.703593	0.689800	0.710312	
1010.000000	0.727097	0.643085	0.672662	0.702364	0.802423	0.672965	0.703433	0.687664	0.710312	
1020.000000	0.724172	0.648044	0.684762	0.709546	0.819068	0.668505	0.709016	0.697154	0.710312	
1030.000000	0.735094	0.641008	0.681545	0.711141	0.816627	0.671709	0.709521	0.696343	0.710312	
1040.000000	0.729410	0.638343	0.684273	0.712579	0.823233	0.668161	0.709333	0.698426	0.710312	
1050.000000	0.731034	0.643426	0.684118	0.706569	0.822616	0.670955	0.709786	0.695344	0.710312	
1060.000000	0.729835	0.642031	0.687871	0.708246	0.821723	0.669096	0.709800	0.698059	0.710312	
1070.000000	0.726832	0.623912	0.684144	0.700166	0.813136	0.664716	0.702151	0.692155	0.710312	
1080.000000	0.719116	0.634078	0.683665	0.702699	0.817225	0.666250	0.703839	0.693182	0.710312	
1090.000000	0.731324	0.646407	0.680003	0.702442	0.821062	0.667482	0.708120	0.691223	0.710312	
1100.000000	0.729728	0.633935	0.680490	0.701429	0.815747	0.671722	0.705509	0.690960	0.710312	
1110.000000	0.729073	0.631282	0.679724	0.703164	0.822767	0.675842	0.706975	0.691444	0.710312	
1120.000000	0.732773	0.652996	0.681976	0.708218	0.822572	0.678205	0.712790	0.695097	0.712790	
1130.000000	0.733436	0.638324	0.679073	0.704656	0.811658	0.676543	0.707282	0.691864	0.712790	
1140.000000	0.726363	0.636173	0.673193	0.696560	0.810752	0.673349	0.702732	0.684954	0.712790	
1150.000000	0.726764	0.644870	0.674738	0.701973	0.812167	0.680569	0.706847	0.691271	0.712790	
1160.000000	0.723365	0.644349	0.683157	0.707943	0.816955	0.674780	0.708425	0.695550	0.712790	
1170.000000	0.735310	0.641864	0.681295	0.704177	0.816602	0.675802	0.709175	0.692736	0.712790	
1180.000000	0.733607	0.632256	0.686671	0.711771	0.821207	0.670115	0.709271	0.699221	0.712790	
1190.000000	0.735927	0.644777	0.683473	0.715780	0.827529	0.676466	0.713992	0.699626	0.713992	
1200.000000	0.736722	0.649779	0.682034	0.712838	0.823635	0.679021	0.714005	0.697436	0.714005	
1210.000000	0.734365	0.662295	0.678144	0.716136	0.821163	0.678148	0.715042	0.697142	0.715042	
1220.000000	0.732741	0.658929	0.679724	0.715417	0.823207	0.680950	0.715161	0.698184	0.715161	
1230.000000	0.734730	0.657261	0.684891	0.720753	0.820572	0.682648	0.716809	0.702822	0.716809	
1240.000000	0.732583	0.663888	0.686299	0.723858	0.823132	0.680941	0.718450	0.705078	0.718450	
1250.000000	0.731785	0.657633	0.683312	0.721741	0.826265	0.674264	0.715833	0.702527	0.718450	
1260.000000	0.738893	0.649978	0.686670	0.719893	0.823491	0.676671	0.715933	0.703282	0.718450	
1270.000000	0.738925	0.646432	0.686636	0.728338	0.832511	0.682840	0.719280	0.707487	0.719280	
1280.000000	0.742029	0.646680	0.690511	0.722986	0.834694	0.682141	0.719840	0.706748	0.719840	
1290.000000	0.734194	0.640518	0.691303	0.725395	0.830379	0.678496	0.716714	0.708349	0.719840	
1300.000000	0.736720	0.646705	0.688963	0.724785	0.827095	0.676182	0.716742	0.706874	0.719840	
1310.000000	0.735069	0.646035	0.690931	0.724633	0.823843	0.673045	0.715592	0.707782	0.719840	
1320.000000	0.732807	0.649990	0.688969	0.720527	0.821937	0.675108	0.714890	0.704748	0.719840	
1330.000000	0.733127	0.644678	0.687440	0.727482	0.812444	0.671354	0.712754	0.707461	0.719840	
1340.000000	0.742635	0.646699	0.684679	0.728012	0.819490	0.683031	0.717424	0.706346	0.719840	
1350.000000	0.740160	0.646513	0.685204	0.725327	0.817618	0.686605	0.716904	0.705966	0.719840	
1360.000000	0.749244	0.647752	0.686126	0.721635	0.811262	0.686007	0.717004	0.703880	0.719840	
1370.000000	0.747428	0.646537	0.679449	0.720083	0.807707	0.686847	0.714675	0.703465	0.719840	
1380.000000	0.748616	0.652501	0.684595	0.723138	0.821188	0.690475	0.720086	0.706807	0.720086	
1390.000000	0.748574	0.657745	0.689282	0.722255	0.817879	0.686056	0.720298	0.705768	0.720298	
1400.000000	0.742770	0.653604	0.689423	0.725929	0.823730	0.687447	0.720484	0.707676	0.720484	
1410.000000	0.740177	0.653071	0.685973	0.724054	0.818559	0.684015	0.717641	0.705014	0.720484	
1420.000000	0.730176	0.651329	0.690845	0.718588	0.811897	0.685862	0.714783	0.704717	0.720484	
1430.000000	0.733127	0.660856	0.691917	0.723117	0.814853	0.679541	0.717236	0.707517	0.720484	
1440.000000	0.734245	0.652916	0.692211	0.720517	0.807827	0.677403	0.714186	0.706364	0.720484	
1450.000000	0.735880	0.657676	0.694257	0.723307	0.816627	0.676272	0.717337	0.708782	0.720484	
1460.000000	0.740245	0.656152	0.692791	0.725391	0.821484	0.677454	0.718919	0.709091	0.720484	
1470.000000	0.734100	0.662109	0.692221	0.721012	0.814564	0.681047	0.717509	0.706616	0.720484	
1480.000000	0.731680	0.659257	0.681406	0.714059	0.807078	0.677529	0.711835	0.697732	0.720484	
1490.000000	0.739808	0.655002	0.694357	0.721498	0.812601	0.677359	0.716771	0.707927	0.720484	
1500.000000	0.734224	0.645800	0.694735	0.719162	0.816521	0.685245	0.715948	0.706948	0.720484	
1510.000000	0.737535	0.661427	0.700552	0.733541	0.826976	0.692263	0.725382	0.717047	0.725382	
1520.000000	0.730291	0.651633	0.695177	0.726569	0.818200	0.677235	0.716518	0.710873	0.725382	
1530.000000	0.729532	0.665710	0.697667	0.728572	0.822522	0.674729	0.719789	0.713120	0.725382	
1540.000000	0.735478	0.668561	0.698664	0.729745	0.825353	0.682427	0.723371	0.714204	0.725382	
1550.000000	0.731601	0.675411	0.696794	0.726044	0.823402	0.683788	0.722840	0.711419	0.725382	
1560.000000	0.740087	0.678510	0.691996	0.722414	0.820647	0.684500	0.723026	0.707205	0.725382	
1570.000000	0.742447	0.666714	0.697425	0.725530	0.820905	0.676713	0.721622	0.711477	0.725382	
1580.000000	0.737911	0.663571	0.693907	0.725729	0.816432	0.689151	0.721117	0.709818	0.725382	
1590.000000	0.742221	0.675442	0.693116	0.725359	0.815074	0.683616	0.722471	0.709237	0.725382	
1600.000000	0.748471	0.666627	0.693927	0.723393	0.815590	0.694074	0.723680	0.708733	0.725382	
1610.000000	0.747739	0.667037	0.692430	0.726865	0.821446	0.688448	0.723994	0.709648	0.725382	
1620.000000	0.750306	0.665927	0.694658	0.727480	0.821956	0.697275	0.726267	0.712378	0.726267	
1630.000000	0.751798	0.673223	0.691260	0.732456	0.820056	0.695000	0.727299	0.713728	0.727299	
1640.000000	0.749397	0.680351	0.683893	0.724598	0.820367	0.692970	0.725263	0.708784	0.727299	
1650.000000	0.748394	0.683816	0.693209	0.736814	0.826328	0.693995	0.730426	0.715404	0.730426	
1660.000000	0.751864	0.679229	0.689175	0.727450	0.820817	0.691206	0.726624	0.709328	0.730426	
1670.000000	0.748755	0.675194	0.697767	0.739511	0.834675	0.693620	0.731587	0.718639	0.731587	
1680.000000	0.751823	0.670855	0.693458	0.733057	0.823509	0.690313	0.727169	0.713258	0.731587	
1690.000000	0.754109	0.678107	0.697977	0.740263	0.821440	0.690727	0.730437	0.719120	0.731587	
1700.000000	0.747780	0.679037	0.692215	0.735805	0.830674	0.697050	0.730427	0.716428	0.731587	
1710.000000	0.746928	0.677921	0.698377	0.736071	0.827422	0.695256	0.730329	0.717224	0.731587	
1720.000000	0.740745	0.693065	0.693001	0.731269	0.827686	0.693979	0.729958	0.712624	0.731587	
1730.000000	0.742904	0.684635	0.692419	0.730663	0.823912	0.686082	0.726769	0.711541	0.731587	
1740.000000	0.752700	0.680940	0.690855	0.724309	0.824491	0.696248	0.728257	0.710278	0.731587	
1750.000000	0.756537	0.679217	0.694220	0.727054	0.828473	0.693060	0.729760	0.710637	0.731587	
1760.000000	0.748885	0.678238	0.692676	0.726099	0.823811	0.693894	0.727267	0.709997	0.731587	
1770.000000	0.754222	0.685837	0.691834	0.728792	0.824654	0.695335	0.730112	0.712063	0.731587	
1780.000000	0.746286	0.677785	0.691434	0.729904	0.832511	0.695794	0.728952	0.712849	0.731587	
1790.000000	0.749017	0.680010	0.694792	0.734588	0.830045	0.694771	0.730537	0.714690	0.731587	
1800.000000	0.757147	0.681194	0.701414	0.741252	0.832590	0.702758	0.736059	0.722005	0.736059	
1810.000000	0.760653	0.676911	0.698934	0.733254	0.821251	0.698770	0.731629	0.716094	0.736059	
1820.000000	0.758054	0.680962	0.703388	0.731857	0.821232	0.704171	0.733277	0.718014	0.736059	
1830.000000	0.750306	0.667799	0.701562	0.731982	0.820031	0.701704	0.728897	0.716843	0.736059	
1840.000000	0.759616	0.665939	0.698254	0.732726	0.825183	0.696076	0.729632	0.715490	0.736059	
1850.000000	0.759251	0.661799	0.703041	0.735414	0.824648	0.700339	0.730749	0.719228	0.736059	
1860.000000	0.760909	0.666070	0.705288	0.739708	0.833285	0.699519	0.734130	0.722498	0.736059	
1870.000000	0.760706	0.679037	0.706069	0.739178	0.832159	0.700514	0.736277	0.722623	0.736277	
1880.000000	0.756624	0.691112	0.699161	0.735919	0.829561	0.704266	0.736107	0.720092	0.736277	
1890.000000	0.756951	0.689984	0.700305	0.733138	0.825422	0.704619	0.735070	0.718878	0.736277	
1900.000000	0.753584	0.696034	0.702934	0.727353	0.820043	0.707608	0.734593	0.717480	0.736277	
1910.000000	0.756938	0.685639	0.704884	0.732134	0.827554	0.706673	0.735637	0.719404	0.736277	
1920.000000	0.757412	0.680475	0.697164	0.731165	0.827026	0.704502	0.732957	0.717833	0.736277	
1930.000000	0.761654	0.662567	0.704836	0.737977	0.831234	0.703986	0.733709	0.721407	0.736277	
1940.000000	0.762917	0.667130	0.706065	0.738639	0.828800	0.700395	0.733991	0.722352	0.736277	
1950.000000	0.763395	0.670477	0.707357	0.736370	0.834625	0.702826	0.735842	0.721863	0.736277	
1960.000000	0.762793	0.671958	0.700875	0.737283	0.830467	0.705492	0.734811	0.721387	0.736277	
1970.000000	0.764737	0.676304	0.701519	0.732978	0.830196	0.711601	0.736223	0.722290	0.736277	
1980.000000	0.764573	0.679837	0.697827	0.734383	0.819691	0.710364	0.734446	0.722373	0.736277	
1990.000000	0.765140	0.670954	0.699033	0.731480	0.816690	0.704718	0.731336	0.718099	0.736277	
2000.000000	0.765456	0.673551	0.698860	0.727214	0.824038	0.704577	0.732283	0.715895	0.736277	
2010.000000	0.762398	0.665617	0.697417	0.732858	0.826001	0.709608	0.732316	0.721233	0.736277	
2020.000000	0.762168	0.664991	0.705036	0.736430	0.828768	0.707221	0.734102	0.721825	0.736277	
2030.000000	0.761530	0.668822	0.706249	0.738553	0.835940	0.706709	0.736300	0.722631	0.736300	
2040.000000	0.760241	0.664917	0.706338	0.733106	0.824409	0.704786	0.732299	0.719722	0.736300	
2050.000000	0.763011	0.667954	0.703768	0.737177	0.824422	0.702008	0.733057	0.720473	0.736300	
2060.000000	0.763241	0.671809	0.702425	0.737982	0.826466	0.703377	0.734217	0.720680	0.736300	
2070.000000	0.766147	0.676260	0.706946	0.740994	0.827045	0.705333	0.737121	0.723970	0.737121	
2080.000000	0.760898	0.680990	0.705857	0.741741	0.829504	0.709213	0.738034	0.725477	0.738034	
2090.000000	0.763753	0.675746	0.707731	0.743596	0.837204	0.710551	0.739764	0.727074	0.739764	
2100.000000	0.766540	0.671258	0.708793	0.743839	0.839041	0.701283	0.738459	0.726316	0.739764	
2110.000000	0.768162	0.661321	0.713154	0.746002	0.839217	0.704868	0.738787	0.729578	0.739764	
2120.000000	0.771772	0.670086	0.711726	0.748981	0.835330	0.711444	0.741556	0.730353	0.741556	
2130.000000	0.770159	0.666361	0.709128	0.748063	0.832178	0.708333	0.739037	0.728595	0.741556	
2140.000000	0.773131	0.668574	0.712538	0.748963	0.831933	0.713377	0.741419	0.731170	0.741556	
2150.000000	0.768646	0.662387	0.712397	0.745081	0.835235	0.710042	0.738965	0.728739	0.741556	
2160.000000	0.773385	0.666683	0.710436	0.750894	0.834562	0.714279	0.741707	0.732587	0.741707	
2170.000000	0.771348	0.665084	0.709021	0.746069	0.827969	0.716418	0.739318	0.731243	0.741707	
2180.000000	0.770985	0.667185	0.711072	0.738634	0.833423	0.709048	0.738391	0.724853	0.741707	
2190.000000	0.776685	0.665431	0.714573	0.738810	0.832593	0.713794	0.740314	0.726692	0.741707	
2200.000000	0.775340	0.669869	0.710771	0.739210	0.830253	0.708827	0.739045	0.724990	0.741707	
2210.000000	0.773772	0.669113	0.707848	0.737605	0.829127	0.712017	0.738247	0.724811	0.741707	
2220.000000	0.770993	0.676706	0.707450	0.737195	0.825415	0.708763	0.737754	0.722979	0.741707	
2230.000000	0.772547	0.670142	0.709800	0.738461	0.824654	0.711907	0.737918	0.725184	0.741707	
2240.000000	0.765868	0.680190	0.706730	0.738801	0.822377	0.709577	0.737257	0.724189	0.741707	
2250.000000	0.768490	0.679930	0.708960	0.740762	0.827020	0.714198	0.739893	0.727480	0.741707	
2260.000000	0.769086	0.681418	0.702500	0.734232	0.828982	0.711120	0.737890	0.722676	0.741707	
2270.000000	0.764974	0.679192	0.704561	0.733096	0.828397	0.706680	0.736150	0.719888	0.741707	
2280.000000	0.770445	0.675169	0.708672	0.738903	0.832537	0.703927	0.738276	0.723787	0.741707	
2290.000000	0.769745	0.674680	0.707446	0.735144	0.831423	0.703981	0.737070	0.721295	0.741707	
2300.000000	0.766779	0.667712	0.708415	0.735669	0.819716	0.708538	0.734472	0.722104	0.741707	
2310.000000	0.763649	0.669975	0.701543	0.726480	0.814759	0.701576	0.729664	0.714028	0.741707	
2320.000000	0.763474	0.676043	0.706956	0.734406	0.824063	0.706367	0.735218	0.720681	0.741707	
2330.000000	0.768401	0.684889	0.706201	0.736383	0.827680	0.705324	0.738146	0.721292	0.741707	
2340.000000	0.758798	0.674518	0.708544	0.739245	0.830542	0.700712	0.735393	0.723894	0.741707	
2350.000000	0.767221	0.671134	0.708912	0.740915	0.822465	0.704330	0.735829	0.724914	0.741707	
2360.000000	0.763030	0.665090	0.708928	0.740066	0.836456	0.700522	0.735682	0.724497	0.741707	
2370.000000	0.762275	0.679917	0.711821	0.738873	0.824447	0.701470	0.736467	0.725347	0.741707	
2380.000000	0.766696	0.677302	0.709245	0.738035	0.829806	0.703053	0.737356	0.723640	0.741707	
2390.000000	0.766199	0.680816	0.708674	0.744029	0.833115	0.709616	0.740408	0.726822	0.741707	
2400.000000	0.769638	0.677357	0.710059	0.740052	0.825088	0.706887	0.738180	0.725056	0.741707	
2410.000000	0.764551	0.681709	0.699128	0.730605	0.819370	0.706686	0.733675	0.718646	0.741707	
2420.000000	0.763687	0.687517	0.705185	0.736730	0.823811	0.707138	0.737345	0.721934	0.741707	
2430.000000	0.763619	0.693846	0.706427	0.737387	0.824774	0.710384	0.739406	0.723885	0.741707	
2440.000000	0.763553	0.696483	0.711246	0.740612	0.830077	0.707668	0.741606	0.725929	0.741707	
2450.000000	0.771819	0.699846	0.715835	0.741292	0.830901	0.708100	0.744632	0.728564	0.744632	
2460.000000	0.764037	0.691552	0.711815	0.742277	0.825768	0.707227	0.740446	0.727046	0.744632	
2470.000000	0.768552	0.695123	0.717967	0.747230	0.832096	0.712886	0.745642	0.732599	0.745642	
2480.000000	0.766794	0.690474	0.712924	0.741350	0.821729	0.708175	0.740241	0.727137	0.745642	
2490.000000	0.769421	0.677779	0.717749	0.741607	0.821245	0.711021	0.739803	0.729678	0.745642	
2500.000000	0.765441	0.693096	0.712552	0.734413	0.817621	0.712306	0.739238	0.723482	0.745642	
2510.000000	0.762272	0.684380	0.714094	0.739936	0.823094	0.710450	0.739038	0.727015	0.745642	
2520.000000	0.768143	0.692222	0.714240	0.739319	0.829725	0.711810	0.742576	0.726780	0.745642	
2530.000000	0.762104	0.688521	0.713045	0.734128	0.818439	0.712024	0.738044	0.723587	0.745642	
2540.000000	0.771228	0.687312	0.717286	0.746376	0.826781	0.710981	0.743327	0.731831	0.745642	
2550.000000	0.771793	0.686804	0.718284	0.750459	0.842237	0.706894	0.746079	0.734372	0.746079	
2560.000000	0.769022	0.689625	0.712762	0.746733	0.834034	0.715390	0.744594	0.731061	0.746079	
2570.000000	0.777040	0.679415	0.719426	0.749418	0.839198	0.713856	0.746392	0.734422	0.746392	
2580.000000	0.779134	0.678473	0.715163	0.742042	0.837418	0.706647	0.743146	0.728603	0.746392	
2590.000000	0.778190	0.691075	0.716733	0.741986	0.829291	0.712610	0.744981	0.729359	0.746392	
2600.000000	0.776072	0.679942	0.714246	0.749136	0.839859	0.713093	0.745391	0.731691	0.746392	
2610.000000	0.781546	0.679607	0.720038	0.744276	0.833530	0.718959	0.746326	0.732157	0.746392	
2620.000000	0.775944	0.686593	0.718621	0.739863	0.828938	0.717030	0.744498	0.729242	0.746392	
2630.000000	0.776285	0.689538	0.710787	0.729326	0.820396	0.722608	0.741490	0.725967	0.746392	
2640.000000	0.775297	0.698235	0.715922	0.737498	0.830184	0.719846	0.746164	0.728672	0.746392	
2650.000000	0.785292	0.688738	0.720497	0.745907	0.842344	0.719295	0.750345	0.733202	0.750345	
2660.000000	0.784353	0.688844	0.724068	0.745548	0.841224	0.720996	0.750839	0.734808	0.750839	
2670.000000	0.782928	0.693486	0.726305	0.748729	0.841922	0.722293	0.752610	0.737517	0.752610	
2680.000000	0.780547	0.695978	0.726656	0.747353	0.846539	0.717873	0.752491	0.737004	0.752610	
2690.000000	0.779991	0.692395	0.723487	0.746615	0.843099	0.719707	0.750882	0.735051	0.752610	
2700.000000	0.779977	0.706727	0.727605	0.740582	0.826598	0.722676	0.750694	0.734093	0.752610	
2710.000000	0.777019	0.703243	0.722760	0.747151	0.831593	0.723710	0.750913	0.735431	0.752610	
2720.000000	0.773776	0.694627	0.719212	0.745597	0.828680	0.720313	0.747034	0.732955	0.752610	
2730.000000	0.774565	0.688273	0.719533	0.744982	0.833908	0.719065	0.746721	0.732257	0.752610	
2740.000000	0.772892	0.686643	0.724706	0.751155	0.846124	0.721195	0.750453	0.737931	0.752610	
2750.000000	0.776010	0.688403	0.724032	0.751616	0.845300	0.724577	0.751656	0.738096	0.752610	
2760.000000	0.775854	0.687102	0.724280	0.749684	0.838720	0.723600	0.749873	0.736982	0.752610	
2770.000000	0.777117	0.690012	0.724890	0.749020	0.839846	0.716711	0.749599	0.736955	0.752610	
2780.000000	0.773727	0.681548	0.722255	0.749189	0.833273	0.709797	0.744965	0.735722	0.752610	
2790.000000	0.773597	0.694367	0.721694	0.740855	0.835166	0.712004	0.746280	0.731275	0.752610	
2800.000000	0.772948	0.692588	0.719173	0.740362	0.828183	0.715518	0.744795	0.729768	0.752610	
2810.000000	0.769502	0.685540	0.716103	0.736562	0.829429	0.715719	0.742142	0.726332	0.752610	
2820.000000	0.771322	0.685236	0.716895	0.736582	0.822415	0.715258	0.741285	0.726739	0.752610	
2830.000000	0.775267	0.693300	0.720177	0.741119	0.831096	0.718593	0.746592	0.730648	0.752610	
2840.000000	0.777284	0.685583	0.726989	0.748359	0.834669	0.713849	0.747789	0.737674	0.752610	
2850.000000	0.780105	0.688614	0.721326	0.744429	0.836946	0.718291	0.748285	0.732877	0.752610	
2860.000000	0.767110	0.677872	0.712881	0.732185	0.830284	0.715716	0.739341	0.723951	0.752610	
2870.000000	0.774407	0.683048	0.724555	0.741633	0.835814	0.715209	0.745778	0.733094	0.752610	
2880.000000	0.775429	0.683668	0.727987	0.743816	0.838664	0.717035	0.747766	0.735902	0.752610	
2890.000000	0.774981	0.685905	0.724538	0.741100	0.832266	0.718441	0.746205	0.732819	0.752610	
2900.000000	0.775873	0.690089	0.717525	0.737235	0.825302	0.722321	0.744724	0.729778	0.752610	
2910.000000	0.773853	0.698055	0.719287	0.739060	0.833952	0.724735	0.748157	0.731898	0.752610	
2920.000000	0.778999	0.699759	0.719689	0.739550	0.839469	0.719782	0.749541	0.729666	0.752610	
2930.000000	0.779381	0.701904	0.718736	0.742900	0.841394	0.720637	0.750825	0.731768	0.752610	
2940.000000	0.784609	0.686817	0.717523	0.739573	0.844973	0.717833	0.748555	0.728703	0.752610	
2950.000000	0.784925	0.690015	0.720484	0.742902	0.840828	0.719010	0.749694	0.731693	0.752610	
2960.000000	0.784498	0.696462	0.719273	0.741172	0.836663	0.716263	0.749055	0.730222	0.752610	
2970.000000	0.781460	0.697410	0.720729	0.737778	0.843061	0.720787	0.750204	0.729283	0.752610	
2980.000000	0.782494	0.687474	0.714852	0.735377	0.838349	0.714537	0.745514	0.725115	0.752610	
2990.000000	0.778939	0.689302	0.711847	0.737649	0.839953	0.717275	0.745828	0.727462	0.752610	
3000.000000	0.778218	0.687951	0.719229	0.743425	0.834260	0.717357	0.746740	0.731327	0.752610	
3010.000000	0.777798	0.687015	0.718000	0.744417	0.837305	0.711634	0.746028	0.731209	0.752610	
3020.000000	0.773742	0.694348	0.717741	0.744803	0.846162	0.718267	0.749177	0.731535	0.752610	
3030.000000	0.770887	0.693164	0.717533	0.743004	0.834612	0.716043	0.745874	0.730269	0.752610	
3040.000000	0.771830	0.686426	0.715179	0.734551	0.824752	0.713593	0.741055	0.724865	0.752610	
3050.000000	0.775807	0.685354	0.719295	0.737693	0.830674	0.717388	0.744368	0.728494	0.752610	
3060.000000	0.774570	0.683147	0.720599	0.733099	0.821069	0.716243	0.741454	0.726849	0.752610	
3070.000000	0.775028	0.692482	0.722234	0.735447	0.824805	0.718128	0.744687	0.728840	0.752610	
3080.000000	0.781402	0.687176	0.721336	0.742948	0.825403	0.721142	0.746568	0.732142	0.752610	
3090.000000	0.779861	0.684009	0.722152	0.746041	0.842381	0.722736	0.749530	0.734388	0.752610	
3100.000000	0.784795	0.677444	0.725606	0.752657	0.842828	0.722370	0.750950	0.739131	0.752610	
3110.000000	0.779595	0.690530	0.722057	0.748764	0.845099	0.726219	0.752044	0.737491	0.752610	
3120.000000	0.779437	0.702704	0.717371	0.746777	0.837682	0.728616	0.752098	0.737696	0.752610	
3130.000000	0.776151	0.692523	0.718465	0.747475	0.828680	0.725247	0.748090	0.736361	0.752610	
3140.000000	0.779915	0.695408	0.722618	0.753230	0.835537	0.718955	0.750944	0.737924	0.752610	
3150.000000	0.776586	0.692842	0.722437	0.749666	0.829869	0.721294	0.748782	0.736052	0.752610	
3160.000000	0.782650	0.684188	0.718262	0.745206	0.831436	0.721779	0.747254	0.733492	0.752610	
3170.000000	0.781566	0.687864	0.717258	0.744547	0.836305	0.720948	0.748081	0.732747	0.752610	
3180.000000	0.783606	0.689600	0.716669	0.743665	0.830058	0.723038	0.747773	0.733352	0.752610	
3190.000000	0.781540	0.686079	0.721272	0.751179	0.833839	0.726232	0.750023	0.738706	0.752610	
3200.000000	0.780943	0.687858	0.721266	0.747080	0.829149	0.724363	0.748443	0.735721	0.752610	
3210.000000	0.777958	0.696462	0.723147	0.751771	0.832461	0.726323	0.751353	0.739047	0.752610	
3220.000000	0.781701	0.695780	0.721496	0.745109	0.835613	0.727324	0.751170	0.736216	0.752610	
3230.000000	0.785715	0.694311	0.726349	0.749733	0.835556	0.730538	0.753700	0.740135	0.753700	
3240.000000	0.779654	0.699257	0.725709	0.745541	0.838305	0.728245	0.752785	0.736893	0.753700	
3250.000000	0.776554	0.692575	0.728170	0.751100	0.830266	0.729513	0.751363	0.740306	0.753700	
3260.000000	0.777173	0.693927	0.726676	0.756235	0.829366	0.723225	0.751100	0.741455	0.753700	
3270.000000	0.782004	0.690765	0.732109	0.748928	0.822560	0.725926	0.750382	0.740518	0.753700	
3280.000000	0.781071	0.691019	0.733985	0.751239	0.834266	0.722013	0.752266	0.742612	0.753700	
3290.000000	0.783376	0.695761	0.735257	0.749404	0.838569	0.721228	0.753933	0.742331	0.753933	
3300.000000	0.778502	0.699109	0.733949	0.756302	0.842167	0.721616	0.755274	0.745126	0.755274	
3310.000000	0.785230	0.697609	0.732933	0.749557	0.840079	0.727145	0.755425	0.741245	0.755425	
3320.000000	0.780499	0.687071	0.730605	0.748817	0.836676	0.722595	0.751044	0.739711	0.755425	
3330.000000	0.783551	0.696270	0.730955	0.744921	0.829901	0.724279	0.751646	0.737938	0.755425	
3340.000000	0.779968	0.694205	0.731817	0.748819	0.833870	0.726012	0.752449	0.740318	0.755425	
3350.000000	0.783465	0.699790	0.729891	0.743728	0.831480	0.728128	0.752747	0.736810	0.755425	
3360.000000	0.779663	0.703696	0.728792	0.741514	0.830744	0.726772	0.751863	0.735153	0.755425	
3370.000000	0.782595	0.691831	0.731199	0.747107	0.834751	0.725287	0.752128	0.739153	0.755425	
3380.000000	0.783819	0.695172	0.731593	0.750124	0.838500	0.723437	0.753774	0.740859	0.755425	
3390.000000	0.776191	0.711270	0.731298	0.752566	0.838487	0.723895	0.755618	0.741932	0.755618	
3400.000000	0.790001	0.697770	0.734020	0.753737	0.846212	0.729740	0.758580	0.743878	0.758580	
3410.000000	0.786310	0.710806	0.735443	0.749793	0.844495	0.730410	0.759543	0.742618	0.759543	
3420.000000	0.785934	0.705754	0.733690	0.752252	0.845351	0.730035	0.758836	0.742971	0.759543	
3430.000000	0.783674	0.711370	0.731891	0.750170	0.840092	0.727694	0.757482	0.741030	0.759543	
3440.000000	0.782351	0.700900	0.732547	0.750424	0.844363	0.728353	0.756490	0.741486	0.759543	
3450.000000	0.785780	0.702381	0.730734	0.750577	0.848200	0.726301	0.757329	0.740655	0.759543	
3460.000000	0.786096	0.706070	0.726541	0.746335	0.846539	0.729123	0.756784	0.737729	0.759543	
3470.000000	0.789553	0.706355	0.728158	0.751384	0.840217	0.731332	0.757833	0.741358	0.759543	
3480.000000	0.789830	0.701328	0.725586	0.747147	0.841765	0.733966	0.756604	0.740556	0.759543	
3490.000000	0.792440	0.713050	0.726303	0.747970	0.831404	0.724516	0.755947	0.737137	0.759543	
3500.000000	0.786079	0.713465	0.725299	0.742884	0.815627	0.730346	0.752283	0.736615	0.759543	
3510.000000	0.785275	0.713440	0.725146	0.742474	0.803128	0.726951	0.749402	0.734713	0.759543	
3520.000000	0.785337	0.708934	0.730803	0.749226	0.830140	0.728638	0.755513	0.740015	0.759543	
3530.000000	0.785855	0.709541	0.732892	0.754570	0.834688	0.725581	0.757188	0.743731	0.759543	
3540.000000	0.785501	0.713669	0.731875	0.746219	0.842306	0.723119	0.757115	0.739047	0.759543	
3550.000000	0.781735	0.708475	0.736618	0.755865	0.842960	0.724839	0.758415	0.746242	0.759543	
3560.000000	0.784662	0.715634	0.734282	0.751382	0.843419	0.725644	0.759171	0.742832	0.759543	
3570.000000	0.783691	0.716930	0.736406	0.751579	0.846521	0.727425	0.760425	0.743993	0.760425	
3580.000000	0.789169	0.708797	0.734722	0.752640	0.840161	0.727410	0.758817	0.743681	0.760425	
3590.000000	0.794704	0.696654	0.733902	0.751195	0.840633	0.729019	0.757684	0.742548	0.760425	
3600.000000	0.788851	0.694379	0.729222	0.748736	0.837280	0.728770	0.754539	0.738979	0.760425	
3610.000000	0.787626	0.716738	0.738170	0.758824	0.852390	0.724484	0.763039	0.748497	0.763039	
3620.000000	0.788682	0.704973	0.733068	0.761026	0.848924	0.721801	0.759746	0.747047	0.763039	
3630.000000	0.786692	0.710452	0.732919	0.756189	0.849748	0.728214	0.760702	0.744554	0.763039	
3640.000000	0.780920	0.706442	0.730666	0.754153	0.845967	0.728285	0.757739	0.742410	0.763039	
3650.000000	0.784775	0.705252	0.733044	0.754954	0.841803	0.723609	0.757239	0.743999	0.763039	
3660.000000	0.786075	0.693232	0.733401	0.754489	0.844231	0.726973	0.756400	0.743945	0.763039	
3670.000000	0.779814	0.696251	0.724997	0.744283	0.833046	0.722994	0.750231	0.734640	0.763039	
3680.000000	0.783348	0.692147	0.733674	0.746982	0.842029	0.725688	0.753978	0.740328	0.763039	
3690.000000	0.785541	0.693846	0.725847	0.754345	0.846112	0.726252	0.755324	0.740299	0.763039	
3700.000000	0.787581	0.701322	0.733876	0.753832	0.839205	0.730560	0.757729	0.743854	0.763039	
3710.000000	0.785345	0.714221	0.734054	0.750494	0.845615	0.729698	0.759905	0.742274	0.763039	
3720.000000	0.790063	0.703658	0.729725	0.754276	0.835298	0.732035	0.757509	0.743155	0.763039	
3730.000000	0.779366	0.701390	0.731518	0.747709	0.846829	0.730904	0.756286	0.739614	0.763039	
3740.000000	0.789448	0.706076	0.728940	0.752976	0.848100	0.732050	0.759598	0.742513	0.763039	
3750.000000	0.790590	0.704824	0.727133	0.748752	0.840362	0.733005	0.757444	0.740878	0.763039	
3760.000000	0.791892	0.697181	0.735725	0.753448	0.842017	0.731872	0.758689	0.744586	0.763039	
3770.000000	0.781722	0.697720	0.727713	0.754864	0.831687	0.728239	0.753657	0.741551	0.763039	
3780.000000	0.779076	0.715659	0.731245	0.749694	0.836103	0.729537	0.756886	0.740469	0.763039	
3790.000000	0.778188	0.713886	0.727813	0.745352	0.830178	0.730774	0.754365	0.738063	0.763039	
3800.000000	0.784460	0.709293	0.732812	0.747829	0.835631	0.730875	0.756817	0.740321	0.763039	
3810.000000	0.785652	0.703380	0.728923	0.752178	0.837456	0.731993	0.756597	0.742085	0.763039	
3820.000000	0.785279	0.705270	0.732747	0.750589	0.837770	0.730844	0.757083	0.741668	0.763039	
3830.000000	0.783766	0.704229	0.734391	0.747612	0.833052	0.729901	0.755492	0.741001	0.763039	
3840.000000	0.785879	0.708022	0.735925	0.746474	0.836506	0.727917	0.756787	0.741199	0.763039	
3850.000000	0.788039	0.707173	0.737046	0.752740	0.842878	0.732751	0.760105	0.744893	0.763039	
3860.000000	0.793151	0.706429	0.735546	0.757452	0.837129	0.732205	0.760319	0.746499	0.763039	
3870.000000	0.794047	0.707632	0.737908	0.760223	0.837481	0.734189	0.761913	0.749066	0.763039	
3880.000000	0.791525	0.701749	0.732442	0.754419	0.828315	0.737685	0.757689	0.746052	0.763039	
3890.000000	0.790065	0.723538	0.732818	0.756469	0.846401	0.738000	0.764549	0.747235	0.764549	
3900.000000	0.794153	0.707340	0.740300	0.764176	0.848263	0.739114	0.765558	0.752238	0.765558	
3910.000000	0.791717	0.708444	0.738491	0.758784	0.847684	0.730176	0.762549	0.748638	0.765558	
3920.000000	0.789594	0.707285	0.738901	0.758141	0.845816	0.735084	0.762470	0.748521	0.765558	
3930.000000	0.791943	0.708053	0.740040	0.752462	0.837103	0.734841	0.760741	0.746251	0.765558	
3940.000000	0.795937	0.693710	0.741275	0.758227	0.845835	0.735207	0.761698	0.749751	0.765558	
3950.000000	0.790592	0.702208	0.740526	0.754213	0.840041	0.733724	0.760217	0.747370	0.765558	
3960.000000	0.790558	0.699146	0.739812	0.751708	0.841381	0.727621	0.758371	0.745760	0.765558	
3970.000000	0.789965	0.707223	0.739478	0.753577	0.832134	0.730240	0.758769	0.746527	0.765558	
3980.000000	0.783612	0.703919	0.736797	0.755386	0.841991	0.730161	0.758644	0.746091	0.765558	
3990.000000	0.791951	0.709829	0.739682	0.753887	0.830077	0.736876	0.760384	0.746785	0.765558	
4000.000000	0.795545	0.705190	0.737371	0.746737	0.839267	0.734101	0.759702	0.742054	0.765558	
4010.000000	0.790949	0.711054	0.739949	0.749335	0.834329	0.735780	0.760233	0.744642	0.765558	
4020.000000	0.794168	0.704619	0.739260	0.758181	0.840450	0.732998	0.761613	0.748720	0.765558	
4030.000000	0.797634	0.697094	0.744839	0.761424	0.848414	0.738455	0.764643	0.753131	0.765558	
4040.000000	0.794269	0.704440	0.738396	0.757378	0.843149	0.736418	0.762341	0.747887	0.765558	
4050.000000	0.796697	0.700962	0.738249	0.758169	0.842564	0.732365	0.761501	0.748209	0.765558	
4060.000000	0.797964	0.689222	0.739448	0.761384	0.840708	0.734184	0.760485	0.750416	0.765558	
4070.000000	0.797294	0.695848	0.741366	0.758810	0.850622	0.737011	0.763492	0.750088	0.765558	
4080.000000	0.799528	0.707539	0.741596	0.760517	0.825617	0.739226	0.762337	0.751056	0.765558	
4090.000000	0.794159	0.711450	0.738071	0.760949	0.826586	0.737282	0.761416	0.749510	0.765558	
4100.000000	0.783976	0.702815	0.739127	0.759723	0.830983	0.735860	0.758747	0.749425	0.765558	
4110.000000	0.785386	0.704483	0.740474	0.760732	0.833027	0.736239	0.760057	0.750603	0.765558	
4120.000000	0.786615	0.711140	0.744851	0.762830	0.846363	0.733598	0.764233	0.753841	0.765558	
4130.000000	0.779712	0.707260	0.744566	0.764558	0.844942	0.734689	0.762621	0.754562	0.765558	
4140.000000	0.784554	0.708128	0.745864	0.765381	0.845200	0.731914	0.763507	0.755623	0.765558	
4150.000000	0.782864	0.708611	0.742862	0.767688	0.846697	0.731292	0.763336	0.755275	0.765558	
4160.000000	0.784522	0.710737	0.741923	0.763913	0.849421	0.730033	0.763425	0.752918	0.765558	
4170.000000	0.789254	0.713843	0.742604	0.770304	0.842979	0.731687	0.765112	0.756454	0.765558	
4180.000000	0.791194	0.712777	0.741954	0.761364	0.851987	0.734647	0.765654	0.751659	0.765654	
4190.000000	0.786457	0.722447	0.737209	0.766721	0.854654	0.735692	0.767197	0.751965	0.767197	
4200.000000	0.792500	0.711196	0.738970	0.767234	0.853937	0.738300	0.767023	0.753102	0.767197	
4210.000000	0.790500	0.713911	0.746974	0.763027	0.858379	0.735245	0.768006	0.755001	0.768006	
4220.000000	0.795557	0.708475	0.744084	0.763112	0.851962	0.738153	0.766891	0.753598	0.768006	
4230.000000	0.791271	0.711432	0.739081	0.764949	0.843734	0.740055	0.765087	0.752502	0.768006	
4240.000000	0.791700	0.716316	0.738707	0.763350	0.853768	0.734747	0.766431	0.751029	0.768006	
4250.000000	0.789818	0.717128	0.731496	0.757859	0.846967	0.737782	0.763508	0.747821	0.768006	
4260.000000	0.786184	0.702282	0.734698	0.762539	0.847747	0.736786	0.761706	0.749662	0.768006	
4270.000000	0.789045	0.703999	0.737887	0.757116	0.846565	0.734089	0.761450	0.747501	0.768006	
4280.000000	0.782548	0.710520	0.737460	0.760683	0.835694	0.733772	0.760113	0.749072	0.768006	
4290.000000	0.784709	0.702233	0.738913	0.764405	0.849811	0.733309	0.762230	0.751659	0.768006	
4300.000000	0.787797	0.711258	0.744988	0.766138	0.853252	0.729616	0.765508	0.755563	0.768006	
4310.000000	0.786933	0.702946	0.740171	0.764223	0.851283	0.732623	0.763030	0.752197	0.768006	
4320.000000	0.789192	0.702453	0.746690	0.753337	0.847628	0.736640	0.762657	0.750013	0.768006	
4330.000000	0.796853	0.711593	0.747154	0.763577	0.844111	0.734817	0.766351	0.755365	0.768006	
4340.000000	0.792333	0.709243	0.739628	0.764250	0.838651	0.733510	0.762936	0.751939	0.768006	
4350.000000	0.790970	0.703646	0.744948	0.765997	0.854812	0.740194	0.766761	0.755473	0.768006	
4360.000000	0.791414	0.703249	0.740571	0.757551	0.821641	0.736843	0.758545	0.749061	0.768006	
4370.000000	0.784541	0.714630	0.739563	0.762682	0.849811	0.733668	0.764149	0.751122	0.768006	
4380.000000	0.787411	0.708940	0.736089	0.760510	0.844910	0.733232	0.761849	0.748300	0.768006	
4390.000000	0.784558	0.716459	0.737023	0.756860	0.843759	0.732324	0.761830	0.746941	0.768006	
4400.000000	0.787423	0.708066	0.729142	0.761030	0.850949	0.738790	0.762567	0.749910	0.768006	
4410.000000	0.793573	0.701036	0.733301	0.754954	0.836355	0.735340	0.759093	0.745147	0.768006	
4420.000000	0.788488	0.698997	0.737946	0.760452	0.845753	0.735049	0.761114	0.749199	0.768006	
4430.000000	0.795393	0.704607	0.736597	0.760367	0.851081	0.734306	0.763725	0.748482	0.768006	
4440.000000	0.788051	0.712814	0.736167	0.756693	0.843954	0.737690	0.762561	0.747191	0.768006	
4450.000000	0.787714	0.709888	0.739068	0.762421	0.847980	0.738426	0.764250	0.750745	0.768006	
4460.000000	0.793511	0.714866	0.736928	0.761377	0.854422	0.739819	0.766820	0.750598	0.768006	
4470.000000	0.793904	0.710669	0.737290	0.760329	0.841186	0.741845	0.764204	0.751087	0.768006	
4480.000000	0.794996	0.722825	0.714516	0.758995	0.848043	0.742213	0.763598	0.750604	0.768006	
4490.000000	0.792227	0.721895	0.740213	0.758296	0.848527	0.743329	0.767414	0.750813	0.768006	
4500.000000	0.800292	0.710657	0.735691	0.753251	0.843224	0.743968	0.764514	0.748610	0.768006	
4510.000000	0.800318	0.706541	0.732947	0.754121	0.840041	0.741005	0.762496	0.747563	0.768006	
4520.000000	0.799543	0.706200	0.737239	0.760487	0.838060	0.741570	0.763850	0.751028	0.768006	
4530.000000	0.802292	0.716434	0.739628	0.762231	0.851006	0.742092	0.768947	0.752162	0.768947	
4540.000000	0.797587	0.703751	0.736077	0.760235	0.847420	0.739001	0.764012	0.749618	0.768947	
4550.000000	0.799680	0.700361	0.737280	0.763223	0.851352	0.740725	0.765437	0.751974	0.768947	
4560.000000	0.798814	0.707973	0.738743	0.759402	0.844816	0.739105	0.764809	0.749253	0.768947	
4570.000000	0.798325	0.704749	0.734904	0.753711	0.845646	0.737041	0.762396	0.745376	0.768947	
4580.000000	0.801897	0.709107	0.730355	0.754091	0.844961	0.744689	0.764183	0.749390	0.768947	
4590.000000	0.810362	0.705400	0.739680	0.755500	0.846609	0.744211	0.766960	0.749855	0.768947	
4600.000000	0.803525	0.717947	0.734527	0.750355	0.844080	0.738084	0.764753	0.744220	0.768947	
4610.000000	0.796774	0.711394	0.734950	0.751012	0.849226	0.740122	0.763913	0.745567	0.768947	
4620.000000	0.798237	0.714655	0.732075	0.753843	0.842312	0.738155	0.763213	0.745999	0.768947	
4630.000000	0.802159	0.710105	0.723539	0.751199	0.842878	0.737185	0.761178	0.744192	0.768947	
4640.000000	0.792150	0.714612	0.720900	0.749985	0.835468	0.735335	0.758075	0.742660	0.768947	
4650.000000	0.785123	0.712566	0.727337	0.754165	0.836877	0.735981	0.758675	0.745073	0.768947	
4660.000000	0.799343	0.716093	0.727072	0.759663	0.841419	0.735011	0.763100	0.747337	0.768947	
4670.000000	0.788798	0.719602	0.733395	0.758060	0.834914	0.734334	0.761517	0.746197	0.768947	
4680.000000	0.794631	0.693672	0.734221	0.758139	0.841136	0.736698	0.759749	0.747418	0.768947	
4690.000000	0.791685	0.705549	0.731471	0.758278	0.838324	0.736653	0.760327	0.747466	0.768947	
4700.000000	0.794226	0.711382	0.725616	0.759439	0.846584	0.734687	0.761989	0.747063	0.768947	
4710.000000	0.798602	0.704960	0.738332	0.762161	0.838305	0.740284	0.763774	0.751223	0.768947	
4720.000000	0.793505	0.708215	0.739458	0.764630	0.845879	0.738770	0.765076	0.752044	0.768947	
4730.000000	0.798737	0.703138	0.727432	0.761808	0.848911	0.733902	0.762321	0.747855	0.768947	
4740.000000	0.800745	0.702493	0.741530	0.759064	0.848446	0.733408	0.764281	0.750297	0.768947	
4750.000000	0.799571	0.696251	0.739099	0.757140	0.846697	0.736526	0.762547	0.748119	0.768947	
4760.000000	0.801432	0.692253	0.738166	0.757612	0.847370	0.739702	0.762756	0.748657	0.768947	
4770.000000	0.791578	0.702809	0.738136	0.759067	0.843570	0.737015	0.762029	0.748601	0.768947	
4780.000000	0.796114	0.697627	0.741083	0.761854	0.836770	0.737421	0.761811	0.751468	0.768947	
4790.000000	0.795532	0.696654	0.743577	0.761500	0.841092	0.738084	0.762740	0.752539	0.768947	
4800.000000	0.791924	0.710254	0.742515	0.760519	0.840438	0.741248	0.764483	0.751517	0.768947	
4810.000000	0.793364	0.711320	0.742240	0.762152	0.843048	0.738197	0.765053	0.752196	0.768947	
4820.000000	0.800254	0.709498	0.742113	0.760545	0.842476	0.738911	0.765633	0.751329	0.768947	
4830.000000	0.791441	0.707874	0.744291	0.762504	0.837600	0.739590	0.763883	0.753397	0.768947	
4840.000000	0.794904	0.714581	0.742598	0.761796	0.842054	0.739552	0.765914	0.752197	0.768947	
4850.000000	0.798822	0.702636	0.738570	0.761923	0.847206	0.742361	0.765253	0.752142	0.768947	
4860.000000	0.801707	0.699084	0.745862	0.766203	0.848653	0.739180	0.766781	0.756032	0.768947	
4870.000000	0.801899	0.715436	0.739965	0.763087	0.842142	0.740979	0.767251	0.752033	0.768947	
4880.000000	0.803973	0.703578	0.745123	0.766772	0.848741	0.743358	0.768591	0.755947	0.768947	
4890.000000	0.793357	0.704247	0.747061	0.767156	0.851226	0.739173	0.767037	0.757108	0.768947	
4900.000000	0.798082	0.704625	0.750982	0.765467	0.850735	0.739458	0.768225	0.758224	0.768947	
4910.000000	0.797219	0.705016	0.743952	0.759339	0.830536	0.736398	0.762077	0.751646	0.768947	
4920.000000	0.799477	0.700014	0.740496	0.759557	0.835223	0.738011	0.762130	0.750026	0.768947	
4930.000000	0.799597	0.696964	0.742139	0.760378	0.840318	0.737498	0.762816	0.751258	0.768947	
4940.000000	0.800288	0.689005	0.745131	0.762976	0.847024	0.738580	0.763834	0.754053	0.768947	
4950.000000	0.800169	0.707905	0.745214	0.763480	0.844281	0.736210	0.766210	0.754347	0.768947	
4960.000000	0.797533	0.694174	0.748081	0.765624	0.847244	0.737571	0.765038	0.756853	0.768947	
4970.000000	0.797757	0.704254	0.744976	0.768139	0.850333	0.735234	0.766782	0.756557	0.768947	
4980.000000	0.794939	0.700410	0.743845	0.767153	0.843520	0.736131	0.764333	0.755499	0.768947	
4990.000000	0.797572	0.692792	0.744457	0.765856	0.843432	0.738313	0.763737	0.755156	0.768947	
5000.000000	0.799494	0.697825	0.747342	0.764199	0.845130	0.737498	0.765248	0.755771	0.768947	
