Epoch	AUC-12	AUC-13	AUC-14	AUC-15	AUC-16	AUC-Avg	AUC-Mid	AUC-Best	
1.000000	0.639585	0.626698	0.680885	0.585405	0.422210	0.590957	0.626698	0.590957	
10.000000	0.693170	0.577426	0.661039	0.553264	0.537954	0.604571	0.577426	0.604571	
20.000000	0.606568	0.469623	0.515750	0.619483	0.571452	0.556575	0.571452	0.604571	
30.000000	0.517237	0.365801	0.513476	0.654293	0.599797	0.530121	0.517237	0.604571	
40.000000	0.528715	0.423544	0.569777	0.653917	0.580992	0.551389	0.569777	0.604571	
50.000000	0.506986	0.414672	0.540263	0.654540	0.596323	0.542557	0.540263	0.604571	
60.000000	0.541434	0.422463	0.532358	0.648143	0.601129	0.549105	0.541434	0.604571	
70.000000	0.575178	0.419821	0.570796	0.638289	0.605636	0.561944	0.575178	0.604571	
80.000000	0.556894	0.396803	0.563377	0.629728	0.572025	0.543766	0.563377	0.604571	
90.000000	0.547905	0.433351	0.570376	0.588064	0.578839	0.543707	0.570376	0.604571	
100.000000	0.540557	0.419461	0.595311	0.628033	0.597337	0.556140	0.595311	0.604571	
110.000000	0.538349	0.437597	0.569951	0.624688	0.591946	0.552506	0.569951	0.604571	
120.000000	0.514824	0.458528	0.566580	0.603446	0.579211	0.544518	0.566580	0.604571	
130.000000	0.575789	0.480558	0.596832	0.631572	0.583405	0.573631	0.583405	0.604571	
140.000000	0.574653	0.530224	0.574286	0.618310	0.592720	0.578039	0.574653	0.604571	
150.000000	0.570872	0.517436	0.571888	0.622311	0.607325	0.577966	0.571888	0.604571	
160.000000	0.589774	0.448586	0.583063	0.640270	0.580753	0.568489	0.583063	0.604571	
170.000000	0.577236	0.489831	0.574086	0.607433	0.588110	0.567339	0.577236	0.604571	
180.000000	0.625644	0.537882	0.609612	0.642072	0.590174	0.601077	0.609612	0.604571	
190.000000	0.569596	0.532153	0.628147	0.601386	0.586482	0.583553	0.586482	0.604571	
200.000000	0.589552	0.538516	0.615546	0.645345	0.561013	0.589994	0.589552	0.604571	
210.000000	0.586870	0.575829	0.625145	0.642685	0.599118	0.605929	0.599118	0.605929	
220.000000	0.582301	0.535615	0.613489	0.617224	0.588514	0.587429	0.588514	0.605929	
230.000000	0.678218	0.594510	0.685702	0.661378	0.577559	0.639473	0.661378	0.639473	
240.000000	0.589706	0.597085	0.662806	0.684757	0.607393	0.628349	0.607393	0.639473	
250.000000	0.579932	0.586059	0.665364	0.677399	0.597688	0.621288	0.597688	0.639473	
260.000000	0.635123	0.613490	0.673532	0.667552	0.580516	0.634043	0.635123	0.639473	
270.000000	0.665704	0.586038	0.672271	0.655705	0.571768	0.630297	0.655705	0.639473	
280.000000	0.645058	0.596687	0.705106	0.652839	0.571110	0.634160	0.645058	0.639473	
290.000000	0.584880	0.591464	0.677350	0.643647	0.579407	0.615350	0.591464	0.639473	
300.000000	0.620185	0.615632	0.674771	0.675204	0.561986	0.629556	0.620185	0.639473	
310.000000	0.619128	0.592871	0.680555	0.650802	0.589994	0.626670	0.619128	0.639473	
320.000000	0.641274	0.613532	0.679673	0.668437	0.574505	0.635484	0.641274	0.639473	
330.000000	0.629968	0.596524	0.668102	0.655877	0.578833	0.625861	0.629968	0.639473	
340.000000	0.644050	0.609518	0.652303	0.648150	0.552257	0.621256	0.644050	0.639473	
350.000000	0.631104	0.647456	0.695216	0.647103	0.556106	0.635397	0.647103	0.639473	
360.000000	0.650314	0.620074	0.651963	0.663464	0.553743	0.627912	0.650314	0.639473	
370.000000	0.627225	0.606312	0.674353	0.628306	0.578848	0.623009	0.627225	0.639473	
380.000000	0.655854	0.611259	0.675735	0.630535	0.571440	0.628965	0.630535	0.639473	
390.000000	0.618628	0.605046	0.626010	0.624949	0.561195	0.607166	0.618628	0.639473	
400.000000	0.619071	0.585763	0.616002	0.665258	0.562742	0.609767	0.616002	0.639473	
410.000000	0.642294	0.571192	0.618787	0.623922	0.577085	0.606656	0.618787	0.639473	
420.000000	0.685457	0.620072	0.626770	0.637928	0.546398	0.623325	0.626770	0.639473	
430.000000	0.707957	0.608078	0.638414	0.632601	0.547928	0.626996	0.632601	0.639473	
440.000000	0.660912	0.600944	0.648925	0.644073	0.543793	0.619729	0.644073	0.639473	
450.000000	0.663124	0.625611	0.659643	0.660872	0.536939	0.629238	0.659643	0.639473	
460.000000	0.659310	0.613539	0.607004	0.676074	0.538057	0.618797	0.613539	0.639473	
470.000000	0.627400	0.604220	0.629336	0.683779	0.540963	0.617140	0.627400	0.639473	
480.000000	0.661140	0.571004	0.605514	0.663621	0.533683	0.606992	0.605514	0.639473	
490.000000	0.612577	0.547252	0.592164	0.661046	0.559423	0.594492	0.592164	0.639473	
500.000000	0.618360	0.538453	0.617633	0.665372	0.566771	0.601318	0.617633	0.639473	
510.000000	0.634666	0.522588	0.585313	0.657941	0.568989	0.593899	0.585313	0.639473	
520.000000	0.632665	0.529148	0.562520	0.675568	0.581391	0.596258	0.581391	0.639473	
530.000000	0.586373	0.532002	0.551513	0.675626	0.558120	0.580727	0.558120	0.639473	
540.000000	0.630872	0.554848	0.601769	0.652353	0.555855	0.599139	0.601769	0.639473	
550.000000	0.570697	0.512562	0.519602	0.661066	0.580921	0.568970	0.570697	0.639473	
560.000000	0.607383	0.549309	0.585484	0.660881	0.562636	0.593139	0.585484	0.639473	
570.000000	0.586612	0.542925	0.546122	0.667317	0.595172	0.587630	0.586612	0.639473	
580.000000	0.584079	0.545373	0.545923	0.665731	0.561316	0.580484	0.561316	0.639473	
590.000000	0.628486	0.543500	0.591649	0.672433	0.561198	0.599453	0.591649	0.639473	
600.000000	0.606660	0.545105	0.597328	0.671326	0.558161	0.595716	0.597328	0.639473	
610.000000	0.667437	0.598487	0.607158	0.689215	0.536973	0.619854	0.607158	0.639473	
620.000000	0.677211	0.616621	0.652171	0.657178	0.541903	0.629017	0.652171	0.639473	
630.000000	0.682992	0.657484	0.654168	0.645514	0.538488	0.635729	0.654168	0.639473	
640.000000	0.700521	0.613523	0.637205	0.640437	0.548696	0.628076	0.637205	0.639473	
650.000000	0.680812	0.612271	0.632708	0.650110	0.540066	0.623193	0.632708	0.639473	
660.000000	0.634001	0.590386	0.622092	0.632221	0.553873	0.606515	0.622092	0.639473	
670.000000	0.658073	0.569377	0.597113	0.635263	0.566053	0.605176	0.597113	0.639473	
680.000000	0.635771	0.563483	0.579963	0.639769	0.562725	0.596342	0.579963	0.639473	
690.000000	0.635933	0.568383	0.614280	0.638008	0.563304	0.603982	0.614280	0.639473	
700.000000	0.650244	0.577645	0.592758	0.646743	0.560412	0.605560	0.592758	0.639473	
710.000000	0.656044	0.605233	0.632901	0.641925	0.546052	0.616431	0.632901	0.639473	
720.000000	0.691778	0.603998	0.653775	0.660944	0.530919	0.628283	0.653775	0.639473	
730.000000	0.651386	0.569957	0.641680	0.644044	0.550110	0.611435	0.641680	0.639473	
740.000000	0.685530	0.622108	0.645769	0.642230	0.527555	0.624638	0.642230	0.639473	
750.000000	0.673340	0.566678	0.642205	0.664474	0.541439	0.617627	0.642205	0.639473	
760.000000	0.636263	0.560880	0.664538	0.646006	0.539519	0.609441	0.636263	0.639473	
770.000000	0.699699	0.570194	0.661126	0.642121	0.517118	0.618052	0.642121	0.639473	
780.000000	0.655698	0.573668	0.632593	0.641153	0.533721	0.607367	0.632593	0.639473	
790.000000	0.678476	0.597609	0.629132	0.629583	0.548858	0.616731	0.629132	0.639473	
800.000000	0.632164	0.547364	0.617209	0.644628	0.520868	0.592447	0.617209	0.639473	
810.000000	0.647353	0.540308	0.619950	0.633229	0.523377	0.592843	0.619950	0.639473	
820.000000	0.630894	0.526712	0.578918	0.651978	0.527578	0.583216	0.578918	0.639473	
830.000000	0.619983	0.516048	0.567674	0.631984	0.545292	0.576196	0.567674	0.639473	
840.000000	0.615132	0.540468	0.588300	0.642208	0.534330	0.584088	0.588300	0.639473	
850.000000	0.619069	0.550627	0.600802	0.647084	0.529400	0.589396	0.600802	0.639473	
860.000000	0.608749	0.509079	0.544185	0.669703	0.543332	0.575010	0.544185	0.639473	
870.000000	0.580430	0.523433	0.524480	0.659573	0.517279	0.561039	0.524480	0.639473	
880.000000	0.596505	0.483043	0.525626	0.633648	0.509779	0.549720	0.525626	0.639473	
890.000000	0.605189	0.495200	0.555163	0.645095	0.548935	0.569916	0.555163	0.639473	
900.000000	0.610092	0.467011	0.523422	0.646214	0.551097	0.559567	0.551097	0.639473	
910.000000	0.529250	0.431678	0.502875	0.652016	0.560468	0.535257	0.529250	0.639473	
920.000000	0.527412	0.398492	0.484576	0.646055	0.559086	0.523124	0.527412	0.639473	
930.000000	0.531736	0.459761	0.512951	0.632080	0.546897	0.536685	0.531736	0.639473	
940.000000	0.547627	0.448919	0.519673	0.632410	0.536811	0.537088	0.536811	0.639473	
950.000000	0.523332	0.468796	0.535880	0.635275	0.536920	0.540041	0.535880	0.639473	
960.000000	0.575141	0.501921	0.572831	0.639817	0.559024	0.569747	0.572831	0.639473	
970.000000	0.551265	0.463457	0.494489	0.628413	0.556986	0.538922	0.551265	0.639473	
980.000000	0.563412	0.473922	0.520269	0.630589	0.549653	0.547569	0.549653	0.639473	
990.000000	0.557447	0.517112	0.533616	0.624251	0.564680	0.559421	0.557447	0.639473	
1000.000000	0.571404	0.483564	0.525272	0.623244	0.581919	0.557081	0.571404	0.639473	
1010.000000	0.527662	0.482230	0.519866	0.606678	0.593191	0.545925	0.527662	0.639473	
1020.000000	0.562856	0.504620	0.540504	0.609071	0.582705	0.559951	0.562856	0.639473	
1030.000000	0.543942	0.477873	0.513529	0.612463	0.568759	0.543313	0.543942	0.639473	
1040.000000	0.565441	0.524972	0.545932	0.612702	0.579660	0.565741	0.565441	0.639473	
1050.000000	0.571944	0.514117	0.550681	0.639834	0.578322	0.570979	0.571944	0.639473	
1060.000000	0.576811	0.533231	0.563913	0.630878	0.565214	0.574009	0.565214	0.639473	
1070.000000	0.614008	0.530938	0.594231	0.643899	0.559644	0.588544	0.594231	0.639473	
1080.000000	0.617580	0.546380	0.583532	0.640197	0.583263	0.594191	0.583532	0.639473	
1090.000000	0.621992	0.562875	0.608961	0.653784	0.553965	0.600315	0.608961	0.639473	
1100.000000	0.585173	0.538013	0.567738	0.634420	0.586999	0.582469	0.585173	0.639473	
1110.000000	0.577892	0.499514	0.555349	0.640815	0.579713	0.570657	0.577892	0.639473	
1120.000000	0.597264	0.504181	0.558690	0.638853	0.562598	0.572317	0.562598	0.639473	
1130.000000	0.612027	0.494453	0.558675	0.614444	0.575221	0.570964	0.575221	0.639473	
1140.000000	0.610825	0.542972	0.545043	0.630443	0.570605	0.579977	0.570605	0.639473	
1150.000000	0.638049	0.528056	0.569487	0.603379	0.548625	0.577519	0.569487	0.639473	
1160.000000	0.615921	0.523191	0.545031	0.604192	0.590018	0.575671	0.590018	0.639473	
1170.000000	0.633584	0.527250	0.542991	0.608557	0.566173	0.575711	0.566173	0.639473	
1180.000000	0.639656	0.548292	0.581715	0.630067	0.557524	0.591451	0.581715	0.639473	
1190.000000	0.606320	0.535204	0.590464	0.608570	0.574976	0.583107	0.590464	0.639473	
1200.000000	0.592162	0.532150	0.570911	0.600650	0.578174	0.574809	0.578174	0.639473	
1210.000000	0.601252	0.555922	0.607131	0.598871	0.564136	0.585462	0.598871	0.639473	
1220.000000	0.629388	0.516783	0.591824	0.583656	0.576133	0.579557	0.583656	0.639473	
1230.000000	0.626928	0.563831	0.596332	0.604011	0.580208	0.594262	0.596332	0.639473	
1240.000000	0.597893	0.547792	0.586239	0.592408	0.552361	0.575338	0.586239	0.639473	
1250.000000	0.635449	0.542166	0.562234	0.579962	0.546405	0.573243	0.562234	0.639473	
1260.000000	0.626900	0.530835	0.595394	0.602688	0.538639	0.578891	0.595394	0.639473	
1270.000000	0.611699	0.539904	0.594815	0.585064	0.542009	0.574698	0.585064	0.639473	
1280.000000	0.617170	0.556373	0.581470	0.583206	0.523293	0.572302	0.581470	0.639473	
1290.000000	0.650729	0.550500	0.602670	0.596105	0.536634	0.587328	0.596105	0.639473	
1300.000000	0.644966	0.527725	0.582904	0.604692	0.561207	0.584299	0.582904	0.639473	
1310.000000	0.605248	0.545704	0.599485	0.608136	0.545512	0.580817	0.599485	0.639473	
1320.000000	0.608035	0.553531	0.601593	0.570798	0.545760	0.575943	0.570798	0.639473	
1330.000000	0.604106	0.516314	0.600980	0.567851	0.549629	0.567776	0.567851	0.639473	
1340.000000	0.604329	0.519157	0.632227	0.565867	0.544844	0.573285	0.565867	0.639473	
1350.000000	0.645235	0.556335	0.661702	0.591349	0.533592	0.597643	0.591349	0.639473	
1360.000000	0.621872	0.555731	0.633761	0.593278	0.547092	0.590347	0.593278	0.639473	
1370.000000	0.649414	0.572343	0.648106	0.582118	0.523665	0.595129	0.582118	0.639473	
1380.000000	0.675986	0.548562	0.644479	0.602795	0.540845	0.602533	0.602795	0.639473	
1390.000000	0.630915	0.543007	0.628362	0.577470	0.525090	0.580969	0.577470	0.639473	
1400.000000	0.648415	0.536397	0.625939	0.599379	0.566532	0.595333	0.599379	0.639473	
1410.000000	0.640818	0.554341	0.635203	0.623590	0.550382	0.600867	0.623590	0.639473	
1420.000000	0.669846	0.561298	0.652291	0.598883	0.541191	0.604702	0.598883	0.639473	
1430.000000	0.652232	0.573842	0.647425	0.593418	0.530201	0.599424	0.593418	0.639473	
1440.000000	0.668369	0.597318	0.640734	0.608591	0.518430	0.606688	0.608591	0.639473	
1450.000000	0.668182	0.596289	0.649396	0.583598	0.505294	0.600552	0.596289	0.639473	
1460.000000	0.695383	0.614932	0.665887	0.602543	0.513354	0.618420	0.614932	0.639473	
1470.000000	0.689339	0.608987	0.687316	0.617438	0.519864	0.624589	0.617438	0.639473	
1480.000000	0.682745	0.601590	0.663972	0.596952	0.526816	0.614415	0.601590	0.639473	
1490.000000	0.662302	0.601355	0.650239	0.597538	0.539823	0.610252	0.601355	0.639473	
1500.000000	0.652611	0.580802	0.643694	0.590749	0.541646	0.601900	0.590749	0.639473	
1510.000000	0.632178	0.546531	0.618531	0.588113	0.550441	0.587159	0.588113	0.639473	
1520.000000	0.676433	0.570234	0.645336	0.607799	0.522631	0.604487	0.607799	0.639473	
1530.000000	0.638645	0.582171	0.632451	0.598028	0.515209	0.593301	0.598028	0.639473	
1540.000000	0.650197	0.583252	0.625631	0.570944	0.553321	0.596669	0.583252	0.639473	
1550.000000	0.622470	0.557998	0.612258	0.570021	0.529268	0.578403	0.570021	0.639473	
1560.000000	0.630689	0.528502	0.599243	0.570653	0.514784	0.568774	0.570653	0.639473	
1570.000000	0.600845	0.530767	0.569775	0.569788	0.544457	0.563126	0.569775	0.639473	
1580.000000	0.592446	0.544680	0.601183	0.555311	0.543506	0.567425	0.555311	0.639473	
1590.000000	0.633078	0.571427	0.587335	0.569035	0.529805	0.578136	0.571427	0.639473	
1600.000000	0.574804	0.534828	0.580650	0.562645	0.556422	0.561870	0.562645	0.639473	
1610.000000	0.585634	0.539265	0.578654	0.587299	0.537150	0.565601	0.578654	0.639473	
1620.000000	0.599912	0.535387	0.568964	0.538805	0.559948	0.560603	0.559948	0.639473	
1630.000000	0.608092	0.528902	0.566790	0.565559	0.521550	0.558179	0.565559	0.639473	
1640.000000	0.581504	0.532535	0.560070	0.549768	0.525927	0.549961	0.549768	0.639473	
1650.000000	0.603936	0.543360	0.574523	0.539595	0.530254	0.558334	0.543360	0.639473	
1660.000000	0.573527	0.554442	0.586940	0.533491	0.574612	0.564602	0.573527	0.639473	
1670.000000	0.610707	0.539759	0.577767	0.538108	0.540249	0.561318	0.540249	0.639473	
1680.000000	0.588784	0.555734	0.570108	0.537853	0.549017	0.560299	0.555734	0.639473	
1690.000000	0.574410	0.543320	0.597394	0.554737	0.519105	0.557793	0.554737	0.639473	
1700.000000	0.589152	0.535465	0.563592	0.546348	0.539803	0.554872	0.546348	0.639473	
1710.000000	0.613369	0.591041	0.595846	0.546966	0.517208	0.572886	0.591041	0.639473	
1720.000000	0.594202	0.574345	0.571370	0.563706	0.516990	0.564123	0.571370	0.639473	
1730.000000	0.615312	0.595666	0.569855	0.560717	0.506142	0.569539	0.569855	0.639473	
1740.000000	0.613367	0.576769	0.618062	0.548935	0.532419	0.577910	0.576769	0.639473	
1750.000000	0.612769	0.595455	0.582667	0.526662	0.556227	0.574756	0.582667	0.639473	
1760.000000	0.576111	0.573830	0.592052	0.539575	0.548409	0.565996	0.573830	0.639473	
1770.000000	0.623331	0.546930	0.587848	0.541123	0.547047	0.569256	0.547047	0.639473	
1780.000000	0.628662	0.568890	0.596727	0.545270	0.545834	0.577077	0.568890	0.639473	
1790.000000	0.582084	0.544768	0.573937	0.559295	0.553448	0.562706	0.559295	0.639473	
1800.000000	0.587566	0.566506	0.567823	0.554153	0.561447	0.567499	0.566506	0.639473	
1810.000000	0.579987	0.556648	0.554174	0.542979	0.569367	0.560631	0.556648	0.639473	
1820.000000	0.607206	0.530677	0.560437	0.540501	0.548276	0.557419	0.548276	0.639473	
1830.000000	0.576714	0.523869	0.545016	0.576920	0.566750	0.557854	0.566750	0.639473	
1840.000000	0.569020	0.503873	0.556917	0.578804	0.575126	0.556748	0.569020	0.639473	
1850.000000	0.594052	0.536141	0.562855	0.553636	0.570253	0.563387	0.562855	0.639473	
1860.000000	0.581222	0.512135	0.564799	0.563510	0.570864	0.558506	0.564799	0.639473	
1870.000000	0.588379	0.511087	0.538768	0.562086	0.593928	0.558850	0.562086	0.639473	
1880.000000	0.601528	0.491173	0.520174	0.569395	0.581411	0.552736	0.569395	0.639473	
1890.000000	0.573357	0.500626	0.521842	0.567865	0.582924	0.549323	0.567865	0.639473	
1900.000000	0.587240	0.510434	0.506876	0.579071	0.579852	0.552695	0.579071	0.639473	
1910.000000	0.607053	0.530008	0.549469	0.582096	0.562775	0.566280	0.562775	0.639473	
1920.000000	0.597598	0.499547	0.563917	0.558961	0.547641	0.553533	0.558961	0.639473	
1930.000000	0.589055	0.534036	0.557701	0.574859	0.571033	0.565337	0.571033	0.639473	
1940.000000	0.601691	0.511552	0.569660	0.580231	0.562961	0.565219	0.569660	0.639473	
1950.000000	0.615217	0.521319	0.545216	0.548574	0.559396	0.557944	0.548574	0.639473	
1960.000000	0.622600	0.526480	0.545695	0.539280	0.548282	0.556467	0.545695	0.639473	
1970.000000	0.604605	0.483475	0.526647	0.548687	0.574742	0.547631	0.548687	0.639473	
1980.000000	0.643199	0.528897	0.547476	0.559152	0.584450	0.572635	0.559152	0.639473	
1990.000000	0.596236	0.508776	0.537654	0.539154	0.575112	0.551386	0.539154	0.639473	
2000.000000	0.559007	0.488126	0.493353	0.526781	0.568543	0.527162	0.526781	0.639473	
2010.000000	0.579252	0.483332	0.500887	0.525165	0.587673	0.535262	0.525165	0.639473	
2020.000000	0.568002	0.480832	0.504778	0.522324	0.581547	0.531497	0.522324	0.639473	
2030.000000	0.585936	0.493266	0.496570	0.529508	0.570950	0.535246	0.529508	0.639473	
2040.000000	0.609008	0.508320	0.523535	0.536988	0.602062	0.555983	0.536988	0.639473	
2050.000000	0.553022	0.495969	0.512528	0.552215	0.565031	0.535753	0.552215	0.639473	
2060.000000	0.575909	0.482521	0.514978	0.542669	0.582371	0.539690	0.542669	0.639473	
2070.000000	0.600567	0.513673	0.538875	0.527200	0.584427	0.552948	0.538875	0.639473	
2080.000000	0.600093	0.524713	0.563781	0.536935	0.584270	0.561959	0.563781	0.639473	
2090.000000	0.590382	0.534953	0.592195	0.552384	0.555264	0.565036	0.555264	0.639473	
2100.000000	0.604348	0.518068	0.560404	0.559838	0.556050	0.559742	0.559838	0.639473	
2110.000000	0.599448	0.545906	0.583520	0.576833	0.564780	0.574097	0.576833	0.639473	
2120.000000	0.584362	0.536183	0.560229	0.551910	0.580135	0.562564	0.560229	0.639473	
2130.000000	0.591107	0.524326	0.548404	0.560032	0.565226	0.557819	0.560032	0.639473	
2140.000000	0.600016	0.549789	0.575105	0.571637	0.580251	0.575359	0.575105	0.639473	
2150.000000	0.599735	0.573645	0.599053	0.561911	0.559987	0.578866	0.573645	0.639473	
2160.000000	0.607529	0.595277	0.612778	0.567647	0.575809	0.591808	0.595277	0.639473	
2170.000000	0.622671	0.585777	0.605660	0.573788	0.556979	0.588975	0.585777	0.639473	
2180.000000	0.600852	0.578775	0.568698	0.564053	0.563250	0.575125	0.568698	0.639473	
2190.000000	0.630057	0.543289	0.560656	0.572947	0.552071	0.571804	0.560656	0.639473	
2200.000000	0.597068	0.557322	0.564555	0.567170	0.556147	0.568452	0.564555	0.639473	
2210.000000	0.639387	0.576396	0.609153	0.595748	0.580584	0.600254	0.595748	0.639473	
2220.000000	0.620840	0.554989	0.579243	0.559232	0.550326	0.572926	0.559232	0.639473	
2230.000000	0.607430	0.589977	0.608232	0.580592	0.562488	0.589744	0.589977	0.639473	
2240.000000	0.619525	0.609039	0.614996	0.566189	0.567781	0.595506	0.609039	0.639473	
2250.000000	0.630561	0.570680	0.604111	0.578245	0.565002	0.589720	0.578245	0.639473	
2260.000000	0.649312	0.587022	0.611630	0.568313	0.574039	0.598063	0.587022	0.639473	
2270.000000	0.619330	0.589380	0.626032	0.556236	0.564060	0.591008	0.589380	0.639473	
2280.000000	0.618440	0.594858	0.616212	0.572393	0.547151	0.589811	0.594858	0.639473	
2290.000000	0.641161	0.596035	0.632395	0.590531	0.526846	0.597394	0.596035	0.639473	
2300.000000	0.638449	0.611202	0.640114	0.570225	0.553799	0.602758	0.611202	0.639473	
2310.000000	0.637078	0.594741	0.629586	0.574515	0.523473	0.591878	0.594741	0.639473	
2320.000000	0.630206	0.571906	0.619862	0.560841	0.551667	0.586896	0.571906	0.639473	
2330.000000	0.627204	0.588034	0.638755	0.580444	0.564293	0.599746	0.588034	0.639473	
2340.000000	0.594778	0.565689	0.620978	0.534879	0.534451	0.570155	0.565689	0.639473	
2350.000000	0.590372	0.555677	0.581412	0.548242	0.567754	0.568692	0.567754	0.639473	
2360.000000	0.577904	0.564256	0.601715	0.563949	0.540497	0.569664	0.564256	0.639473	
2370.000000	0.602098	0.555188	0.628318	0.533958	0.540458	0.572004	0.555188	0.639473	
2380.000000	0.622775	0.589305	0.617737	0.532439	0.559903	0.584432	0.589305	0.639473	
2390.000000	0.573178	0.538474	0.573541	0.541508	0.541194	0.553579	0.541508	0.639473	
2400.000000	0.602449	0.527363	0.599059	0.507422	0.527826	0.552824	0.527826	0.639473	
2410.000000	0.592375	0.558538	0.588232	0.548574	0.563888	0.570322	0.563888	0.639473	
2420.000000	0.596672	0.541642	0.588847	0.533661	0.548973	0.561959	0.548973	0.639473	
2430.000000	0.619632	0.554576	0.606229	0.542967	0.536586	0.571998	0.554576	0.639473	
2440.000000	0.567679	0.529717	0.579572	0.525768	0.566629	0.553873	0.566629	0.639473	
2450.000000	0.601427	0.554848	0.611122	0.513068	0.529256	0.561944	0.554848	0.639473	
2460.000000	0.605443	0.543298	0.584507	0.520839	0.540674	0.558952	0.543298	0.639473	
2470.000000	0.625239	0.531648	0.575828	0.541661	0.542077	0.563290	0.542077	0.639473	
2480.000000	0.625958	0.536515	0.597961	0.533793	0.542455	0.567336	0.542455	0.639473	
2490.000000	0.589720	0.517145	0.582885	0.528215	0.535934	0.550780	0.535934	0.639473	
2500.000000	0.567886	0.519345	0.553507	0.504404	0.537517	0.536532	0.537517	0.639473	
2510.000000	0.581264	0.461930	0.535365	0.513981	0.539050	0.526318	0.535365	0.639473	
2520.000000	0.584732	0.509924	0.567310	0.533406	0.514373	0.541949	0.533406	0.639473	
2530.000000	0.593511	0.530234	0.551968	0.526747	0.516246	0.543741	0.530234	0.639473	
2540.000000	0.588839	0.475646	0.540338	0.511252	0.518160	0.526847	0.518160	0.639473	
2550.000000	0.593058	0.508299	0.535634	0.533406	0.503640	0.534807	0.533406	0.639473	
2560.000000	0.558012	0.498219	0.532585	0.515987	0.517232	0.524407	0.517232	0.639473	
2570.000000	0.542627	0.466997	0.509824	0.496681	0.521919	0.507610	0.509824	0.639473	
2580.000000	0.547790	0.464791	0.491995	0.507812	0.534853	0.509448	0.507812	0.639473	
2590.000000	0.576908	0.466422	0.491228	0.514759	0.539622	0.517788	0.514759	0.639473	
2600.000000	0.555477	0.474272	0.488007	0.498303	0.525313	0.508274	0.498303	0.639473	
2610.000000	0.548327	0.493978	0.530941	0.477824	0.523248	0.514864	0.523248	0.639473	
2620.000000	0.546668	0.467401	0.487579	0.509000	0.533284	0.508787	0.509000	0.639473	
2630.000000	0.604121	0.496820	0.538763	0.478686	0.517982	0.527274	0.517982	0.639473	
2640.000000	0.578128	0.476874	0.525807	0.488414	0.547113	0.523267	0.525807	0.639473	
2650.000000	0.580423	0.484543	0.516356	0.478134	0.538181	0.519527	0.516356	0.639473	
2660.000000	0.613725	0.508334	0.561892	0.496599	0.539788	0.544068	0.539788	0.639473	
2670.000000	0.591915	0.523104	0.554633	0.483475	0.541454	0.538916	0.541454	0.639473	
2680.000000	0.574830	0.509260	0.526068	0.478514	0.529519	0.523638	0.526068	0.639473	
2690.000000	0.579436	0.469310	0.508034	0.502941	0.524108	0.516766	0.508034	0.639473	
2700.000000	0.573482	0.460995	0.515807	0.484975	0.543896	0.515831	0.515807	0.639473	
2710.000000	0.565406	0.497104	0.509969	0.483250	0.512074	0.513560	0.509969	0.639473	
2720.000000	0.583210	0.492300	0.524524	0.481264	0.533872	0.523034	0.524524	0.639473	
2730.000000	0.562713	0.510054	0.536821	0.484568	0.535145	0.525860	0.535145	0.639473	
2740.000000	0.592738	0.524565	0.539544	0.466405	0.538122	0.532275	0.538122	0.639473	
2750.000000	0.588290	0.496171	0.485473	0.489340	0.553668	0.522588	0.496171	0.639473	
2760.000000	0.621102	0.520678	0.509978	0.482048	0.541793	0.535120	0.520678	0.639473	
2770.000000	0.602108	0.543207	0.519588	0.469709	0.542591	0.535440	0.542591	0.639473	
2780.000000	0.597954	0.549086	0.534559	0.492869	0.532360	0.541366	0.534559	0.639473	
2790.000000	0.597747	0.538619	0.545673	0.505278	0.508664	0.539196	0.538619	0.639473	
2800.000000	0.637785	0.515764	0.544659	0.487302	0.529968	0.543096	0.529968	0.639473	
2810.000000	0.595802	0.529670	0.531076	0.483347	0.524102	0.532799	0.529670	0.639473	
2820.000000	0.592057	0.503826	0.526576	0.477335	0.525809	0.525121	0.525809	0.639473	
2830.000000	0.576896	0.486787	0.507431	0.467047	0.529753	0.513583	0.507431	0.639473	
2840.000000	0.606113	0.508722	0.519060	0.472800	0.526708	0.526681	0.519060	0.639473	
2850.000000	0.603642	0.504679	0.494074	0.468212	0.530555	0.520232	0.504679	0.639473	
2860.000000	0.584086	0.512748	0.516964	0.465129	0.537502	0.523286	0.516964	0.639473	
2870.000000	0.601552	0.497259	0.499358	0.454831	0.564411	0.523482	0.499358	0.639473	
2880.000000	0.595638	0.510984	0.518652	0.470327	0.549709	0.529062	0.518652	0.639473	
2890.000000	0.583615	0.489949	0.511531	0.478376	0.556540	0.524002	0.511531	0.639473	
2900.000000	0.596957	0.491833	0.503544	0.471228	0.562663	0.525245	0.503544	0.639473	
2910.000000	0.619252	0.514076	0.534224	0.494623	0.563355	0.545106	0.534224	0.639473	
2920.000000	0.573838	0.520166	0.513332	0.494574	0.566585	0.533699	0.520166	0.639473	
2930.000000	0.570895	0.469381	0.497000	0.489378	0.562169	0.517765	0.497000	0.639473	
2940.000000	0.578976	0.506551	0.515467	0.492399	0.578762	0.534431	0.515467	0.639473	
2950.000000	0.583995	0.525101	0.556731	0.488162	0.574825	0.545763	0.556731	0.639473	
2960.000000	0.597890	0.548814	0.554606	0.486578	0.577093	0.552996	0.554606	0.639473	
2970.000000	0.589807	0.559123	0.572222	0.497302	0.568930	0.557477	0.568930	0.639473	
2980.000000	0.619513	0.559135	0.561106	0.518569	0.545143	0.560693	0.559135	0.639473	
2990.000000	0.629301	0.585596	0.584897	0.515922	0.560291	0.575201	0.584897	0.639473	
3000.000000	0.656303	0.587428	0.559406	0.500785	0.556835	0.572152	0.559406	0.639473	
3010.000000	0.666828	0.578714	0.626987	0.528552	0.546856	0.589587	0.578714	0.639473	
3020.000000	0.663819	0.611867	0.619070	0.513432	0.560625	0.593763	0.611867	0.639473	
3030.000000	0.665289	0.580919	0.600455	0.489906	0.547352	0.576784	0.580919	0.639473	
3040.000000	0.648260	0.595391	0.602653	0.501478	0.522407	0.574038	0.595391	0.639473	
3050.000000	0.662019	0.590771	0.611889	0.527944	0.538355	0.586196	0.590771	0.639473	
3060.000000	0.677109	0.575579	0.642422	0.519497	0.550503	0.593022	0.575579	0.639473	
3070.000000	0.686390	0.606913	0.627515	0.516501	0.555199	0.598503	0.606913	0.639473	
3080.000000	0.686274	0.579216	0.614730	0.497263	0.526651	0.580827	0.579216	0.639473	
3090.000000	0.681223	0.576741	0.615209	0.512419	0.547263	0.586571	0.576741	0.639473	
3100.000000	0.666986	0.570546	0.607997	0.514880	0.562527	0.584587	0.570546	0.639473	
3110.000000	0.683552	0.574906	0.634332	0.501444	0.557518	0.590350	0.574906	0.639473	
3120.000000	0.657208	0.562182	0.585524	0.498740	0.537546	0.568240	0.562182	0.639473	
3130.000000	0.646092	0.561082	0.614212	0.509585	0.554393	0.577073	0.561082	0.639473	
3140.000000	0.656188	0.579568	0.592560	0.536640	0.558980	0.584787	0.579568	0.639473	
3150.000000	0.656381	0.566119	0.620911	0.528462	0.537041	0.581783	0.566119	0.639473	
3160.000000	0.685033	0.565064	0.625449	0.520218	0.554056	0.589964	0.565064	0.639473	
3170.000000	0.663767	0.579148	0.607763	0.544544	0.559739	0.590992	0.579148	0.639473	
3180.000000	0.677687	0.593270	0.636501	0.515200	0.528768	0.590285	0.593270	0.639473	
3190.000000	0.654322	0.582162	0.624200	0.551401	0.550521	0.592521	0.582162	0.639473	
3200.000000	0.690086	0.602236	0.635356	0.545774	0.554440	0.605578	0.602236	0.639473	
3210.000000	0.681836	0.568679	0.618990	0.530291	0.522029	0.584365	0.568679	0.639473	
3220.000000	0.681949	0.584664	0.651275	0.524109	0.537277	0.595855	0.584664	0.639473	
3230.000000	0.673220	0.576867	0.639159	0.530557	0.532626	0.590486	0.576867	0.639473	
3240.000000	0.678376	0.590590	0.639926	0.528569	0.523740	0.592240	0.590590	0.639473	
3250.000000	0.653914	0.582218	0.616208	0.529661	0.510953	0.578591	0.582218	0.639473	
3260.000000	0.644811	0.576804	0.605963	0.556684	0.533459	0.583544	0.576804	0.639473	
3270.000000	0.651118	0.582188	0.619371	0.545119	0.529510	0.585461	0.582188	0.639473	
3280.000000	0.636851	0.570314	0.605992	0.530649	0.518626	0.572486	0.570314	0.639473	
3290.000000	0.664052	0.575491	0.627263	0.557052	0.521721	0.589116	0.575491	0.639473	
3300.000000	0.644243	0.571319	0.592670	0.550558	0.520540	0.575866	0.571319	0.639473	
3310.000000	0.637349	0.559196	0.602878	0.545004	0.502550	0.569395	0.559196	0.639473	
3320.000000	0.620355	0.549490	0.579257	0.536359	0.521447	0.561382	0.549490	0.639473	
3330.000000	0.649365	0.566963	0.616051	0.537909	0.521190	0.578296	0.566963	0.639473	
3340.000000	0.637196	0.547820	0.569262	0.550992	0.525771	0.566208	0.550992	0.639473	
3350.000000	0.650456	0.574201	0.620448	0.539912	0.501626	0.577329	0.574201	0.639473	
3360.000000	0.638110	0.574272	0.591043	0.528794	0.506269	0.567698	0.574272	0.639473	
3370.000000	0.621618	0.543311	0.602192	0.551178	0.496998	0.563059	0.551178	0.639473	
3380.000000	0.614519	0.561790	0.597265	0.561197	0.509891	0.568932	0.561790	0.639473	
3390.000000	0.621493	0.562522	0.591920	0.544749	0.520567	0.568250	0.562522	0.639473	
3400.000000	0.620438	0.575200	0.587089	0.529947	0.512896	0.565114	0.575200	0.639473	
3410.000000	0.622054	0.545868	0.580354	0.521663	0.509772	0.555942	0.545868	0.639473	
3420.000000	0.621187	0.547014	0.585953	0.514209	0.502348	0.554142	0.547014	0.639473	
3430.000000	0.639538	0.569926	0.594170	0.524535	0.515620	0.568758	0.569926	0.639473	
3440.000000	0.616845	0.548769	0.562156	0.538810	0.506667	0.554649	0.548769	0.639473	
3450.000000	0.615151	0.538671	0.574470	0.537090	0.499759	0.553028	0.538671	0.639473	
3460.000000	0.606546	0.553232	0.541433	0.527442	0.526457	0.551022	0.541433	0.639473	
3470.000000	0.603144	0.544426	0.540324	0.516481	0.516190	0.544113	0.540324	0.639473	
3480.000000	0.608262	0.543510	0.552559	0.534748	0.537133	0.555242	0.543510	0.639473	
3490.000000	0.621283	0.551088	0.549975	0.517571	0.507619	0.549507	0.549975	0.639473	
3500.000000	0.618423	0.548894	0.555297	0.549192	0.491829	0.552727	0.549192	0.639473	
3510.000000	0.623178	0.535180	0.556291	0.526754	0.525623	0.553405	0.535180	0.639473	
3520.000000	0.608414	0.522440	0.558863	0.535613	0.503119	0.545690	0.535613	0.639473	
3530.000000	0.598067	0.521073	0.531093	0.536582	0.499400	0.537243	0.531093	0.639473	
3540.000000	0.594665	0.521469	0.516026	0.513948	0.526497	0.534521	0.521469	0.639473	
3550.000000	0.619769	0.528279	0.538824	0.539212	0.518608	0.548938	0.538824	0.639473	
3560.000000	0.603781	0.529898	0.528496	0.532032	0.502016	0.539244	0.529898	0.639473	
3570.000000	0.602515	0.542310	0.524691	0.526454	0.525709	0.544336	0.526454	0.639473	
3580.000000	0.608467	0.525803	0.512272	0.502904	0.526293	0.535148	0.525803	0.639473	
3590.000000	0.585594	0.528533	0.526073	0.511840	0.513449	0.533098	0.526073	0.639473	
3600.000000	0.618526	0.523320	0.550555	0.513624	0.507722	0.542749	0.523320	0.639473	
3610.000000	0.604834	0.542544	0.530436	0.514778	0.524117	0.543342	0.530436	0.639473	
3620.000000	0.595894	0.507183	0.520216	0.515401	0.514795	0.530698	0.515401	0.639473	
3630.000000	0.585783	0.506723	0.507139	0.511522	0.529923	0.528218	0.511522	0.639473	
3640.000000	0.599601	0.522092	0.506798	0.499496	0.542050	0.534007	0.522092	0.639473	
3650.000000	0.615417	0.519567	0.507924	0.509684	0.526107	0.535740	0.519567	0.639473	
3660.000000	0.599799	0.527002	0.551320	0.527151	0.538323	0.548719	0.538323	0.639473	
3670.000000	0.628896	0.537370	0.560915	0.549146	0.540370	0.563339	0.549146	0.639473	
3680.000000	0.636407	0.572101	0.562747	0.535496	0.545206	0.570392	0.562747	0.639473	
3690.000000	0.642071	0.567570	0.581070	0.535763	0.523801	0.570055	0.567570	0.639473	
3700.000000	0.640299	0.595882	0.589458	0.536661	0.531246	0.578709	0.589458	0.639473	
3710.000000	0.623691	0.583670	0.585137	0.527696	0.510932	0.566225	0.583670	0.639473	
3720.000000	0.669191	0.582745	0.596759	0.529368	0.539023	0.583417	0.582745	0.639473	
3730.000000	0.669539	0.614747	0.617549	0.533741	0.508183	0.588752	0.614747	0.639473	
3740.000000	0.643042	0.607525	0.611913	0.540123	0.503962	0.581313	0.607525	0.639473	
3750.000000	0.668015	0.599691	0.629227	0.577530	0.523620	0.599617	0.599691	0.639473	
3760.000000	0.670204	0.593063	0.617026	0.544563	0.531125	0.591196	0.593063	0.639473	
3770.000000	0.682863	0.598029	0.628980	0.568306	0.535824	0.602801	0.598029	0.639473	
3780.000000	0.634039	0.585798	0.618763	0.547545	0.535925	0.584414	0.585798	0.639473	
3790.000000	0.668769	0.619426	0.654387	0.549532	0.552036	0.608830	0.619426	0.639473	
3800.000000	0.628490	0.596213	0.613513	0.569251	0.545364	0.590566	0.596213	0.639473	
3810.000000	0.643875	0.583332	0.611469	0.553780	0.539823	0.586456	0.583332	0.639473	
3820.000000	0.652303	0.611731	0.641213	0.527965	0.556153	0.597873	0.611731	0.639473	
3830.000000	0.634767	0.589935	0.621261	0.541458	0.533888	0.584262	0.589935	0.639473	
3840.000000	0.662151	0.638201	0.643502	0.533672	0.545586	0.604622	0.638201	0.639473	
3850.000000	0.660968	0.635094	0.659072	0.556674	0.519749	0.606311	0.635094	0.639473	
3860.000000	0.648724	0.619359	0.623729	0.560320	0.529022	0.596231	0.619359	0.639473	
3870.000000	0.640669	0.606556	0.614290	0.544907	0.527510	0.586786	0.606556	0.639473	
3880.000000	0.692223	0.620492	0.651248	0.549393	0.520815	0.606834	0.620492	0.639473	
3890.000000	0.670527	0.646524	0.636184	0.543909	0.536001	0.606629	0.636184	0.639473	
3900.000000	0.673528	0.641471	0.658617	0.557469	0.505589	0.607335	0.641471	0.639473	
3910.000000	0.664066	0.634694	0.632337	0.566577	0.516089	0.602753	0.632337	0.639473	
3920.000000	0.688438	0.662741	0.642635	0.563699	0.521721	0.615847	0.642635	0.639473	
3930.000000	0.672148	0.666299	0.671920	0.583160	0.535372	0.625780	0.666299	0.639473	
3940.000000	0.649754	0.623445	0.624278	0.581969	0.525304	0.600950	0.623445	0.639473	
3950.000000	0.701292	0.632127	0.642645	0.572712	0.551478	0.620051	0.632127	0.639473	
3960.000000	0.645520	0.630459	0.610472	0.577760	0.526261	0.598094	0.610472	0.639473	
3970.000000	0.679637	0.599011	0.650068	0.586149	0.549381	0.612849	0.599011	0.639473	
3980.000000	0.677762	0.629435	0.634655	0.569525	0.520705	0.606416	0.629435	0.639473	
3990.000000	0.666898	0.607944	0.628313	0.576193	0.514840	0.598838	0.607944	0.639473	
4000.000000	0.656791	0.632000	0.630864	0.596020	0.510427	0.605220	0.630864	0.639473	
4010.000000	0.671273	0.606053	0.620470	0.582176	0.507822	0.597559	0.606053	0.639473	
4020.000000	0.675915	0.629583	0.654472	0.579333	0.516975	0.611255	0.629583	0.639473	
4030.000000	0.664055	0.584800	0.608601	0.581767	0.504429	0.588730	0.584800	0.639473	
4040.000000	0.655495	0.606756	0.625961	0.574582	0.528255	0.598210	0.606756	0.639473	
4050.000000	0.653794	0.606417	0.623843	0.596056	0.523346	0.600691	0.606417	0.639473	
4060.000000	0.661520	0.621129	0.611950	0.598965	0.505589	0.599831	0.611950	0.639473	
4070.000000	0.680580	0.621831	0.645757	0.617824	0.537325	0.620663	0.621831	0.639473	
4080.000000	0.698641	0.636886	0.662611	0.620235	0.528574	0.629389	0.636886	0.639473	
4090.000000	0.656468	0.644400	0.623967	0.600261	0.505152	0.606050	0.623967	0.639473	
4100.000000	0.656426	0.625463	0.639586	0.583848	0.523925	0.605849	0.625463	0.639473	
4110.000000	0.672034	0.647959	0.667149	0.597330	0.514943	0.619883	0.647959	0.639473	
4120.000000	0.692638	0.646968	0.676385	0.609466	0.492671	0.623625	0.646968	0.639473	
4130.000000	0.703944	0.638709	0.673770	0.602722	0.510365	0.625902	0.638709	0.639473	
4140.000000	0.681263	0.639134	0.666321	0.587169	0.501901	0.615157	0.639134	0.639473	
4150.000000	0.678556	0.655504	0.656995	0.588855	0.531633	0.622309	0.655504	0.639473	
4160.000000	0.680412	0.645652	0.676644	0.582712	0.516042	0.620292	0.645652	0.639473	
4170.000000	0.681541	0.648278	0.648104	0.602608	0.516190	0.619344	0.648104	0.639473	
4180.000000	0.668698	0.618900	0.650779	0.586536	0.498962	0.604775	0.618900	0.639473	
4190.000000	0.671139	0.623687	0.640498	0.578083	0.499172	0.602516	0.623687	0.639473	
4200.000000	0.680582	0.618874	0.640730	0.565877	0.525378	0.606288	0.618874	0.639473	
4210.000000	0.643581	0.604705	0.619869	0.560943	0.527463	0.591312	0.604705	0.639473	
4220.000000	0.709484	0.612749	0.663014	0.587324	0.492390	0.612992	0.612749	0.639473	
4230.000000	0.693770	0.608235	0.650515	0.565278	0.485807	0.600721	0.608235	0.639473	
4240.000000	0.678737	0.616645	0.645837	0.557331	0.506470	0.601004	0.616645	0.639473	
4250.000000	0.652905	0.602960	0.635558	0.555928	0.523325	0.594135	0.602960	0.639473	
4260.000000	0.663951	0.616741	0.649176	0.576624	0.502299	0.601758	0.616741	0.639473	
4270.000000	0.669808	0.604440	0.634086	0.551818	0.511452	0.594321	0.604440	0.639473	
4280.000000	0.634932	0.603368	0.625578	0.576521	0.546306	0.597341	0.603368	0.639473	
4290.000000	0.658845	0.611369	0.641123	0.558028	0.529669	0.599807	0.611369	0.639473	
4300.000000	0.644106	0.595361	0.639171	0.564983	0.531090	0.594942	0.595361	0.639473	
4310.000000	0.660742	0.609321	0.649142	0.601889	0.514323	0.607083	0.609321	0.639473	
4320.000000	0.681362	0.626793	0.652691	0.597388	0.532144	0.618076	0.626793	0.639473	
4330.000000	0.663481	0.622869	0.656714	0.581999	0.533775	0.611768	0.622869	0.639473	
4340.000000	0.708374	0.647660	0.687038	0.615892	0.519943	0.635782	0.647660	0.639473	
4350.000000	0.668394	0.612320	0.673515	0.593890	0.519164	0.613457	0.612320	0.639473	
4360.000000	0.665692	0.623651	0.674082	0.570082	0.522909	0.611283	0.623651	0.639473	
4370.000000	0.677006	0.649349	0.668078	0.585265	0.523517	0.620643	0.649349	0.639473	
4380.000000	0.673780	0.639599	0.677609	0.596785	0.530273	0.623609	0.639599	0.639473	
4390.000000	0.695161	0.638575	0.693992	0.603241	0.558909	0.637975	0.638575	0.639473	
4400.000000	0.655085	0.609779	0.648717	0.585718	0.533819	0.606624	0.609779	0.639473	
4410.000000	0.660860	0.626689	0.663373	0.587457	0.537517	0.615179	0.626689	0.639473	
4420.000000	0.661201	0.639509	0.696105	0.613693	0.539460	0.629994	0.639509	0.639473	
4430.000000	0.668300	0.624166	0.675709	0.591492	0.549106	0.621755	0.624166	0.639473	
4440.000000	0.648915	0.623847	0.679910	0.588140	0.544401	0.617043	0.623847	0.639473	
4450.000000	0.682809	0.638342	0.689046	0.611253	0.521851	0.628660	0.638342	0.639473	
4460.000000	0.693865	0.638612	0.697338	0.584400	0.536016	0.630046	0.638612	0.639473	
4470.000000	0.729154	0.661602	0.728722	0.606973	0.525777	0.650445	0.661602	0.650445	
4480.000000	0.705671	0.671728	0.729626	0.588874	0.526326	0.644445	0.671728	0.650445	
4490.000000	0.713475	0.669802	0.721560	0.591294	0.531350	0.645496	0.669802	0.650445	
4500.000000	0.670856	0.623659	0.712459	0.608809	0.535694	0.630296	0.623659	0.650445	
4510.000000	0.672060	0.631713	0.707380	0.600411	0.544581	0.631229	0.631713	0.650445	
4520.000000	0.677220	0.656650	0.722623	0.603415	0.507028	0.633387	0.656650	0.650445	
4530.000000	0.690223	0.637095	0.723973	0.607409	0.543235	0.640387	0.637095	0.650445	
4540.000000	0.649412	0.632084	0.706161	0.612581	0.537644	0.627576	0.632084	0.650445	
4550.000000	0.671434	0.634466	0.696090	0.617515	0.528718	0.629645	0.634466	0.650445	
4560.000000	0.693225	0.663248	0.712986	0.621531	0.527752	0.643749	0.663248	0.650445	
4570.000000	0.655384	0.652657	0.700220	0.609146	0.548061	0.633093	0.652657	0.650445	
4580.000000	0.658030	0.646143	0.695892	0.617949	0.537384	0.631080	0.646143	0.650445	
4590.000000	0.665892	0.660274	0.696884	0.607770	0.512235	0.628611	0.660274	0.650445	
4600.000000	0.673736	0.655811	0.733539	0.616246	0.544129	0.644692	0.655811	0.650445	
4610.000000	0.708609	0.666220	0.711208	0.622382	0.524601	0.646604	0.666220	0.650445	
4620.000000	0.693736	0.664235	0.712613	0.599646	0.548563	0.643758	0.664235	0.650445	
4630.000000	0.711037	0.633825	0.710307	0.580333	0.527023	0.632505	0.633825	0.650445	
4640.000000	0.670009	0.621686	0.689896	0.598459	0.552446	0.626499	0.621686	0.650445	
4650.000000	0.692581	0.642046	0.707247	0.597507	0.560648	0.640006	0.642046	0.650445	
4660.000000	0.678923	0.608585	0.684463	0.590182	0.549257	0.622282	0.608585	0.650445	
4670.000000	0.693455	0.630682	0.703235	0.582019	0.541250	0.630128	0.630682	0.650445	
4680.000000	0.694403	0.619027	0.695753	0.576828	0.570176	0.631237	0.619027	0.650445	
4690.000000	0.711375	0.648302	0.708018	0.591878	0.559812	0.643877	0.648302	0.650445	
4700.000000	0.718955	0.628589	0.703739	0.585468	0.546271	0.636604	0.628589	0.650445	
4710.000000	0.710869	0.641983	0.713336	0.596930	0.546221	0.641868	0.641983	0.650445	
4720.000000	0.695734	0.650523	0.696552	0.578775	0.541398	0.632596	0.650523	0.650445	
4730.000000	0.709620	0.640252	0.692099	0.594000	0.528272	0.632849	0.640252	0.650445	
4740.000000	0.683204	0.611895	0.684026	0.572054	0.525546	0.615345	0.611895	0.650445	
4750.000000	0.673043	0.609097	0.670894	0.600375	0.531806	0.617043	0.609097	0.650445	
4760.000000	0.658373	0.622162	0.659780	0.591395	0.523653	0.611073	0.622162	0.650445	
4770.000000	0.674775	0.601769	0.673053	0.571281	0.547691	0.613714	0.601769	0.650445	
4780.000000	0.667035	0.586489	0.655586	0.575355	0.528231	0.602539	0.586489	0.650445	
4790.000000	0.648616	0.593277	0.641753	0.564811	0.534173	0.596526	0.593277	0.650445	
4800.000000	0.663687	0.593888	0.628814	0.596315	0.563741	0.609289	0.596315	0.650445	
4810.000000	0.660358	0.592371	0.645581	0.569544	0.535683	0.600707	0.592371	0.650445	
4820.000000	0.697576	0.600578	0.638302	0.556475	0.520655	0.602717	0.600578	0.650445	
4830.000000	0.680926	0.588448	0.637454	0.553613	0.551078	0.602304	0.588448	0.650445	
4840.000000	0.672791	0.588810	0.629557	0.557745	0.537108	0.597202	0.588810	0.650445	
4850.000000	0.660045	0.624803	0.632620	0.582353	0.536970	0.607358	0.624803	0.650445	
4860.000000	0.663169	0.613840	0.641255	0.575864	0.550630	0.608952	0.613840	0.650445	
4870.000000	0.690275	0.614512	0.649863	0.560503	0.542839	0.611598	0.614512	0.650445	
4880.000000	0.678683	0.623734	0.656778	0.573824	0.556980	0.618000	0.623734	0.650445	
4890.000000	0.667563	0.579108	0.630376	0.557476	0.557134	0.598331	0.579108	0.650445	
4900.000000	0.647807	0.571986	0.625458	0.584880	0.572979	0.600622	0.584880	0.650445	
4910.000000	0.656817	0.601560	0.633954	0.558578	0.541120	0.598406	0.601560	0.650445	
4920.000000	0.707024	0.598908	0.674947	0.568141	0.567131	0.623230	0.598908	0.650445	
4930.000000	0.689252	0.599699	0.677519	0.581718	0.536182	0.616874	0.599699	0.650445	
4940.000000	0.656110	0.607881	0.645481	0.590594	0.555034	0.611020	0.607881	0.650445	
4950.000000	0.644893	0.594324	0.652804	0.561873	0.541796	0.599138	0.594324	0.650445	
4960.000000	0.613643	0.570318	0.615404	0.560400	0.526196	0.577192	0.570318	0.650445	
4970.000000	0.667572	0.581288	0.628421	0.568788	0.534649	0.596144	0.581288	0.650445	
4980.000000	0.673801	0.581467	0.638565	0.565978	0.528748	0.597712	0.581467	0.650445	
4990.000000	0.659208	0.582526	0.670833	0.539459	0.537366	0.597879	0.582526	0.650445	
5000.000000	0.670388	0.582005	0.644181	0.544805	0.512948	0.590865	0.582005	0.650445	
