Epoch	AUC-21	AUC-22	AUC-23	AUC-24	AUC-25	AUC-26	AUC-Avg	AUC-Mid	AUC-Best	
1.000000	0.484383	0.520366	0.486996	0.497675	0.454732	0.494265	0.489736	0.490630	0.489736	
10.000000	0.543840	0.531434	0.533488	0.573383	0.507102	0.539773	0.538170	0.536631	0.538170	
20.000000	0.565736	0.526506	0.561608	0.581831	0.627247	0.540398	0.567221	0.563672	0.567221	
30.000000	0.573434	0.533882	0.575857	0.601574	0.679416	0.540754	0.584153	0.574646	0.584153	
40.000000	0.579356	0.541066	0.564805	0.592283	0.684807	0.545282	0.584600	0.572080	0.584600	
50.000000	0.590219	0.543868	0.580910	0.598650	0.704012	0.551365	0.594837	0.585564	0.594837	
60.000000	0.612692	0.550312	0.598473	0.620139	0.721016	0.571197	0.612305	0.605582	0.612305	
70.000000	0.621560	0.550290	0.607307	0.628242	0.733993	0.586396	0.621298	0.614434	0.621298	
80.000000	0.639228	0.549298	0.604875	0.623820	0.754042	0.586990	0.626375	0.614347	0.626375	
90.000000	0.656684	0.535519	0.616209	0.630248	0.762918	0.588660	0.631706	0.623228	0.631706	
100.000000	0.656614	0.548840	0.616401	0.632186	0.758615	0.598369	0.635171	0.624294	0.635171	
110.000000	0.672338	0.547966	0.624644	0.624618	0.759779	0.607826	0.639528	0.624631	0.639528	
120.000000	0.666544	0.553290	0.608351	0.625205	0.768196	0.598516	0.636684	0.616778	0.639528	
130.000000	0.662885	0.553451	0.612377	0.632876	0.775531	0.599603	0.639454	0.622626	0.639528	
140.000000	0.667131	0.555444	0.619326	0.632524	0.775908	0.610117	0.643408	0.625925	0.643408	
150.000000	0.671917	0.555807	0.620562	0.646211	0.773247	0.598986	0.644455	0.633387	0.644455	
160.000000	0.680167	0.561305	0.619716	0.647104	0.783344	0.613302	0.650823	0.633410	0.650823	
170.000000	0.686002	0.558857	0.628383	0.645890	0.781092	0.618479	0.653117	0.637136	0.653117	
180.000000	0.687507	0.543310	0.626314	0.644816	0.778802	0.619951	0.650117	0.635565	0.653117	
190.000000	0.688556	0.545294	0.631201	0.651238	0.784023	0.621359	0.653612	0.641220	0.653612	
200.000000	0.690204	0.549800	0.630350	0.647946	0.781658	0.625176	0.654189	0.639148	0.654189	
210.000000	0.692752	0.554983	0.631054	0.662045	0.788508	0.628153	0.659582	0.646549	0.659582	
220.000000	0.689982	0.573083	0.623612	0.660278	0.789395	0.629609	0.660993	0.644943	0.660993	
230.000000	0.692927	0.577347	0.624868	0.660421	0.792018	0.630825	0.663068	0.645623	0.663068	
240.000000	0.690430	0.571409	0.624164	0.660699	0.796233	0.635397	0.663055	0.648048	0.663068	
250.000000	0.686611	0.579833	0.625579	0.665027	0.791194	0.633391	0.663606	0.649209	0.663606	
260.000000	0.682665	0.580658	0.634073	0.675952	0.795566	0.630789	0.666617	0.655013	0.666617	
270.000000	0.684295	0.589330	0.630101	0.683685	0.802140	0.624914	0.669077	0.656893	0.669077	
280.000000	0.682202	0.582932	0.631260	0.680701	0.801285	0.627238	0.667603	0.655980	0.669077	
290.000000	0.685902	0.582102	0.630578	0.674548	0.771580	0.635183	0.663315	0.654865	0.669077	
300.000000	0.682098	0.585127	0.631731	0.673615	0.788898	0.623763	0.664205	0.652673	0.669077	
310.000000	0.677851	0.583850	0.628985	0.667007	0.789911	0.624010	0.661936	0.647996	0.669077	
320.000000	0.681116	0.569506	0.638938	0.665399	0.786206	0.619451	0.660103	0.652168	0.669077	
330.000000	0.688550	0.568998	0.644329	0.671962	0.799058	0.625345	0.666374	0.658145	0.669077	
340.000000	0.695992	0.567554	0.648637	0.669336	0.797271	0.631459	0.668375	0.658986	0.669077	
350.000000	0.705140	0.572897	0.647581	0.681943	0.803983	0.634217	0.674294	0.664762	0.674294	
360.000000	0.694614	0.586540	0.643818	0.681642	0.806166	0.632449	0.674205	0.662730	0.674294	
370.000000	0.698688	0.584160	0.649445	0.679442	0.800240	0.631112	0.673848	0.664444	0.674294	
380.000000	0.700495	0.587427	0.648423	0.676965	0.802675	0.629356	0.674223	0.662694	0.674294	
390.000000	0.699403	0.584662	0.647084	0.680886	0.787753	0.635099	0.672481	0.663985	0.674294	
400.000000	0.702112	0.579722	0.655885	0.676289	0.794377	0.632608	0.673499	0.666087	0.674294	
410.000000	0.703721	0.582914	0.649446	0.678987	0.802253	0.633168	0.675082	0.664217	0.675082	
420.000000	0.702972	0.578314	0.645578	0.682691	0.804788	0.637361	0.675284	0.664134	0.675284	
430.000000	0.706384	0.578748	0.652005	0.685221	0.805826	0.642068	0.678375	0.668613	0.678375	
440.000000	0.705330	0.576659	0.649558	0.681205	0.801693	0.640780	0.675871	0.665382	0.678375	
450.000000	0.702703	0.577961	0.643072	0.679704	0.807777	0.632185	0.673900	0.661388	0.678375	
460.000000	0.707269	0.580682	0.648960	0.678954	0.813885	0.635015	0.677461	0.663957	0.678375	
470.000000	0.701841	0.587067	0.650688	0.683518	0.804273	0.634905	0.677049	0.667103	0.678375	
480.000000	0.698312	0.593024	0.646360	0.687037	0.805782	0.635734	0.677708	0.666698	0.678375	
490.000000	0.704009	0.602471	0.642736	0.683402	0.807173	0.642057	0.680308	0.663069	0.680308	
500.000000	0.702804	0.607256	0.642295	0.693129	0.799693	0.638212	0.680565	0.667712	0.680565	
510.000000	0.694621	0.609655	0.645344	0.694217	0.801461	0.631065	0.679394	0.669780	0.680565	
520.000000	0.701094	0.618234	0.653850	0.696558	0.808745	0.641054	0.686589	0.675204	0.686589	
530.000000	0.693253	0.616883	0.639933	0.691864	0.801215	0.625893	0.678173	0.665898	0.686589	
540.000000	0.700975	0.606506	0.654300	0.697284	0.811759	0.641526	0.685392	0.675792	0.686589	
550.000000	0.707904	0.602074	0.657724	0.698082	0.813010	0.640470	0.686544	0.677903	0.686589	
560.000000	0.704511	0.614471	0.655158	0.695732	0.810695	0.642487	0.687176	0.675445	0.687176	
570.000000	0.703184	0.606438	0.658269	0.699632	0.818735	0.637293	0.687258	0.678950	0.687258	
580.000000	0.705209	0.601560	0.656711	0.695678	0.808531	0.637950	0.684273	0.676195	0.687258	
590.000000	0.715039	0.605266	0.654476	0.683932	0.809513	0.645333	0.685593	0.669204	0.687258	
600.000000	0.719859	0.602781	0.651310	0.678691	0.804336	0.643558	0.683422	0.665000	0.687258	
610.000000	0.705584	0.611044	0.646762	0.681207	0.798529	0.642207	0.680889	0.663985	0.687258	
620.000000	0.708450	0.605242	0.651839	0.681029	0.792069	0.639846	0.679746	0.666434	0.687258	
630.000000	0.705687	0.606828	0.658841	0.676130	0.795604	0.644195	0.681214	0.667486	0.687258	
640.000000	0.708994	0.612395	0.659485	0.683798	0.803228	0.648243	0.686024	0.671642	0.687258	
650.000000	0.706963	0.619765	0.660619	0.684568	0.790370	0.643265	0.684258	0.672593	0.687258	
660.000000	0.711382	0.631679	0.656747	0.686350	0.807651	0.651885	0.690949	0.671548	0.690949	
670.000000	0.708275	0.619747	0.660516	0.687608	0.792276	0.651786	0.686701	0.674062	0.690949	
680.000000	0.716304	0.618147	0.666918	0.696317	0.801782	0.650873	0.691723	0.681617	0.691723	
690.000000	0.721758	0.622530	0.668356	0.695142	0.806669	0.660542	0.695833	0.681749	0.695833	
700.000000	0.715777	0.617354	0.668505	0.688670	0.797491	0.649839	0.689606	0.678587	0.695833	
710.000000	0.720803	0.620732	0.668127	0.684541	0.795642	0.657260	0.691184	0.676334	0.695833	
720.000000	0.728629	0.612742	0.665023	0.687046	0.800448	0.653750	0.691273	0.676035	0.695833	
730.000000	0.720764	0.627135	0.663409	0.685773	0.792327	0.657628	0.691173	0.674591	0.695833	
740.000000	0.722385	0.623875	0.661172	0.680154	0.798548	0.662641	0.691462	0.671397	0.695833	
750.000000	0.722439	0.604219	0.671156	0.689875	0.796252	0.662921	0.691144	0.680515	0.695833	
760.000000	0.724906	0.612389	0.669509	0.694244	0.811123	0.660617	0.695465	0.681877	0.695833	
770.000000	0.725962	0.612804	0.673427	0.691677	0.801253	0.663523	0.694774	0.682552	0.695833	
780.000000	0.725554	0.609401	0.660213	0.685114	0.800989	0.660968	0.690373	0.673041	0.695833	
790.000000	0.723911	0.603667	0.673076	0.694395	0.803530	0.661795	0.693396	0.683735	0.695833	
800.000000	0.724248	0.616796	0.679767	0.694392	0.803606	0.654643	0.695575	0.687080	0.695833	
810.000000	0.720896	0.624625	0.677441	0.698107	0.805908	0.654828	0.696968	0.687774	0.696968	
820.000000	0.726711	0.623698	0.668465	0.694527	0.801599	0.659389	0.695732	0.681496	0.696968	
830.000000	0.725829	0.623813	0.676650	0.696037	0.809186	0.662751	0.699044	0.686344	0.699044	
840.000000	0.720745	0.623794	0.679882	0.693165	0.807858	0.658812	0.697376	0.686524	0.699044	
850.000000	0.722418	0.630762	0.676464	0.700164	0.801706	0.657279	0.698132	0.688314	0.699044	
860.000000	0.718227	0.612178	0.680453	0.692327	0.801442	0.657002	0.693605	0.686390	0.699044	
870.000000	0.724562	0.605465	0.680802	0.690978	0.799976	0.659984	0.693628	0.685890	0.699044	
880.000000	0.726438	0.602979	0.677538	0.697515	0.794315	0.657503	0.692715	0.687527	0.699044	
890.000000	0.725921	0.606742	0.676575	0.696500	0.805757	0.658243	0.694956	0.686537	0.699044	
900.000000	0.732167	0.602328	0.673256	0.696872	0.806179	0.657004	0.694634	0.685064	0.699044	
910.000000	0.734809	0.618656	0.672701	0.699156	0.813564	0.660214	0.699850	0.685929	0.699850	
920.000000	0.725893	0.627941	0.664938	0.693712	0.810129	0.654261	0.696146	0.679325	0.699850	
930.000000	0.734179	0.626478	0.672394	0.702183	0.813098	0.658320	0.701109	0.687289	0.701109	
940.000000	0.725817	0.623986	0.662854	0.693985	0.805499	0.658492	0.695106	0.678419	0.701109	
950.000000	0.729877	0.632206	0.668229	0.699234	0.803990	0.661967	0.699250	0.683732	0.701109	
960.000000	0.724127	0.630985	0.669194	0.693622	0.811117	0.662077	0.698520	0.681408	0.701109	
970.000000	0.727067	0.629113	0.672519	0.697612	0.801945	0.662138	0.698399	0.685066	0.701109	
980.000000	0.735410	0.633161	0.669436	0.694279	0.797447	0.663020	0.698792	0.681858	0.701109	
990.000000	0.728881	0.632225	0.662016	0.688591	0.791924	0.666263	0.694983	0.677427	0.701109	
1000.000000	0.734423	0.629522	0.666527	0.692505	0.795189	0.667180	0.697558	0.679843	0.701109	
1010.000000	0.733133	0.633979	0.667171	0.695810	0.807764	0.667815	0.700946	0.681813	0.701109	
1020.000000	0.740038	0.642254	0.671558	0.699835	0.810192	0.674808	0.706448	0.687322	0.706448	
1030.000000	0.739477	0.649017	0.675303	0.706312	0.812218	0.669816	0.708690	0.690808	0.708690	
1040.000000	0.727933	0.647641	0.675991	0.708797	0.801234	0.665234	0.704472	0.692394	0.708690	
1050.000000	0.720653	0.655296	0.674491	0.703562	0.806172	0.660988	0.703527	0.689026	0.708690	
1060.000000	0.728648	0.654041	0.676538	0.707133	0.807726	0.662954	0.706173	0.691835	0.708690	
1070.000000	0.731335	0.645676	0.675505	0.710295	0.814583	0.663309	0.706784	0.692900	0.708690	
1080.000000	0.731636	0.646271	0.671544	0.703710	0.820836	0.660509	0.705751	0.687627	0.708690	
1090.000000	0.739151	0.639992	0.678497	0.709759	0.825076	0.667663	0.710023	0.694128	0.710023	
1100.000000	0.733912	0.633657	0.675279	0.710298	0.822541	0.668732	0.707403	0.692789	0.710023	
1110.000000	0.731904	0.641076	0.675091	0.711262	0.824000	0.670306	0.708940	0.693177	0.710023	
1120.000000	0.740094	0.639465	0.677716	0.709974	0.821509	0.669083	0.709640	0.693845	0.710023	
1130.000000	0.737764	0.642421	0.675151	0.710104	0.828976	0.672727	0.711190	0.692627	0.711190	
1140.000000	0.733215	0.649290	0.671596	0.698831	0.822503	0.669233	0.707445	0.685214	0.711190	
1150.000000	0.737122	0.644560	0.670900	0.702694	0.819980	0.667963	0.707203	0.686797	0.711190	
1160.000000	0.726933	0.643357	0.669690	0.698704	0.809683	0.664481	0.702141	0.684197	0.711190	
1170.000000	0.730524	0.644256	0.672050	0.705850	0.801668	0.664707	0.703176	0.688950	0.711190	
1180.000000	0.731380	0.636669	0.676950	0.705267	0.813665	0.663078	0.704501	0.691108	0.711190	
1190.000000	0.722936	0.636353	0.675010	0.709497	0.813897	0.660156	0.702975	0.692254	0.711190	
1200.000000	0.732720	0.650802	0.675002	0.710009	0.815885	0.674253	0.709778	0.692505	0.711190	
1210.000000	0.728586	0.649327	0.673425	0.707344	0.812935	0.667714	0.706555	0.690384	0.711190	
1220.000000	0.735173	0.653331	0.672438	0.706308	0.815218	0.671209	0.708946	0.689373	0.711190	
1230.000000	0.735321	0.651193	0.674300	0.701603	0.807644	0.675099	0.707527	0.688351	0.711190	
1240.000000	0.736602	0.644399	0.672168	0.702048	0.805367	0.680225	0.706802	0.691136	0.711190	
1250.000000	0.738658	0.649017	0.678699	0.700656	0.802536	0.678064	0.707939	0.689678	0.711190	
1260.000000	0.738308	0.656362	0.674736	0.698142	0.811041	0.678508	0.709516	0.688325	0.711190	
1270.000000	0.737751	0.656734	0.676331	0.701813	0.813608	0.681012	0.711208	0.691413	0.711208	
1280.000000	0.730113	0.644417	0.676886	0.700240	0.808047	0.674136	0.705640	0.688563	0.711208	
1290.000000	0.734808	0.651943	0.682650	0.706280	0.819804	0.677097	0.712097	0.694465	0.712097	
1300.000000	0.738946	0.646630	0.686395	0.707330	0.816313	0.673331	0.711491	0.696863	0.712097	
1310.000000	0.739450	0.631189	0.691190	0.706955	0.820754	0.678042	0.711263	0.699073	0.712097	
1320.000000	0.745490	0.634636	0.689448	0.703839	0.818307	0.678413	0.711689	0.696644	0.712097	
1330.000000	0.743559	0.643401	0.686839	0.699729	0.809550	0.678470	0.710258	0.693284	0.712097	
1340.000000	0.738583	0.644188	0.685799	0.697686	0.811173	0.678612	0.709340	0.691743	0.712097	
1350.000000	0.744487	0.645143	0.684174	0.695840	0.808965	0.682716	0.710221	0.690007	0.712097	
1360.000000	0.746864	0.647901	0.683112	0.701263	0.819578	0.683688	0.713734	0.692475	0.713734	
1370.000000	0.744991	0.656251	0.685270	0.704952	0.811457	0.688476	0.715233	0.696714	0.715233	
1380.000000	0.745806	0.643698	0.684404	0.700823	0.812186	0.682304	0.711537	0.692613	0.715233	
1390.000000	0.745917	0.650368	0.686988	0.702401	0.812281	0.683164	0.713520	0.694694	0.715233	
1400.000000	0.741165	0.653195	0.686244	0.701910	0.808991	0.675099	0.711101	0.694077	0.715233	
1410.000000	0.742701	0.653839	0.686976	0.701003	0.806751	0.677074	0.711391	0.693990	0.715233	
1420.000000	0.742240	0.650151	0.685684	0.707663	0.820471	0.682138	0.714725	0.696673	0.715233	
1430.000000	0.749777	0.644188	0.692381	0.714050	0.812589	0.679810	0.715466	0.703215	0.715466	
1440.000000	0.743094	0.648205	0.689647	0.711073	0.819949	0.677612	0.714930	0.700360	0.715466	
1450.000000	0.753193	0.630588	0.695010	0.713300	0.820716	0.681045	0.715642	0.704155	0.715642	
1460.000000	0.754335	0.635436	0.691644	0.712373	0.814633	0.690974	0.716566	0.702008	0.716566	
1470.000000	0.754862	0.635398	0.691834	0.707860	0.814319	0.688598	0.715478	0.699847	0.716566	
1480.000000	0.753449	0.640103	0.691907	0.710876	0.820056	0.685286	0.716946	0.701392	0.716946	
1490.000000	0.754996	0.632810	0.687709	0.705490	0.812224	0.686567	0.713299	0.696599	0.716946	
1500.000000	0.749124	0.635485	0.690486	0.709733	0.808890	0.681409	0.712521	0.700110	0.716946	
1510.000000	0.749113	0.636756	0.690180	0.711915	0.820874	0.678245	0.714514	0.701047	0.716946	
1520.000000	0.746267	0.637766	0.691121	0.714765	0.827730	0.680885	0.716422	0.702943	0.716946	
1530.000000	0.753569	0.634338	0.688898	0.716240	0.817231	0.686276	0.716092	0.702569	0.716946	
1540.000000	0.756541	0.650765	0.695250	0.719678	0.818968	0.688763	0.721661	0.707464	0.721661	
1550.000000	0.756287	0.657143	0.694981	0.716458	0.819332	0.685963	0.721694	0.705719	0.721694	
1560.000000	0.754331	0.659716	0.698913	0.720612	0.822100	0.689306	0.724163	0.709763	0.724163	
1570.000000	0.752043	0.644808	0.698193	0.718773	0.826818	0.685849	0.721081	0.708483	0.724163	
1580.000000	0.746376	0.642552	0.696316	0.716157	0.825787	0.681036	0.718037	0.706237	0.724163	
1590.000000	0.748130	0.648360	0.696774	0.713194	0.820930	0.686854	0.719040	0.704984	0.724163	
1600.000000	0.759172	0.633055	0.692872	0.706155	0.817093	0.688104	0.716075	0.699514	0.724163	
1610.000000	0.753940	0.645998	0.691664	0.707580	0.804889	0.685626	0.714949	0.699622	0.724163	
1620.000000	0.757725	0.633904	0.690621	0.705845	0.813186	0.685443	0.714454	0.698233	0.724163	
1630.000000	0.754431	0.634394	0.695314	0.712787	0.816130	0.684753	0.716301	0.704050	0.724163	
1640.000000	0.753829	0.633601	0.695835	0.716425	0.825327	0.684552	0.718262	0.706130	0.724163	
1650.000000	0.746092	0.643810	0.696019	0.715656	0.818892	0.679802	0.716712	0.705838	0.724163	
1660.000000	0.749931	0.642564	0.699934	0.722164	0.824302	0.686526	0.720904	0.711049	0.724163	
1670.000000	0.753067	0.634599	0.700582	0.721616	0.821742	0.684872	0.719413	0.711099	0.724163	
1680.000000	0.755587	0.651899	0.700461	0.723437	0.822566	0.691354	0.724217	0.711949	0.724217	
1690.000000	0.745874	0.661173	0.685949	0.717776	0.809708	0.683589	0.717345	0.701863	0.724217	
1700.000000	0.744154	0.654887	0.699278	0.725118	0.818345	0.682884	0.720778	0.712198	0.724217	
1710.000000	0.755688	0.661960	0.701541	0.729712	0.824434	0.690218	0.727259	0.715627	0.727259	
1720.000000	0.751663	0.660404	0.699849	0.729499	0.823547	0.690461	0.725904	0.714674	0.727259	
1730.000000	0.757117	0.664929	0.696438	0.729296	0.829322	0.692220	0.728220	0.712867	0.728220	
1740.000000	0.759650	0.653858	0.694749	0.729085	0.830146	0.695258	0.727124	0.712172	0.728220	
1750.000000	0.756866	0.661030	0.695222	0.721262	0.825277	0.687687	0.724557	0.708242	0.728220	
1760.000000	0.754021	0.650170	0.703392	0.724945	0.821459	0.687842	0.723638	0.714168	0.728220	
1770.000000	0.750133	0.645831	0.698444	0.723481	0.822761	0.686744	0.721232	0.710962	0.728220	
1780.000000	0.751062	0.642552	0.699792	0.719699	0.824271	0.685785	0.720526	0.709745	0.728220	
1790.000000	0.754897	0.653052	0.699332	0.720129	0.825409	0.694123	0.724490	0.709730	0.728220	
1800.000000	0.754465	0.653635	0.697600	0.719891	0.825812	0.689696	0.723516	0.708745	0.728220	
1810.000000	0.754887	0.654044	0.705044	0.724232	0.829693	0.696180	0.727347	0.714638	0.728220	
1820.000000	0.748699	0.653647	0.706299	0.723640	0.823308	0.685525	0.723520	0.714969	0.728220	
1830.000000	0.753492	0.664687	0.704350	0.724515	0.819760	0.690849	0.726275	0.714432	0.728220	
1840.000000	0.756178	0.677103	0.703380	0.724348	0.825233	0.695406	0.730275	0.713864	0.730275	
1850.000000	0.760196	0.662375	0.710988	0.726465	0.827076	0.697004	0.730684	0.718726	0.730684	
1860.000000	0.759774	0.654280	0.710436	0.725979	0.828548	0.696085	0.729183	0.718207	0.730684	
1870.000000	0.756409	0.658402	0.709615	0.729580	0.831278	0.694061	0.729891	0.719598	0.730684	
1880.000000	0.758240	0.659902	0.704702	0.733133	0.837104	0.698810	0.731982	0.718917	0.731982	
1890.000000	0.753767	0.670514	0.710830	0.730473	0.831618	0.691905	0.731518	0.720652	0.731982	
1900.000000	0.751832	0.668004	0.707505	0.723094	0.825403	0.695500	0.728556	0.715300	0.731982	
1910.000000	0.761481	0.669659	0.708234	0.722814	0.820968	0.699056	0.730369	0.715524	0.731982	
1920.000000	0.759149	0.664464	0.699528	0.718158	0.825189	0.702328	0.728136	0.710243	0.731982	
1930.000000	0.759031	0.663249	0.710059	0.722632	0.826221	0.697899	0.729849	0.716345	0.731982	
1940.000000	0.760418	0.675969	0.709588	0.726289	0.824963	0.701995	0.733204	0.717938	0.733204	
1950.000000	0.756319	0.671345	0.709756	0.723668	0.824176	0.697529	0.730465	0.716712	0.733204	
1960.000000	0.763290	0.658036	0.711486	0.723619	0.820704	0.699354	0.729415	0.717553	0.733204	
1970.000000	0.757753	0.668332	0.711938	0.725340	0.826076	0.697866	0.731218	0.718639	0.733204	
1980.000000	0.759481	0.658600	0.710045	0.723478	0.827567	0.696539	0.729285	0.716762	0.733204	
1990.000000	0.762898	0.662220	0.708086	0.721339	0.831889	0.694169	0.730100	0.714712	0.733204	
2000.000000	0.762761	0.660193	0.712354	0.731646	0.837343	0.697452	0.733625	0.722000	0.733625	
2010.000000	0.756765	0.664582	0.714260	0.736504	0.834808	0.693192	0.733352	0.725382	0.733625	
2020.000000	0.754574	0.668400	0.711551	0.733295	0.831769	0.696515	0.732684	0.722423	0.733625	
2030.000000	0.760980	0.664892	0.714860	0.734320	0.836657	0.697110	0.734803	0.724590	0.734803	
2040.000000	0.758824	0.670669	0.710439	0.728877	0.822094	0.698962	0.731644	0.719658	0.734803	
2050.000000	0.753133	0.664247	0.709021	0.729654	0.827737	0.691305	0.729183	0.719338	0.734803	
2060.000000	0.755816	0.663757	0.711755	0.731870	0.826076	0.696433	0.730951	0.721813	0.734803	
2070.000000	0.747660	0.667074	0.709423	0.732095	0.826158	0.693931	0.729390	0.720759	0.734803	
2080.000000	0.754977	0.658557	0.710534	0.732345	0.829215	0.694667	0.730049	0.721439	0.734803	
2090.000000	0.753255	0.665561	0.712865	0.734655	0.821572	0.684643	0.728759	0.723760	0.734803	
2100.000000	0.757094	0.663751	0.712596	0.733240	0.827775	0.699830	0.732381	0.722918	0.734803	
2110.000000	0.760672	0.657534	0.715809	0.733638	0.826667	0.695364	0.731614	0.724724	0.734803	
2120.000000	0.763179	0.664594	0.713331	0.736796	0.834833	0.697826	0.735093	0.725064	0.735093	
2130.000000	0.760691	0.648199	0.713465	0.727466	0.829599	0.695064	0.729081	0.720466	0.735093	
2140.000000	0.761376	0.665555	0.712617	0.728098	0.830184	0.700397	0.733038	0.720358	0.735093	
2150.000000	0.759826	0.662028	0.712205	0.730987	0.826196	0.695553	0.731132	0.721596	0.735093	
2160.000000	0.765834	0.654906	0.708431	0.734785	0.829253	0.696590	0.731633	0.721608	0.735093	
2170.000000	0.757141	0.655711	0.710668	0.728618	0.824705	0.691444	0.728048	0.719643	0.735093	
2180.000000	0.763888	0.648967	0.715831	0.733749	0.831241	0.696298	0.731662	0.724790	0.735093	
2190.000000	0.761400	0.672845	0.712635	0.730286	0.821761	0.692848	0.731962	0.721461	0.735093	
2200.000000	0.764780	0.673210	0.711502	0.730978	0.825774	0.696484	0.733788	0.721240	0.735093	
2210.000000	0.762409	0.682056	0.710757	0.725738	0.822151	0.697209	0.733387	0.718248	0.735093	
2220.000000	0.768793	0.682539	0.715383	0.733397	0.835084	0.701294	0.739415	0.724390	0.739415	
2230.000000	0.761709	0.685100	0.712243	0.741364	0.837041	0.699572	0.739505	0.726803	0.739505	
2240.000000	0.763092	0.667948	0.718142	0.739798	0.832813	0.700293	0.737014	0.728970	0.739505	
2250.000000	0.761667	0.682862	0.716834	0.739370	0.836569	0.699398	0.739450	0.728102	0.739505	
2260.000000	0.760254	0.678008	0.714860	0.736703	0.831923	0.695179	0.736154	0.725782	0.739505	
2270.000000	0.762701	0.686686	0.709857	0.732798	0.831738	0.696887	0.736778	0.721328	0.739505	
2280.000000	0.763412	0.686978	0.709950	0.726971	0.829247	0.702573	0.736522	0.718461	0.739505	
2290.000000	0.759424	0.677630	0.712867	0.726566	0.822151	0.702330	0.733495	0.719717	0.739505	
2300.000000	0.758436	0.675876	0.712502	0.730732	0.832065	0.697815	0.734571	0.721617	0.739505	
2310.000000	0.754324	0.671878	0.707472	0.722951	0.819502	0.696821	0.728825	0.715211	0.739505	
2320.000000	0.759592	0.668580	0.706100	0.717568	0.814350	0.698102	0.727382	0.711834	0.739505	
2330.000000	0.764306	0.674481	0.701018	0.714388	0.808311	0.699297	0.726967	0.707703	0.739505	
2340.000000	0.764332	0.665896	0.703384	0.716398	0.814275	0.700798	0.727514	0.709891	0.739505	
2350.000000	0.771136	0.672752	0.709515	0.728688	0.825850	0.706038	0.735663	0.719101	0.739505	
2360.000000	0.768766	0.666454	0.711803	0.728930	0.827127	0.707815	0.735149	0.720367	0.739505	
2370.000000	0.772929	0.681560	0.710590	0.732511	0.826523	0.710231	0.739057	0.721551	0.739505	
2380.000000	0.763090	0.662648	0.711767	0.731292	0.823447	0.709294	0.733590	0.721530	0.739505	
2390.000000	0.765471	0.675126	0.712655	0.730006	0.821899	0.708508	0.735611	0.721331	0.739505	
2400.000000	0.762121	0.671512	0.710115	0.730161	0.821918	0.709264	0.734182	0.720138	0.739505	
2410.000000	0.765128	0.670799	0.708799	0.727947	0.818986	0.703719	0.732563	0.718373	0.739505	
2420.000000	0.771335	0.670657	0.717733	0.737138	0.832757	0.705756	0.739229	0.727435	0.739505	
2430.000000	0.766497	0.668741	0.714531	0.739657	0.837242	0.703673	0.738390	0.727094	0.739505	
2440.000000	0.770562	0.664842	0.714381	0.730531	0.834361	0.706019	0.736783	0.722456	0.739505	
2450.000000	0.766815	0.665636	0.714900	0.738440	0.834392	0.705619	0.737634	0.726670	0.739505	
2460.000000	0.764760	0.671971	0.713555	0.733439	0.814011	0.706411	0.734024	0.723497	0.739505	
2470.000000	0.764327	0.678238	0.722148	0.736219	0.829687	0.708128	0.739791	0.729184	0.739791	
2480.000000	0.771738	0.670700	0.715298	0.741241	0.833732	0.706329	0.739840	0.728270	0.739840	
2490.000000	0.770204	0.666559	0.716408	0.739506	0.836984	0.705474	0.739189	0.727957	0.739840	
2500.000000	0.767771	0.675888	0.720519	0.738329	0.839733	0.708624	0.741811	0.729424	0.741811	
2510.000000	0.765343	0.681802	0.719374	0.739453	0.831228	0.706492	0.740615	0.729414	0.741811	
2520.000000	0.765874	0.675733	0.721005	0.740755	0.829574	0.706944	0.739981	0.730880	0.741811	
2530.000000	0.772560	0.670663	0.721284	0.739552	0.834789	0.709486	0.741389	0.730418	0.741811	
2540.000000	0.769566	0.684821	0.718675	0.739708	0.826510	0.706607	0.740981	0.729191	0.741811	
2550.000000	0.765209	0.682242	0.717700	0.737919	0.822729	0.707121	0.738820	0.727810	0.741811	
2560.000000	0.765569	0.683624	0.722683	0.740043	0.825365	0.704491	0.740296	0.731363	0.741811	
2570.000000	0.768277	0.678665	0.719731	0.741808	0.835298	0.707061	0.741807	0.730769	0.741811	
2580.000000	0.773106	0.666125	0.718992	0.734667	0.832115	0.706733	0.738623	0.726829	0.741811	
2590.000000	0.771636	0.663950	0.719499	0.730108	0.826409	0.710148	0.736958	0.724803	0.741811	
2600.000000	0.777604	0.676372	0.717702	0.731526	0.830121	0.713549	0.741146	0.724614	0.741811	
2610.000000	0.778630	0.678603	0.717973	0.729722	0.829567	0.710897	0.740899	0.723847	0.741811	
2620.000000	0.767370	0.688751	0.714529	0.735280	0.828555	0.702932	0.739569	0.724905	0.741811	
2630.000000	0.771325	0.677884	0.716969	0.734940	0.825422	0.706898	0.738906	0.725954	0.741811	
2640.000000	0.763967	0.676353	0.714020	0.732539	0.827970	0.704332	0.736530	0.723280	0.741811	
2650.000000	0.770639	0.679502	0.710139	0.727302	0.817483	0.707668	0.735455	0.718720	0.741811	
2660.000000	0.771324	0.670960	0.708175	0.726731	0.820609	0.709098	0.734483	0.717914	0.741811	
2670.000000	0.770142	0.677289	0.711127	0.734561	0.822383	0.706230	0.736955	0.722844	0.741811	
2680.000000	0.773187	0.676558	0.712520	0.729976	0.823440	0.712778	0.738076	0.721377	0.741811	
2690.000000	0.772583	0.687164	0.711337	0.733832	0.818508	0.713973	0.739566	0.723902	0.741811	
2700.000000	0.766529	0.697968	0.706275	0.729291	0.811073	0.711541	0.737113	0.720416	0.741811	
2710.000000	0.765864	0.698762	0.709429	0.732116	0.816747	0.708111	0.738505	0.720772	0.741811	
2720.000000	0.766997	0.701799	0.708851	0.732863	0.819345	0.707079	0.739489	0.720857	0.741811	
2730.000000	0.763011	0.697918	0.710525	0.739953	0.827674	0.703106	0.740365	0.725239	0.741811	
2740.000000	0.769384	0.692761	0.712593	0.741577	0.833147	0.707892	0.742892	0.727085	0.742892	
2750.000000	0.773432	0.690424	0.716539	0.740168	0.828856	0.713362	0.743797	0.728353	0.743797	
2760.000000	0.774956	0.681907	0.717989	0.742203	0.834103	0.713898	0.744176	0.730096	0.744176	
2770.000000	0.774828	0.690443	0.720668	0.741396	0.831083	0.717846	0.746044	0.731032	0.746044	
2780.000000	0.772568	0.688428	0.724532	0.744433	0.833449	0.713613	0.746171	0.734483	0.746171	
2790.000000	0.769683	0.707105	0.727759	0.748435	0.832807	0.710108	0.749316	0.738097	0.749316	
2800.000000	0.775340	0.692265	0.727700	0.750688	0.845879	0.711803	0.750613	0.739194	0.750613	
2810.000000	0.772903	0.690220	0.728685	0.755729	0.836852	0.707542	0.748655	0.742207	0.750613	
2820.000000	0.771693	0.686717	0.728743	0.752779	0.844766	0.708997	0.748949	0.740761	0.750613	
2830.000000	0.774311	0.686048	0.729374	0.755099	0.845590	0.711867	0.750382	0.742237	0.750613	
2840.000000	0.771659	0.691156	0.723993	0.746873	0.838877	0.710944	0.747250	0.735433	0.750613	
2850.000000	0.774089	0.692364	0.726491	0.749328	0.841369	0.715278	0.749820	0.737910	0.750613	
2860.000000	0.765117	0.679267	0.721958	0.747787	0.829951	0.707410	0.741915	0.734873	0.750613	
2870.000000	0.775668	0.687777	0.726353	0.749217	0.834304	0.711784	0.747517	0.737785	0.750613	
2880.000000	0.771948	0.682998	0.720941	0.751993	0.839463	0.714474	0.746970	0.736467	0.750613	
2890.000000	0.778504	0.682614	0.719105	0.745629	0.832423	0.713940	0.745369	0.732367	0.750613	
2900.000000	0.779552	0.689569	0.720155	0.743598	0.828120	0.719306	0.746717	0.731876	0.750613	
2910.000000	0.773880	0.691094	0.721879	0.739754	0.821430	0.715853	0.743982	0.730816	0.750613	
2920.000000	0.772521	0.688831	0.720652	0.737751	0.827969	0.714528	0.743709	0.729201	0.750613	
2930.000000	0.769369	0.685974	0.715621	0.742456	0.826636	0.712561	0.742103	0.729038	0.750613	
2940.000000	0.771469	0.682558	0.723089	0.748858	0.825422	0.716113	0.744585	0.735974	0.750613	
2950.000000	0.777109	0.680153	0.724914	0.745268	0.830322	0.715957	0.745621	0.735091	0.750613	
2960.000000	0.778016	0.694026	0.723091	0.748271	0.831756	0.717161	0.748720	0.735681	0.750613	
2970.000000	0.776319	0.690486	0.725728	0.742314	0.832794	0.712731	0.746729	0.734021	0.750613	
2980.000000	0.777949	0.691745	0.725398	0.751051	0.837009	0.717734	0.750148	0.738224	0.750613	
2990.000000	0.775630	0.693009	0.724732	0.750983	0.834883	0.713018	0.748709	0.737857	0.750613	
3000.000000	0.777860	0.707917	0.725964	0.756069	0.841545	0.715511	0.754144	0.741016	0.754144	
3010.000000	0.776283	0.696319	0.727526	0.751195	0.848376	0.714780	0.752413	0.739360	0.754144	
3020.000000	0.785004	0.689494	0.729901	0.749613	0.851503	0.713966	0.753247	0.739757	0.754144	
3030.000000	0.781835	0.683922	0.723234	0.749865	0.847552	0.717284	0.750615	0.736549	0.754144	
3040.000000	0.784304	0.699883	0.730844	0.751306	0.848968	0.715787	0.755182	0.741075	0.755182	
3050.000000	0.785481	0.693406	0.731318	0.748213	0.840909	0.717542	0.752811	0.739766	0.755182	
3060.000000	0.782383	0.700178	0.726949	0.749573	0.845439	0.716616	0.753523	0.738261	0.755182	
3070.000000	0.780154	0.686079	0.724805	0.744103	0.840312	0.719420	0.749145	0.734454	0.755182	
3080.000000	0.785049	0.693660	0.726628	0.741949	0.833122	0.716984	0.749565	0.734289	0.755182	
3090.000000	0.785883	0.702921	0.729002	0.746269	0.838186	0.716720	0.753163	0.737635	0.755182	
3100.000000	0.777881	0.707892	0.724805	0.743892	0.833876	0.720247	0.751432	0.734349	0.755182	
3110.000000	0.779025	0.696672	0.730317	0.746912	0.832505	0.716704	0.750356	0.738615	0.755182	
3120.000000	0.771192	0.689668	0.723711	0.745169	0.834807	0.713179	0.746288	0.734440	0.755182	
3130.000000	0.779164	0.687573	0.722824	0.746194	0.837827	0.715655	0.748206	0.734509	0.755182	
3140.000000	0.782633	0.686662	0.729436	0.749016	0.840236	0.715302	0.750547	0.739226	0.755182	
3150.000000	0.783169	0.689600	0.724228	0.745220	0.837833	0.715159	0.749201	0.734724	0.755182	
3160.000000	0.785426	0.686265	0.723298	0.745699	0.841721	0.717156	0.749927	0.734498	0.755182	
3170.000000	0.785759	0.681430	0.723238	0.743554	0.836279	0.716067	0.747721	0.733396	0.755182	
3180.000000	0.781888	0.684040	0.726826	0.751764	0.840714	0.711900	0.749522	0.739295	0.755182	
3190.000000	0.781481	0.697683	0.722100	0.749386	0.835537	0.714127	0.750052	0.735743	0.755182	
3200.000000	0.778404	0.690263	0.723428	0.748030	0.833581	0.717269	0.748496	0.735729	0.755182	
3210.000000	0.786651	0.688844	0.729396	0.751757	0.837185	0.717452	0.751881	0.740577	0.755182	
3220.000000	0.788074	0.683562	0.728415	0.746121	0.828624	0.719224	0.749003	0.737268	0.755182	
3230.000000	0.787413	0.685763	0.726776	0.748102	0.837223	0.717434	0.750452	0.737439	0.755182	
3240.000000	0.790315	0.677568	0.730205	0.753351	0.847754	0.720399	0.753265	0.741778	0.755182	
3250.000000	0.784621	0.677965	0.727221	0.751597	0.837915	0.719123	0.749740	0.739409	0.755182	
3260.000000	0.783591	0.688738	0.724365	0.747288	0.833461	0.717652	0.749183	0.735826	0.755182	
3270.000000	0.789555	0.678120	0.731169	0.756881	0.837638	0.721651	0.752502	0.744025	0.755182	
3280.000000	0.780873	0.675882	0.729922	0.748234	0.836135	0.719048	0.748349	0.739078	0.755182	
3290.000000	0.778833	0.690995	0.727906	0.755178	0.832474	0.721318	0.751117	0.741542	0.755182	
3300.000000	0.784686	0.693350	0.726470	0.752213	0.834487	0.719927	0.751855	0.739341	0.755182	
3310.000000	0.788697	0.691224	0.726182	0.749506	0.834084	0.721350	0.751841	0.737844	0.755182	
3320.000000	0.786421	0.693356	0.727199	0.744732	0.825101	0.728856	0.750944	0.736794	0.755182	
3330.000000	0.793942	0.700373	0.731449	0.748301	0.833285	0.725192	0.755424	0.739875	0.755424	
3340.000000	0.791823	0.696127	0.728346	0.741530	0.824736	0.724914	0.751246	0.734938	0.755424	
3350.000000	0.788241	0.691769	0.729355	0.747327	0.826428	0.730432	0.752259	0.738880	0.755424	
3360.000000	0.785433	0.691453	0.725106	0.743848	0.833732	0.721263	0.750139	0.734477	0.755424	
3370.000000	0.785723	0.685211	0.726256	0.753094	0.827668	0.716413	0.749061	0.739675	0.755424	
3380.000000	0.783482	0.683761	0.729923	0.751604	0.832360	0.718351	0.749914	0.740764	0.755424	
3390.000000	0.786756	0.675950	0.731924	0.746735	0.829014	0.720062	0.748407	0.739330	0.755424	
3400.000000	0.786667	0.681380	0.730183	0.744704	0.829611	0.721795	0.749057	0.737443	0.755424	
3410.000000	0.786201	0.681684	0.734098	0.745037	0.833354	0.723457	0.750639	0.739568	0.755424	
3420.000000	0.781037	0.684796	0.729782	0.741366	0.829819	0.723970	0.748462	0.735574	0.755424	
3430.000000	0.786525	0.688094	0.728504	0.743483	0.822792	0.726131	0.749255	0.735994	0.755424	
3440.000000	0.781664	0.684263	0.730074	0.738026	0.817250	0.725362	0.746106	0.734050	0.755424	
3450.000000	0.784564	0.690077	0.729275	0.746478	0.824969	0.724109	0.749912	0.737877	0.755424	
3460.000000	0.782066	0.682484	0.726363	0.743860	0.818672	0.723962	0.746234	0.735111	0.755424	
3470.000000	0.775308	0.700881	0.724801	0.745139	0.821572	0.722297	0.748333	0.734970	0.755424	
3480.000000	0.777026	0.708896	0.724296	0.740954	0.815111	0.720833	0.747853	0.732625	0.755424	
3490.000000	0.779484	0.695166	0.726575	0.744029	0.819043	0.723000	0.747883	0.735302	0.755424	
3500.000000	0.782516	0.701948	0.724735	0.740829	0.828253	0.717831	0.749352	0.732782	0.755424	
3510.000000	0.780952	0.700795	0.724227	0.739506	0.825931	0.722026	0.748906	0.731866	0.755424	
3520.000000	0.781419	0.700088	0.723777	0.739620	0.822295	0.719643	0.747807	0.731698	0.755424	
3530.000000	0.786559	0.698582	0.734122	0.742742	0.822780	0.723106	0.751315	0.738432	0.755424	
3540.000000	0.781980	0.688930	0.732818	0.742553	0.824333	0.723243	0.748976	0.737685	0.755424	
3550.000000	0.781997	0.687529	0.731574	0.743855	0.825604	0.717734	0.748049	0.737714	0.755424	
3560.000000	0.779930	0.685193	0.730995	0.744586	0.828611	0.720053	0.748228	0.737791	0.755424	
3570.000000	0.794666	0.695768	0.733560	0.739011	0.825856	0.719535	0.751399	0.736286	0.755424	
3580.000000	0.787972	0.701638	0.729675	0.737910	0.825868	0.724526	0.751265	0.733793	0.755424	
3590.000000	0.783461	0.709634	0.733549	0.747269	0.827252	0.723102	0.754045	0.740409	0.755424	
3600.000000	0.787033	0.691441	0.733666	0.751317	0.838116	0.723704	0.754213	0.742492	0.755424	
3610.000000	0.794702	0.682775	0.734512	0.749460	0.836141	0.726477	0.754011	0.741986	0.755424	
3620.000000	0.787673	0.682006	0.731530	0.749564	0.839085	0.723750	0.752268	0.740547	0.755424	
3630.000000	0.787108	0.673744	0.732394	0.747683	0.836116	0.723254	0.750050	0.740039	0.755424	
3640.000000	0.787942	0.688230	0.727435	0.747533	0.834543	0.721239	0.751154	0.737484	0.755424	
3650.000000	0.787575	0.688094	0.730191	0.738840	0.827422	0.729641	0.750294	0.734515	0.755424	
3660.000000	0.782198	0.682880	0.730918	0.744857	0.821358	0.726329	0.748090	0.737887	0.755424	
3670.000000	0.784150	0.696815	0.731346	0.746027	0.821056	0.724825	0.750703	0.738687	0.755424	
3680.000000	0.779426	0.689030	0.732208	0.746966	0.813702	0.722092	0.747237	0.739587	0.755424	
3690.000000	0.782287	0.687065	0.735156	0.747808	0.830297	0.723832	0.751074	0.741482	0.755424	
3700.000000	0.784517	0.688156	0.738358	0.752712	0.834820	0.726887	0.754242	0.745535	0.755424	
3710.000000	0.783634	0.682099	0.736428	0.754690	0.836481	0.729173	0.753751	0.745559	0.755424	
3720.000000	0.786448	0.677376	0.733909	0.757729	0.841947	0.726440	0.753975	0.745819	0.755424	
3730.000000	0.782482	0.691490	0.735634	0.757251	0.839966	0.724788	0.755268	0.746442	0.755424	
3740.000000	0.784916	0.690771	0.733090	0.755967	0.841821	0.727989	0.755759	0.744528	0.755759	
3750.000000	0.786135	0.693536	0.730615	0.749372	0.831807	0.731625	0.753848	0.740498	0.755759	
3760.000000	0.786687	0.693381	0.732334	0.753897	0.834487	0.731925	0.755452	0.743116	0.755759	
3770.000000	0.781775	0.685620	0.728332	0.751135	0.824969	0.729026	0.750143	0.740080	0.755759	
3780.000000	0.791066	0.691273	0.732360	0.755915	0.828271	0.729482	0.754728	0.744138	0.755759	
3790.000000	0.785608	0.694708	0.734700	0.750697	0.822799	0.721166	0.751613	0.742699	0.755759	
3800.000000	0.781557	0.703070	0.737653	0.752546	0.836688	0.730626	0.757023	0.745099	0.757023	
3810.000000	0.780056	0.703231	0.733296	0.751003	0.834380	0.727037	0.754834	0.742149	0.757023	
3820.000000	0.780309	0.693369	0.735311	0.749328	0.828234	0.730000	0.752758	0.742319	0.757023	
3830.000000	0.775400	0.699431	0.732394	0.749249	0.829706	0.727216	0.752233	0.740822	0.757023	
3840.000000	0.787684	0.691602	0.739008	0.748750	0.833128	0.729032	0.754867	0.743879	0.757023	
3850.000000	0.788988	0.689656	0.737595	0.753018	0.833889	0.731991	0.755856	0.745306	0.757023	
3860.000000	0.785465	0.687306	0.741213	0.755636	0.837468	0.730445	0.756256	0.748425	0.757023	
3870.000000	0.788083	0.704917	0.740831	0.756106	0.836330	0.729493	0.759293	0.748468	0.759293	
3880.000000	0.790481	0.705599	0.736280	0.753325	0.833147	0.734283	0.758852	0.744802	0.759293	
3890.000000	0.782249	0.694800	0.738717	0.756494	0.840387	0.733217	0.757644	0.747606	0.759293	
3900.000000	0.790155	0.696449	0.739654	0.759411	0.844030	0.731576	0.760213	0.749533	0.760213	
3910.000000	0.793921	0.699989	0.740052	0.754227	0.842532	0.734425	0.760858	0.747140	0.760858	
3920.000000	0.790076	0.692519	0.732412	0.754336	0.830649	0.736188	0.756030	0.745262	0.760858	
3930.000000	0.786429	0.685626	0.736912	0.752351	0.840054	0.735487	0.756143	0.744631	0.760858	
3940.000000	0.782373	0.692532	0.730173	0.738361	0.827655	0.725586	0.749447	0.734267	0.760858	
3950.000000	0.776891	0.695675	0.731924	0.746957	0.813784	0.725884	0.748519	0.739441	0.760858	
3960.000000	0.779735	0.701941	0.730908	0.741773	0.815011	0.726874	0.749374	0.736341	0.760858	
3970.000000	0.785394	0.694416	0.737570	0.753984	0.834065	0.728045	0.755579	0.745777	0.760858	
3980.000000	0.786158	0.694360	0.738907	0.752043	0.831832	0.729261	0.755427	0.745475	0.760858	
3990.000000	0.782913	0.691745	0.732707	0.748750	0.835166	0.731766	0.753841	0.740728	0.760858	
4000.000000	0.774126	0.683829	0.733813	0.748613	0.829177	0.728741	0.749716	0.741213	0.760858	
4010.000000	0.779161	0.690350	0.735249	0.748939	0.827366	0.726592	0.751276	0.742094	0.760858	
4020.000000	0.773432	0.684356	0.730775	0.745713	0.827278	0.728585	0.748356	0.738244	0.760858	
4030.000000	0.780472	0.684889	0.734748	0.742270	0.823598	0.728742	0.749120	0.738509	0.760858	
4040.000000	0.769786	0.678895	0.731003	0.743598	0.836563	0.723272	0.747186	0.737301	0.760858	
4050.000000	0.782040	0.685341	0.734298	0.743677	0.829341	0.727046	0.750290	0.738988	0.760858	
4060.000000	0.787018	0.681442	0.735307	0.751745	0.830700	0.725201	0.751902	0.743526	0.760858	
4070.000000	0.783506	0.686742	0.739537	0.754808	0.840450	0.729147	0.755698	0.747173	0.760858	
4080.000000	0.789713	0.676093	0.740441	0.755021	0.837506	0.738027	0.756133	0.747731	0.760858	
4090.000000	0.786192	0.685304	0.737421	0.757554	0.842067	0.736534	0.757512	0.747487	0.760858	
4100.000000	0.792837	0.701216	0.737819	0.755037	0.844111	0.732361	0.760564	0.746428	0.760858	
4110.000000	0.788960	0.694379	0.741332	0.753792	0.840029	0.733254	0.758624	0.747562	0.760858	
4120.000000	0.785320	0.697683	0.741727	0.757894	0.840016	0.734096	0.759456	0.749810	0.760858	
4130.000000	0.788328	0.698408	0.733892	0.754764	0.842098	0.734464	0.758659	0.744614	0.760858	
4140.000000	0.791904	0.707155	0.744489	0.756982	0.838412	0.736421	0.762560	0.750735	0.762560	
4150.000000	0.791441	0.693362	0.744160	0.758322	0.840972	0.734987	0.760541	0.751241	0.762560	
4160.000000	0.795848	0.693790	0.744845	0.761801	0.833411	0.734347	0.760674	0.753323	0.762560	
4170.000000	0.790477	0.698371	0.742507	0.758095	0.842098	0.731997	0.760591	0.750301	0.762560	
4180.000000	0.787266	0.714234	0.735168	0.753253	0.832323	0.730075	0.758720	0.744211	0.762560	
4190.000000	0.793024	0.706764	0.742781	0.752502	0.826963	0.728501	0.758422	0.747641	0.762560	
4200.000000	0.782181	0.709975	0.739702	0.758285	0.833021	0.727992	0.758526	0.748993	0.762560	
4210.000000	0.788358	0.709684	0.731147	0.749661	0.832750	0.724896	0.756083	0.740404	0.762560	
4220.000000	0.778944	0.717810	0.737667	0.751724	0.821371	0.727363	0.755813	0.744696	0.762560	
4230.000000	0.786632	0.709857	0.736698	0.748285	0.828227	0.727251	0.756158	0.742491	0.762560	
4240.000000	0.783333	0.703838	0.737849	0.753563	0.836902	0.724266	0.756625	0.745706	0.762560	
4250.000000	0.781573	0.697658	0.739666	0.757452	0.840928	0.729782	0.757843	0.748559	0.762560	
4260.000000	0.790855	0.697912	0.741532	0.754630	0.840482	0.735240	0.760108	0.748081	0.762560	
4270.000000	0.788029	0.686135	0.742836	0.756698	0.844545	0.735265	0.758918	0.749767	0.762560	
4280.000000	0.797177	0.699790	0.743459	0.751343	0.838343	0.736704	0.761136	0.747401	0.762560	
4290.000000	0.797075	0.702313	0.741548	0.753594	0.840066	0.735536	0.761689	0.747571	0.762560	
4300.000000	0.797382	0.715393	0.742345	0.757542	0.840469	0.741966	0.765849	0.749943	0.765849	
4310.000000	0.792210	0.704006	0.742067	0.760489	0.842897	0.742985	0.764109	0.751737	0.765849	
4320.000000	0.795451	0.700776	0.739509	0.757780	0.844640	0.739328	0.762914	0.748645	0.765849	
4330.000000	0.794138	0.704663	0.742069	0.762719	0.849175	0.736349	0.764852	0.752394	0.765849	
4340.000000	0.791260	0.713973	0.741835	0.760063	0.844508	0.735313	0.764492	0.750949	0.765849	
4350.000000	0.799395	0.710899	0.741194	0.763799	0.839909	0.738770	0.765661	0.752496	0.765849	
4360.000000	0.795801	0.704018	0.747863	0.765828	0.845307	0.739799	0.766436	0.756845	0.766436	
4370.000000	0.792122	0.712250	0.742072	0.761676	0.847036	0.735247	0.765067	0.751874	0.766436	
4380.000000	0.794981	0.701241	0.747499	0.769598	0.847697	0.738093	0.766518	0.758548	0.766518	
4390.000000	0.792675	0.711382	0.747671	0.766968	0.846168	0.742474	0.767890	0.757320	0.767890	
4400.000000	0.793253	0.728255	0.736119	0.760413	0.824371	0.738679	0.763515	0.749546	0.767890	
4410.000000	0.787063	0.731218	0.740126	0.758323	0.839299	0.737374	0.765567	0.749224	0.767890	
4420.000000	0.795639	0.721319	0.740244	0.757558	0.832467	0.735703	0.763822	0.748901	0.767890	
4430.000000	0.793914	0.721182	0.739254	0.761632	0.835424	0.736345	0.764625	0.750443	0.767890	
4440.000000	0.796597	0.709107	0.739030	0.758400	0.842576	0.735697	0.763568	0.748715	0.767890	
4450.000000	0.787650	0.722682	0.738532	0.757230	0.840790	0.734010	0.763482	0.747881	0.767890	
4460.000000	0.789303	0.712938	0.741257	0.753309	0.828794	0.734597	0.760033	0.747283	0.767890	
4470.000000	0.796763	0.711587	0.732735	0.759821	0.845030	0.735163	0.763516	0.747492	0.767890	
4480.000000	0.797465	0.718430	0.742987	0.756786	0.843728	0.739912	0.766551	0.749886	0.767890	
4490.000000	0.794469	0.712312	0.735140	0.754110	0.832014	0.736281	0.760721	0.745196	0.767890	
4500.000000	0.800393	0.703596	0.740216	0.757933	0.844394	0.738168	0.764117	0.749074	0.767890	
4510.000000	0.798097	0.701005	0.737766	0.750029	0.840972	0.731367	0.759873	0.743897	0.767890	
4520.000000	0.791740	0.711438	0.739743	0.749948	0.838488	0.733990	0.760891	0.744846	0.767890	
4530.000000	0.796652	0.699319	0.733058	0.745729	0.836732	0.736589	0.758013	0.741159	0.767890	
4540.000000	0.794331	0.703020	0.737633	0.747161	0.838896	0.737531	0.759762	0.742397	0.767890	
4550.000000	0.795425	0.707037	0.735319	0.741505	0.832908	0.736433	0.758104	0.738969	0.767890	
4560.000000	0.789120	0.699728	0.731389	0.745273	0.833310	0.731611	0.755072	0.738442	0.767890	
4570.000000	0.790496	0.709870	0.738719	0.751405	0.834971	0.730033	0.759249	0.745062	0.767890	
4580.000000	0.786090	0.702896	0.723274	0.742065	0.832662	0.729817	0.752801	0.735941	0.767890	
4590.000000	0.780105	0.708686	0.734159	0.743800	0.817055	0.733490	0.752882	0.738980	0.767890	
4600.000000	0.789278	0.700801	0.733156	0.749390	0.835430	0.733761	0.756969	0.741576	0.767890	
4610.000000	0.788038	0.698402	0.738558	0.758553	0.841796	0.736700	0.760341	0.748556	0.767890	
4620.000000	0.799872	0.702245	0.741647	0.760311	0.841413	0.735701	0.763531	0.750979	0.767890	
4630.000000	0.792500	0.685918	0.743167	0.761005	0.845571	0.734843	0.760501	0.752086	0.767890	
4640.000000	0.794505	0.707830	0.738392	0.758872	0.838299	0.737526	0.762571	0.748632	0.767890	
4650.000000	0.793620	0.699140	0.733316	0.757630	0.846426	0.735436	0.760928	0.746533	0.767890	
4660.000000	0.793720	0.712950	0.734655	0.758181	0.847930	0.731894	0.763222	0.746418	0.767890	
4670.000000	0.794341	0.709206	0.739482	0.762255	0.845181	0.739967	0.765072	0.751111	0.767890	
4680.000000	0.789830	0.704712	0.737712	0.754123	0.841016	0.738611	0.761001	0.746367	0.767890	
4690.000000	0.790906	0.715889	0.737879	0.759286	0.837613	0.739669	0.763540	0.749478	0.767890	
4700.000000	0.795404	0.705896	0.738594	0.760626	0.842627	0.736982	0.763355	0.749610	0.767890	
4710.000000	0.786532	0.698504	0.737134	0.760362	0.839305	0.730935	0.758795	0.748748	0.767890	
4720.000000	0.796016	0.710043	0.739573	0.758875	0.831297	0.735999	0.761967	0.749224	0.767890	
4730.000000	0.793129	0.697832	0.744380	0.762314	0.844973	0.737319	0.763325	0.753347	0.767890	
4740.000000	0.798425	0.703931	0.738840	0.762011	0.841394	0.740108	0.764118	0.751060	0.767890	
4750.000000	0.792282	0.716298	0.744929	0.759999	0.830605	0.739539	0.763942	0.752464	0.767890	
4760.000000	0.794518	0.702784	0.746341	0.767389	0.840060	0.738468	0.764927	0.756865	0.767890	
4770.000000	0.791488	0.708004	0.743799	0.762030	0.844300	0.737130	0.764458	0.752914	0.767890	
4780.000000	0.796686	0.714048	0.744744	0.762115	0.841954	0.739280	0.766471	0.753430	0.767890	
4790.000000	0.799426	0.707452	0.743821	0.760894	0.841343	0.738144	0.765180	0.752357	0.767890	
4800.000000	0.796607	0.706764	0.744550	0.764948	0.849660	0.738585	0.766852	0.754749	0.767890	
4810.000000	0.792592	0.708741	0.747653	0.768039	0.851742	0.739169	0.767989	0.757846	0.767989	
4820.000000	0.797495	0.703838	0.745315	0.763193	0.845772	0.735556	0.765195	0.754254	0.767989	
4830.000000	0.792077	0.713514	0.744657	0.760188	0.844250	0.738721	0.765568	0.752423	0.767989	
4840.000000	0.787750	0.709212	0.741196	0.753774	0.845860	0.738490	0.762714	0.747485	0.767989	
4850.000000	0.788830	0.711593	0.740829	0.753448	0.841293	0.732817	0.761468	0.747138	0.767989	
4860.000000	0.798747	0.709677	0.740546	0.759971	0.844571	0.738578	0.765348	0.750258	0.767989	
4870.000000	0.793029	0.699481	0.743997	0.757327	0.849037	0.739383	0.763709	0.750662	0.767989	
4880.000000	0.797992	0.711766	0.745410	0.762638	0.847873	0.736301	0.766997	0.754024	0.767989	
4890.000000	0.797604	0.713012	0.747615	0.761343	0.849980	0.745703	0.769210	0.754479	0.769210	
4900.000000	0.799025	0.689804	0.750104	0.764641	0.852113	0.736239	0.765321	0.757373	0.769210	
4910.000000	0.794241	0.703355	0.746864	0.763297	0.839934	0.737288	0.764163	0.755081	0.769210	
4920.000000	0.801692	0.706541	0.751984	0.761283	0.847672	0.742125	0.768550	0.756633	0.769210	
4930.000000	0.798782	0.701086	0.747138	0.756180	0.841683	0.739204	0.764012	0.751659	0.769210	
4940.000000	0.798922	0.700324	0.749627	0.762990	0.841671	0.740653	0.765698	0.756308	0.769210	
4950.000000	0.799168	0.686711	0.747397	0.753804	0.846709	0.741519	0.762551	0.750601	0.769210	
4960.000000	0.795359	0.701569	0.746030	0.751069	0.834046	0.737848	0.760987	0.748549	0.769210	
4970.000000	0.796797	0.707874	0.749256	0.751549	0.828913	0.739575	0.762327	0.750402	0.769210	
4980.000000	0.800800	0.709231	0.749149	0.761370	0.845030	0.741305	0.767814	0.755260	0.769210	
4990.000000	0.798095	0.709932	0.745838	0.750843	0.834606	0.735201	0.762419	0.748341	0.769210	
5000.000000	0.801276	0.707477	0.745537	0.753240	0.838091	0.742224	0.764641	0.749388	0.769210	
