Epoch	AUC-21	AUC-22	AUC-23	AUC-24	AUC-25	AUC-26	AUC-Avg	AUC-Mid	AUC-Best	
1.000000	0.529856	0.558677	0.567614	0.568799	0.541952	0.519109	0.547668	0.550315	0.547668	
10.000000	0.483094	0.502882	0.440062	0.521804	0.484544	0.507928	0.490052	0.493713	0.547668	
20.000000	0.472094	0.476023	0.470060	0.488853	0.419599	0.522033	0.474777	0.474059	0.547668	
30.000000	0.497811	0.546317	0.508725	0.512574	0.509902	0.504656	0.513331	0.509313	0.547668	
40.000000	0.475640	0.473215	0.484067	0.570547	0.516249	0.510915	0.505106	0.497491	0.547668	
50.000000	0.520764	0.580565	0.555690	0.564491	0.453229	0.503251	0.529665	0.538227	0.547668	
60.000000	0.453953	0.515639	0.526685	0.514640	0.483732	0.513992	0.501440	0.514316	0.547668	
70.000000	0.515487	0.487987	0.536934	0.544846	0.641703	0.528748	0.542617	0.532841	0.547668	
80.000000	0.536277	0.566122	0.543613	0.525940	0.440981	0.475743	0.514779	0.531108	0.547668	
90.000000	0.585689	0.572469	0.565736	0.536777	0.576035	0.526819	0.560587	0.569102	0.560587	
100.000000	0.526342	0.560605	0.562597	0.533129	0.588145	0.520675	0.548582	0.546867	0.560587	
110.000000	0.575348	0.496324	0.564347	0.494948	0.481763	0.494731	0.517910	0.495636	0.560587	
120.000000	0.516159	0.456677	0.522917	0.502341	0.659531	0.515827	0.528909	0.515993	0.560587	
130.000000	0.565023	0.555478	0.563140	0.507009	0.371935	0.528673	0.515210	0.542076	0.560587	
140.000000	0.505620	0.483016	0.475468	0.520122	0.548488	0.527910	0.510104	0.512871	0.560587	
150.000000	0.571966	0.498528	0.554010	0.587457	0.444730	0.536598	0.532215	0.545304	0.560587	
160.000000	0.515711	0.514821	0.474449	0.400485	0.599009	0.515414	0.503315	0.515118	0.560587	
170.000000	0.490426	0.456559	0.506424	0.479882	0.585547	0.517388	0.506038	0.498425	0.560587	
180.000000	0.531761	0.450534	0.544733	0.552886	0.661362	0.576867	0.553024	0.548809	0.560587	
190.000000	0.554725	0.565198	0.537568	0.527774	0.583804	0.532041	0.550185	0.546147	0.560587	
200.000000	0.519213	0.589199	0.555836	0.581310	0.592831	0.519621	0.559668	0.568573	0.560587	
210.000000	0.496577	0.535426	0.549245	0.560538	0.645679	0.540996	0.554744	0.545121	0.560587	
220.000000	0.565428	0.545300	0.547743	0.484305	0.567832	0.520223	0.538472	0.546521	0.560587	
230.000000	0.522913	0.530095	0.469421	0.571135	0.586893	0.510212	0.531778	0.526504	0.560587	
240.000000	0.570197	0.573393	0.546548	0.602763	0.493087	0.538935	0.554154	0.558373	0.560587	
250.000000	0.562960	0.455499	0.527171	0.601893	0.645396	0.527335	0.553376	0.545147	0.560587	
260.000000	0.537888	0.593613	0.476809	0.592666	0.663554	0.539566	0.567349	0.566116	0.567349	
270.000000	0.578412	0.505089	0.526838	0.488380	0.662274	0.561797	0.553798	0.544318	0.567349	
280.000000	0.528194	0.501159	0.552987	0.572963	0.710926	0.515428	0.563609	0.540591	0.567349	
290.000000	0.556558	0.454340	0.570606	0.527441	0.440428	0.545653	0.515838	0.536547	0.567349	
300.000000	0.578566	0.581597	0.534168	0.601144	0.500730	0.530769	0.554496	0.556367	0.567349	
310.000000	0.598224	0.515813	0.472615	0.565091	0.680517	0.529343	0.560267	0.547217	0.567349	
320.000000	0.577151	0.473575	0.556423	0.598812	0.704484	0.515176	0.570937	0.566787	0.570937	
330.000000	0.559554	0.510060	0.530268	0.569749	0.641376	0.509873	0.553480	0.544911	0.570937	
340.000000	0.561095	0.498661	0.575611	0.605141	0.623945	0.447416	0.551978	0.568353	0.570937	
350.000000	0.489103	0.487336	0.484042	0.593376	0.645748	0.573858	0.545577	0.531480	0.570937	
360.000000	0.608087	0.552506	0.557065	0.589903	0.573535	0.557188	0.573047	0.565361	0.573047	
370.000000	0.493920	0.443474	0.517535	0.632055	0.605507	0.515858	0.534725	0.516696	0.573047	
380.000000	0.585004	0.538184	0.534923	0.589675	0.698476	0.562445	0.584784	0.573724	0.584784	
390.000000	0.602157	0.510662	0.561990	0.607195	0.675478	0.550082	0.584594	0.582074	0.584784	
400.000000	0.559626	0.535856	0.558262	0.620003	0.609187	0.567948	0.575147	0.563787	0.584784	
410.000000	0.601648	0.593402	0.561666	0.615633	0.702641	0.530915	0.600984	0.597525	0.600984	
420.000000	0.606184	0.486735	0.566872	0.634030	0.651932	0.557895	0.583941	0.586528	0.600984	
430.000000	0.592609	0.507488	0.582233	0.613281	0.722098	0.570121	0.597972	0.587421	0.600984	
440.000000	0.577182	0.550792	0.583809	0.559564	0.629021	0.563322	0.577282	0.570252	0.600984	
450.000000	0.584828	0.575482	0.564353	0.583816	0.703968	0.581384	0.598972	0.582600	0.600984	
460.000000	0.547368	0.564355	0.564410	0.580098	0.504573	0.513153	0.545660	0.555861	0.600984	
470.000000	0.574234	0.537310	0.564423	0.574463	0.681001	0.557945	0.581563	0.569329	0.600984	
480.000000	0.610814	0.498791	0.590869	0.491626	0.611728	0.551795	0.559271	0.571332	0.600984	
490.000000	0.560156	0.539455	0.541349	0.518633	0.646657	0.554462	0.560119	0.547906	0.600984	
500.000000	0.531610	0.473488	0.559665	0.625844	0.616553	0.564726	0.561981	0.562195	0.600984	
510.000000	0.605874	0.544606	0.574813	0.626543	0.651504	0.552059	0.592567	0.590344	0.600984	
520.000000	0.589875	0.591635	0.555286	0.619041	0.685813	0.563697	0.600891	0.590755	0.600984	
530.000000	0.628782	0.570988	0.587092	0.634310	0.719349	0.585251	0.620962	0.607937	0.620962	
540.000000	0.481112	0.488390	0.574478	0.629753	0.720670	0.532361	0.571127	0.553420	0.620962	
550.000000	0.554502	0.487435	0.582308	0.630528	0.497641	0.570569	0.553830	0.562536	0.620962	
560.000000	0.613642	0.563859	0.571958	0.623181	0.714706	0.576702	0.610675	0.595172	0.620962	
570.000000	0.628672	0.561727	0.581318	0.641326	0.727055	0.585163	0.620877	0.606917	0.620962	
580.000000	0.602319	0.588400	0.586026	0.578839	0.717468	0.549313	0.603727	0.587213	0.620962	
590.000000	0.551328	0.573628	0.510745	0.629145	0.597719	0.528703	0.565211	0.562478	0.620962	
600.000000	0.587731	0.598305	0.589666	0.580189	0.669036	0.573060	0.599664	0.588698	0.620962	
610.000000	0.594281	0.493181	0.595774	0.626635	0.707491	0.582632	0.599999	0.595028	0.620962	
620.000000	0.594621	0.488632	0.523983	0.507430	0.668873	0.540234	0.553962	0.532108	0.620962	
630.000000	0.588655	0.558714	0.598695	0.594732	0.719330	0.566054	0.604363	0.591693	0.620962	
640.000000	0.629512	0.535395	0.595618	0.593637	0.707277	0.572831	0.605712	0.594628	0.620962	
650.000000	0.632216	0.528923	0.575441	0.609510	0.612471	0.583750	0.590385	0.596630	0.620962	
660.000000	0.602036	0.535209	0.577257	0.541429	0.718267	0.526942	0.583523	0.559343	0.620962	
670.000000	0.634838	0.529518	0.557097	0.625850	0.717877	0.559982	0.604194	0.592916	0.620962	
680.000000	0.590716	0.535246	0.581573	0.580059	0.712668	0.494464	0.582454	0.580816	0.620962	
690.000000	0.639548	0.589819	0.581163	0.606637	0.679095	0.585115	0.613563	0.598228	0.620962	
700.000000	0.562275	0.564023	0.588213	0.606876	0.705443	0.591969	0.603133	0.590091	0.620962	
710.000000	0.613451	0.573024	0.545206	0.613686	0.655071	0.584312	0.597458	0.598882	0.620962	
720.000000	0.613368	0.605843	0.559962	0.609603	0.710510	0.580589	0.613313	0.607723	0.620962	
730.000000	0.612882	0.610882	0.582003	0.632529	0.428783	0.558708	0.570965	0.596443	0.620962	
740.000000	0.606790	0.553513	0.593367	0.486632	0.720582	0.575529	0.589402	0.584448	0.620962	
750.000000	0.597866	0.552261	0.597264	0.591259	0.729074	0.574644	0.607062	0.594262	0.620962	
760.000000	0.637083	0.524820	0.594304	0.622772	0.723255	0.581243	0.613913	0.608538	0.620962	
770.000000	0.635607	0.565533	0.590565	0.610186	0.613049	0.589645	0.600764	0.600376	0.620962	
780.000000	0.632378	0.516966	0.588463	0.601067	0.714109	0.578693	0.605279	0.594765	0.620962	
790.000000	0.633978	0.550767	0.552944	0.624909	0.729096	0.571497	0.610532	0.598203	0.620962	
800.000000	0.643499	0.572525	0.572574	0.614175	0.430174	0.587432	0.570063	0.580003	0.620962	
810.000000	0.646073	0.550662	0.596910	0.625742	0.726331	0.593333	0.623175	0.611326	0.623175	
820.000000	0.629077	0.524249	0.591401	0.618219	0.717179	0.559257	0.606564	0.604810	0.623175	
830.000000	0.624524	0.511108	0.589418	0.611075	0.672452	0.518441	0.587836	0.600247	0.623175	
840.000000	0.644082	0.543980	0.559887	0.635736	0.735472	0.584083	0.617207	0.609909	0.623175	
850.000000	0.649157	0.575869	0.587494	0.573883	0.663809	0.588494	0.606451	0.587994	0.623175	
860.000000	0.628674	0.556098	0.562474	0.627956	0.681196	0.589795	0.607699	0.608875	0.623175	
870.000000	0.633432	0.513581	0.600970	0.639840	0.729326	0.563840	0.613498	0.617201	0.623175	
880.000000	0.616045	0.461859	0.586624	0.626924	0.732144	0.565552	0.598191	0.601335	0.623175	
890.000000	0.634930	0.561305	0.596056	0.637956	0.741259	0.586197	0.626284	0.615493	0.626284	
900.000000	0.615607	0.560785	0.581698	0.634914	0.711486	0.585342	0.614972	0.600474	0.626284	
910.000000	0.628542	0.522706	0.574943	0.636151	0.717311	0.553868	0.605587	0.601742	0.626284	
920.000000	0.612763	0.542557	0.594194	0.613205	0.708950	0.568953	0.606770	0.603479	0.626284	
930.000000	0.640399	0.550333	0.571359	0.574216	0.717021	0.593565	0.607816	0.583890	0.626284	
940.000000	0.646792	0.572004	0.598580	0.618004	0.726149	0.593997	0.625921	0.608292	0.626284	
950.000000	0.634964	0.606326	0.568891	0.577838	0.701666	0.577011	0.611116	0.592082	0.626284	
960.000000	0.613483	0.559861	0.593365	0.638043	0.737705	0.592961	0.622570	0.603424	0.626284	
970.000000	0.568868	0.619911	0.571960	0.544878	0.722727	0.588682	0.602838	0.580321	0.626284	
980.000000	0.568599	0.616114	0.569608	0.588928	0.735132	0.552039	0.605070	0.579268	0.626284	
990.000000	0.628547	0.558770	0.582778	0.632823	0.684222	0.587839	0.612496	0.608193	0.626284	
1000.000000	0.643363	0.557524	0.596652	0.620026	0.727803	0.591854	0.622870	0.608339	0.626284	
1010.000000	0.640309	0.564566	0.585515	0.627007	0.731043	0.592642	0.623514	0.609825	0.626284	
1020.000000	0.611237	0.583869	0.564184	0.632136	0.726489	0.579314	0.616205	0.597553	0.626284	
1030.000000	0.620863	0.565892	0.574534	0.630364	0.739120	0.576610	0.617897	0.598737	0.626284	
1040.000000	0.643595	0.549924	0.589036	0.636505	0.504542	0.558977	0.580430	0.574006	0.626284	
1050.000000	0.649553	0.590631	0.574046	0.588875	0.738639	0.591700	0.622241	0.591165	0.626284	
1060.000000	0.623058	0.575922	0.600667	0.621479	0.702572	0.593316	0.619502	0.611073	0.626284	
1070.000000	0.554852	0.563977	0.606440	0.556858	0.694387	0.583060	0.593262	0.573518	0.626284	
1080.000000	0.626645	0.504506	0.602434	0.571970	0.735654	0.561462	0.600445	0.587202	0.626284	
1090.000000	0.641274	0.553600	0.582467	0.645705	0.742782	0.594264	0.626682	0.617769	0.626682	
1100.000000	0.652419	0.577149	0.586515	0.579860	0.564127	0.595110	0.592530	0.583188	0.626682	
1110.000000	0.658097	0.581587	0.603898	0.630960	0.721569	0.596268	0.632063	0.617429	0.632063	
1120.000000	0.583480	0.535494	0.596037	0.626383	0.741398	0.588115	0.611818	0.592076	0.632063	
1130.000000	0.627497	0.555410	0.589389	0.634944	0.735925	0.577213	0.620063	0.608443	0.632063	
1140.000000	0.650753	0.566351	0.549831	0.582108	0.739686	0.594500	0.613872	0.588304	0.632063	
1150.000000	0.638981	0.595795	0.545127	0.627273	0.709856	0.590767	0.617967	0.611534	0.632063	
1160.000000	0.529421	0.534719	0.598848	0.637040	0.733201	0.583818	0.602841	0.591333	0.632063	
1170.000000	0.615920	0.552776	0.570370	0.618807	0.634463	0.563605	0.592657	0.593145	0.632063	
1180.000000	0.581011	0.550674	0.598876	0.577859	0.649095	0.581853	0.589895	0.581432	0.632063	
1190.000000	0.578089	0.606475	0.596127	0.606089	0.729798	0.573743	0.615054	0.601108	0.632063	
1200.000000	0.572536	0.585951	0.579449	0.629016	0.732238	0.577253	0.612741	0.582700	0.632063	
1210.000000	0.625631	0.572308	0.601275	0.628987	0.679063	0.585205	0.615412	0.613453	0.632063	
1220.000000	0.633667	0.548338	0.606557	0.630896	0.736450	0.588060	0.623995	0.618727	0.632063	
1230.000000	0.655414	0.579288	0.607697	0.627875	0.692028	0.594575	0.626146	0.617786	0.632063	
1240.000000	0.637659	0.592224	0.611776	0.623891	0.733811	0.588565	0.631321	0.617834	0.632063	
1250.000000	0.647874	0.586050	0.587867	0.641044	0.743228	0.590503	0.632761	0.615773	0.632761	
1260.000000	0.625978	0.537397	0.601138	0.627271	0.732119	0.577679	0.616930	0.613558	0.632761	
1270.000000	0.647148	0.576969	0.610276	0.629175	0.743090	0.598763	0.634237	0.619726	0.634237	
1280.000000	0.652350	0.560580	0.607568	0.588750	0.711831	0.599954	0.620172	0.603761	0.634237	
1290.000000	0.623696	0.574366	0.589061	0.621803	0.728357	0.594974	0.622043	0.608388	0.634237	
1300.000000	0.642183	0.599316	0.590589	0.604350	0.732446	0.595665	0.627425	0.601833	0.634237	
1310.000000	0.644391	0.587278	0.603389	0.637862	0.747562	0.598003	0.636414	0.620625	0.636414	
1320.000000	0.656138	0.562669	0.612894	0.635242	0.663978	0.600423	0.621891	0.624068	0.636414	
1330.000000	0.650617	0.543825	0.600379	0.641797	0.742190	0.588631	0.627906	0.621088	0.636414	
1340.000000	0.633810	0.554921	0.604505	0.638476	0.748512	0.589109	0.628222	0.619157	0.636414	
1350.000000	0.614840	0.622375	0.593963	0.601410	0.699231	0.586173	0.619665	0.608125	0.636414	
1360.000000	0.626028	0.600689	0.595678	0.518006	0.747380	0.585796	0.612263	0.598184	0.636414	
1370.000000	0.623759	0.563239	0.605664	0.625168	0.734277	0.565426	0.619589	0.614711	0.636414	
1380.000000	0.612980	0.567795	0.546887	0.602506	0.729414	0.587026	0.607768	0.594766	0.636414	
1390.000000	0.628825	0.570021	0.594833	0.599682	0.693979	0.593218	0.613426	0.597257	0.636414	
1400.000000	0.628261	0.585362	0.611055	0.633170	0.736164	0.595472	0.631581	0.619658	0.636414	
1410.000000	0.603444	0.530027	0.620806	0.641629	0.752815	0.580262	0.621497	0.612125	0.636414	
1420.000000	0.629049	0.570671	0.607929	0.538187	0.728917	0.596087	0.611807	0.602008	0.636414	
1430.000000	0.634751	0.578364	0.617003	0.604426	0.712649	0.589519	0.622785	0.610715	0.636414	
1440.000000	0.653204	0.537948	0.613797	0.615293	0.742970	0.601753	0.627494	0.614545	0.636414	
1450.000000	0.639920	0.536665	0.610286	0.633059	0.743354	0.585794	0.624846	0.621672	0.636414	
1460.000000	0.641131	0.535323	0.615826	0.635443	0.755992	0.590754	0.629078	0.625635	0.636414	
1470.000000	0.655485	0.561485	0.606836	0.611759	0.744675	0.595060	0.629216	0.609297	0.636414	
1480.000000	0.631065	0.549763	0.595226	0.624130	0.720619	0.597714	0.619753	0.610922	0.636414	
1490.000000	0.456746	0.585790	0.587234	0.590926	0.707095	0.590648	0.586407	0.588941	0.636414	
1500.000000	0.598944	0.552311	0.578643	0.620877	0.668303	0.572928	0.598668	0.588793	0.636414	
1510.000000	0.630823	0.573603	0.608608	0.604139	0.702518	0.586014	0.617618	0.606374	0.636414	
1520.000000	0.649005	0.571539	0.603706	0.627160	0.738158	0.583309	0.628813	0.615433	0.636414	
1530.000000	0.643787	0.574335	0.599507	0.629964	0.730364	0.571528	0.624914	0.614735	0.636414	
1540.000000	0.510091	0.524008	0.607213	0.413864	0.737277	0.589595	0.563675	0.556802	0.636414	
1550.000000	0.634581	0.532407	0.612896	0.610227	0.701269	0.565808	0.609531	0.611562	0.636414	
1560.000000	0.603184	0.584036	0.577938	0.598597	0.675006	0.583644	0.603734	0.591316	0.636414	
1570.000000	0.636949	0.533182	0.601886	0.635938	0.732433	0.593909	0.622383	0.618912	0.636414	
1580.000000	0.624635	0.512304	0.602627	0.611176	0.756237	0.586896	0.615646	0.606902	0.636414	
1590.000000	0.618848	0.489010	0.604752	0.618495	0.741567	0.595130	0.611300	0.611623	0.636414	
1600.000000	0.619952	0.579548	0.592121	0.590963	0.720783	0.595316	0.616447	0.593718	0.636414	
1610.000000	0.642149	0.550929	0.601513	0.616737	0.667463	0.549503	0.604715	0.609125	0.636414	
1620.000000	0.648981	0.570008	0.611594	0.635718	0.746807	0.593527	0.634439	0.623656	0.636414	
1630.000000	0.640706	0.518894	0.603446	0.631141	0.733437	0.588402	0.619338	0.617294	0.636414	
1640.000000	0.590006	0.590644	0.588522	0.471335	0.734591	0.597606	0.595451	0.590325	0.636414	
1650.000000	0.619471	0.582275	0.575572	0.631006	0.706554	0.601407	0.619381	0.610439	0.636414	
1660.000000	0.643762	0.576461	0.604833	0.624826	0.738145	0.588115	0.629357	0.614830	0.636414	
1670.000000	0.650793	0.559731	0.620873	0.532447	0.747204	0.578190	0.614873	0.599532	0.636414	
1680.000000	0.648360	0.583707	0.597168	0.591656	0.754683	0.590503	0.627680	0.594412	0.636414	
1690.000000	0.631362	0.610591	0.540154	0.616869	0.715971	0.594658	0.618267	0.613730	0.636414	
1700.000000	0.647976	0.540967	0.620994	0.627026	0.499503	0.570808	0.584546	0.595901	0.636414	
1710.000000	0.653987	0.550104	0.562203	0.615580	0.731137	0.573318	0.614388	0.594449	0.636414	
1720.000000	0.636633	0.605192	0.596068	0.588148	0.716480	0.582705	0.620871	0.600630	0.636414	
1730.000000	0.638585	0.504358	0.590147	0.594654	0.733138	0.584268	0.607525	0.592401	0.636414	
1740.000000	0.648164	0.580651	0.602206	0.604297	0.738026	0.586794	0.626690	0.603251	0.636414	
1750.000000	0.653769	0.541562	0.593944	0.620341	0.744776	0.592511	0.624484	0.607142	0.636414	
1760.000000	0.638220	0.606103	0.550620	0.631724	0.723123	0.593832	0.623937	0.618914	0.636414	
1770.000000	0.661641	0.565601	0.614974	0.635689	0.747650	0.596027	0.636930	0.625332	0.636930	
1780.000000	0.654648	0.587030	0.594607	0.626139	0.728005	0.571369	0.626966	0.610373	0.636930	
1790.000000	0.642149	0.589993	0.604691	0.582784	0.759247	0.599632	0.629749	0.602161	0.636930	
1800.000000	0.644396	0.584464	0.615573	0.638806	0.749097	0.592185	0.637420	0.627189	0.637420	
1810.000000	0.654081	0.596973	0.595681	0.635571	0.741064	0.582092	0.634244	0.616272	0.637420	
1820.000000	0.652897	0.577112	0.620381	0.637192	0.749550	0.589123	0.637709	0.628786	0.637709	
1830.000000	0.643640	0.577980	0.611041	0.606731	0.727785	0.575915	0.623849	0.608886	0.637709	
1840.000000	0.649437	0.577459	0.616695	0.626368	0.731855	0.586629	0.631407	0.621532	0.637709	
1850.000000	0.653132	0.569853	0.614749	0.545135	0.711913	0.589317	0.614016	0.602033	0.637709	
1860.000000	0.657384	0.562725	0.615474	0.634308	0.700175	0.594749	0.627469	0.624891	0.637709	
1870.000000	0.651606	0.579647	0.612710	0.641754	0.750434	0.598875	0.639171	0.627232	0.639171	
1880.000000	0.643587	0.617713	0.590236	0.627428	0.735069	0.596711	0.635124	0.622571	0.639171	
1890.000000	0.640521	0.624123	0.597457	0.608828	0.740221	0.595031	0.634363	0.616475	0.639171	
1900.000000	0.658063	0.544448	0.621863	0.627530	0.754199	0.584097	0.631700	0.624696	0.639171	
1910.000000	0.653614	0.534818	0.595457	0.623961	0.726948	0.589004	0.620634	0.609709	0.639171	
1920.000000	0.653895	0.551623	0.613433	0.619140	0.738057	0.591437	0.627931	0.616287	0.639171	
1930.000000	0.649303	0.545065	0.619910	0.626949	0.751343	0.590984	0.630592	0.623430	0.639171	
1940.000000	0.650894	0.541364	0.614927	0.610147	0.728206	0.595720	0.623543	0.612537	0.639171	
1950.000000	0.655662	0.602359	0.485498	0.627352	0.757024	0.591757	0.619942	0.614856	0.639171	
1960.000000	0.636313	0.577354	0.608585	0.637715	0.752513	0.589215	0.633616	0.622449	0.639171	
1970.000000	0.647684	0.591530	0.609482	0.628994	0.735057	0.593611	0.634393	0.619238	0.639171	
1980.000000	0.637307	0.599991	0.592279	0.620900	0.709951	0.594450	0.625813	0.610446	0.639171	
1990.000000	0.618705	0.534000	0.606996	0.624269	0.733547	0.583247	0.616794	0.612851	0.639171	
2000.000000	0.640476	0.606178	0.598885	0.628512	0.755482	0.583027	0.635427	0.617345	0.639171	
2010.000000	0.639673	0.616102	0.591524	0.619008	0.759993	0.593825	0.636687	0.617555	0.639171	
2020.000000	0.634998	0.573783	0.609258	0.633720	0.760181	0.595533	0.634579	0.621489	0.639171	
2030.000000	0.641724	0.568000	0.615850	0.632196	0.713750	0.591746	0.627211	0.624023	0.639171	
2040.000000	0.643563	0.562260	0.595289	0.632434	0.744945	0.585875	0.627394	0.613862	0.639171	
2050.000000	0.645098	0.583162	0.603064	0.617267	0.748374	0.590434	0.631233	0.610165	0.639171	
2060.000000	0.641073	0.565322	0.602573	0.619126	0.735377	0.572282	0.622626	0.610849	0.639171	
2070.000000	0.645825	0.591202	0.592927	0.617192	0.722035	0.586757	0.625990	0.605060	0.639171	
2080.000000	0.635615	0.555020	0.590936	0.622658	0.716524	0.590093	0.618474	0.606797	0.639171	
2090.000000	0.643487	0.578463	0.582855	0.604699	0.710762	0.592388	0.618776	0.598543	0.639171	
2100.000000	0.593033	0.530820	0.604443	0.623359	0.730722	0.575864	0.609707	0.598738	0.639171	
2110.000000	0.648025	0.549565	0.605723	0.622640	0.729584	0.575333	0.621812	0.614182	0.639171	
2120.000000	0.651879	0.581426	0.603159	0.629489	0.740070	0.593972	0.633333	0.616324	0.639171	
2130.000000	0.645746	0.596328	0.596967	0.637575	0.740001	0.591625	0.634707	0.617271	0.639171	
2140.000000	0.645733	0.575042	0.594471	0.641571	0.748525	0.590950	0.632715	0.618021	0.639171	
2150.000000	0.625550	0.584643	0.567067	0.614560	0.729691	0.568580	0.615015	0.599602	0.639171	
2160.000000	0.647803	0.447671	0.586393	0.636623	0.612043	0.584028	0.585760	0.599218	0.639171	
2170.000000	0.646310	0.552330	0.599925	0.641751	0.758804	0.591673	0.631799	0.620838	0.639171	
2180.000000	0.648303	0.554989	0.600596	0.631018	0.751142	0.589493	0.629257	0.615807	0.639171	
2190.000000	0.635570	0.530411	0.605654	0.622457	0.753054	0.576889	0.620673	0.614056	0.639171	
2200.000000	0.636258	0.550792	0.605900	0.641539	0.757514	0.586836	0.629807	0.621079	0.639171	
2210.000000	0.651836	0.580341	0.589922	0.644837	0.764038	0.580554	0.635255	0.617380	0.639171	
2220.000000	0.632490	0.604659	0.597135	0.634638	0.749166	0.569405	0.631249	0.618575	0.639171	
2230.000000	0.639213	0.505126	0.597938	0.587348	0.713995	0.588413	0.605339	0.593175	0.639171	
2240.000000	0.653699	0.561913	0.597476	0.625474	0.751356	0.583093	0.628835	0.611475	0.639171	
2250.000000	0.646327	0.603692	0.603853	0.638899	0.752117	0.587150	0.638673	0.621376	0.639171	
2260.000000	0.645960	0.602446	0.607469	0.624699	0.747858	0.590218	0.636442	0.616084	0.639171	
2270.000000	0.640915	0.639186	0.600615	0.638791	0.743329	0.591836	0.642445	0.638988	0.642445	
2280.000000	0.647022	0.602248	0.612769	0.648885	0.755042	0.592033	0.643000	0.629896	0.643000	
2290.000000	0.637614	0.577196	0.610213	0.641451	0.758137	0.580551	0.634194	0.623914	0.643000	
2300.000000	0.649293	0.611037	0.607184	0.626592	0.751003	0.587399	0.638751	0.618815	0.643000	
2310.000000	0.644568	0.618755	0.599264	0.569721	0.652850	0.578338	0.610583	0.609009	0.643000	
2320.000000	0.653553	0.566605	0.600950	0.610251	0.732889	0.593102	0.626225	0.605600	0.643000	
2330.000000	0.631155	0.531595	0.585259	0.615571	0.719808	0.560355	0.607291	0.600415	0.643000	
2340.000000	0.636473	0.531229	0.591633	0.627725	0.694771	0.566525	0.608059	0.609679	0.643000	
2350.000000	0.633829	0.546707	0.594382	0.630484	0.632355	0.573587	0.601891	0.612433	0.643000	
2360.000000	0.658455	0.566593	0.592687	0.637445	0.733635	0.588014	0.629472	0.615066	0.643000	
2370.000000	0.639851	0.562706	0.587728	0.593943	0.710171	0.591484	0.614314	0.592713	0.643000	
2380.000000	0.644125	0.592454	0.601437	0.633799	0.731295	0.592685	0.632632	0.617618	0.643000	
2390.000000	0.633144	0.568471	0.608554	0.623662	0.737913	0.580115	0.625310	0.616108	0.643000	
2400.000000	0.606960	0.573938	0.601591	0.642825	0.739183	0.589001	0.625583	0.604276	0.643000	
2410.000000	0.660396	0.592032	0.589442	0.646882	0.722658	0.591081	0.633748	0.619457	0.643000	
2420.000000	0.647564	0.578600	0.609050	0.559419	0.741674	0.590386	0.621115	0.599718	0.643000	
2430.000000	0.642416	0.577955	0.611711	0.640722	0.751595	0.586257	0.635109	0.626217	0.643000	
2440.000000	0.642864	0.545114	0.612488	0.635973	0.730842	0.591168	0.626408	0.624230	0.643000	
2450.000000	0.665495	0.578166	0.617089	0.649799	0.747720	0.591938	0.641701	0.633444	0.643000	
2460.000000	0.666489	0.615674	0.606037	0.645601	0.719361	0.595629	0.641465	0.630637	0.643000	
2470.000000	0.642279	0.486933	0.603066	0.636041	0.735610	0.566316	0.611708	0.619554	0.643000	
2480.000000	0.659367	0.600543	0.622708	0.645922	0.764981	0.589288	0.647135	0.634315	0.647135	
2490.000000	0.653920	0.583050	0.613364	0.648491	0.762943	0.589952	0.641953	0.630927	0.647135	
2500.000000	0.643542	0.600986	0.593983	0.626804	0.744964	0.596676	0.634492	0.613895	0.647135	
2510.000000	0.626103	0.610827	0.588415	0.634812	0.732339	0.565529	0.626337	0.618465	0.647135	
2520.000000	0.633257	0.600258	0.575197	0.616552	0.721104	0.585697	0.622011	0.608405	0.647135	
2530.000000	0.640811	0.606432	0.589148	0.625952	0.727740	0.586693	0.629463	0.616192	0.647135	
2540.000000	0.631503	0.581494	0.592906	0.594061	0.734365	0.571839	0.617695	0.593483	0.647135	
2550.000000	0.640651	0.621408	0.592866	0.635884	0.748915	0.589779	0.638250	0.628646	0.647135	
2560.000000	0.611470	0.613566	0.559918	0.613341	0.716279	0.583726	0.616383	0.612406	0.647135	
2570.000000	0.649600	0.552478	0.594356	0.636824	0.733811	0.576442	0.623918	0.615590	0.647135	
2580.000000	0.652197	0.605235	0.556205	0.583934	0.731219	0.577754	0.617757	0.594584	0.647135	
2590.000000	0.629969	0.637394	0.594055	0.629378	0.737309	0.559178	0.631214	0.629674	0.647135	
2600.000000	0.639627	0.620800	0.603736	0.645628	0.743700	0.569987	0.637246	0.630213	0.647135	
2610.000000	0.653181	0.581420	0.606018	0.652797	0.733018	0.574841	0.633546	0.629408	0.647135	
2620.000000	0.645748	0.615532	0.595702	0.633826	0.734742	0.582839	0.634732	0.624679	0.647135	
2630.000000	0.639014	0.610870	0.604118	0.645073	0.735682	0.580678	0.635906	0.624942	0.647135	
2640.000000	0.637156	0.551226	0.591980	0.645725	0.754665	0.582784	0.627256	0.614568	0.647135	
2650.000000	0.639588	0.624947	0.586416	0.576828	0.736724	0.589471	0.625662	0.607209	0.647135	
2660.000000	0.639085	0.635473	0.583432	0.617698	0.741762	0.592917	0.635061	0.626585	0.647135	
2670.000000	0.643093	0.613387	0.605186	0.648730	0.769529	0.588514	0.644740	0.628240	0.647135	
2680.000000	0.645448	0.641361	0.573408	0.634893	0.761289	0.592734	0.641522	0.638127	0.647135	
2690.000000	0.648862	0.613226	0.603722	0.632554	0.753488	0.576165	0.638003	0.622890	0.647135	
2700.000000	0.652729	0.525802	0.616343	0.415618	0.733207	0.582568	0.587711	0.599455	0.647135	
2710.000000	0.642827	0.516916	0.568468	0.628816	0.744593	0.582399	0.614003	0.605607	0.647135	
2720.000000	0.646995	0.601994	0.609890	0.626616	0.756376	0.583761	0.637605	0.618253	0.647135	
2730.000000	0.646986	0.602458	0.613431	0.633439	0.749431	0.586616	0.638727	0.623435	0.647135	
2740.000000	0.644440	0.593427	0.600478	0.621125	0.743731	0.589043	0.632041	0.610802	0.647135	
2750.000000	0.632651	0.587507	0.601764	0.612941	0.729124	0.584255	0.624707	0.607353	0.647135	
2760.000000	0.639824	0.569711	0.599931	0.623884	0.736730	0.591330	0.626902	0.611907	0.647135	
2770.000000	0.623928	0.566834	0.604661	0.632476	0.723325	0.592114	0.623890	0.614295	0.647135	
2780.000000	0.619456	0.546893	0.601562	0.625432	0.731043	0.576605	0.616832	0.610509	0.647135	
2790.000000	0.640420	0.588096	0.612763	0.631790	0.763390	0.591113	0.637929	0.622276	0.647135	
2800.000000	0.642986	0.613697	0.604120	0.624289	0.750576	0.590520	0.637698	0.618993	0.647135	
2810.000000	0.625904	0.598358	0.601382	0.622196	0.752236	0.584830	0.630818	0.611789	0.647135	
2820.000000	0.648256	0.611143	0.606904	0.637993	0.753910	0.596951	0.642526	0.624568	0.647135	
2830.000000	0.570319	0.503459	0.590232	0.627331	0.746342	0.580721	0.603067	0.585477	0.647135	
2840.000000	0.654331	0.595615	0.609094	0.650435	0.760383	0.587006	0.642811	0.629764	0.647135	
2850.000000	0.654307	0.559266	0.611784	0.633690	0.754828	0.588474	0.633725	0.622737	0.647135	
2860.000000	0.660452	0.592045	0.599282	0.636501	0.735082	0.595617	0.636496	0.617891	0.647135	
2870.000000	0.656863	0.576542	0.607978	0.635360	0.732175	0.595395	0.634052	0.621669	0.647135	
2880.000000	0.652982	0.606320	0.605010	0.650375	0.747720	0.583294	0.640950	0.628348	0.647135	
2890.000000	0.646201	0.630675	0.588182	0.631260	0.736161	0.590988	0.637244	0.630967	0.647135	
2900.000000	0.648102	0.609358	0.602354	0.649658	0.628185	0.590897	0.621426	0.618771	0.647135	
2910.000000	0.650025	0.565223	0.611281	0.646510	0.756325	0.591298	0.636777	0.628895	0.647135	
2920.000000	0.641293	0.574118	0.611265	0.628858	0.743436	0.579775	0.629791	0.620061	0.647135	
2930.000000	0.652201	0.593092	0.608307	0.636232	0.739303	0.584579	0.635619	0.622270	0.647135	
2940.000000	0.655941	0.577465	0.609492	0.624391	0.736088	0.581042	0.630737	0.616941	0.647135	
2950.000000	0.653523	0.552069	0.579867	0.616348	0.724501	0.584546	0.618476	0.600447	0.647135	
2960.000000	0.651992	0.553228	0.583333	0.632214	0.741901	0.591448	0.625686	0.611831	0.647135	
2970.000000	0.652658	0.589565	0.590878	0.647187	0.742064	0.596748	0.636517	0.621968	0.647135	
2980.000000	0.653991	0.591251	0.606050	0.652367	0.726904	0.597197	0.637960	0.629208	0.647135	
2990.000000	0.653308	0.602846	0.601210	0.650264	0.734635	0.594299	0.639427	0.626555	0.647135	
3000.000000	0.656863	0.591983	0.615612	0.652128	0.751658	0.595040	0.643881	0.633870	0.647135	
3010.000000	0.643478	0.609494	0.601791	0.617290	0.739089	0.588239	0.633230	0.613392	0.647135	
3020.000000	0.633963	0.603326	0.594479	0.613128	0.739894	0.587835	0.628771	0.608227	0.647135	
3030.000000	0.645572	0.585858	0.612716	0.634793	0.753174	0.590855	0.637161	0.623755	0.647135	
3040.000000	0.654324	0.590303	0.620409	0.637794	0.748261	0.592800	0.640648	0.629102	0.647135	
3050.000000	0.654313	0.600686	0.620622	0.651485	0.746612	0.592123	0.644307	0.636053	0.647135	
3060.000000	0.650447	0.607988	0.616645	0.662457	0.772203	0.594863	0.650767	0.633546	0.650767	
3070.000000	0.643220	0.603184	0.619992	0.658617	0.760395	0.589039	0.645741	0.631606	0.650767	
3080.000000	0.653573	0.633923	0.610475	0.640616	0.750009	0.597848	0.647741	0.637269	0.650767	
3090.000000	0.650035	0.623912	0.597667	0.643926	0.735755	0.596845	0.641357	0.633919	0.650767	
3100.000000	0.655075	0.583385	0.592786	0.622256	0.733119	0.601967	0.631431	0.612111	0.650767	
3110.000000	0.638645	0.506372	0.607528	0.619644	0.740353	0.589462	0.617001	0.613586	0.650767	
3120.000000	0.665341	0.571384	0.606351	0.640812	0.721506	0.596096	0.633582	0.623582	0.650767	
3130.000000	0.651802	0.566388	0.612016	0.634365	0.734547	0.589612	0.631455	0.623191	0.650767	
3140.000000	0.625477	0.577701	0.608555	0.639334	0.750497	0.593130	0.632449	0.617016	0.650767	
3150.000000	0.648693	0.577323	0.615055	0.638201	0.755369	0.583214	0.636309	0.626628	0.650767	
3160.000000	0.649600	0.554003	0.615511	0.631115	0.751406	0.587723	0.631560	0.623313	0.650767	
3170.000000	0.659616	0.602353	0.604102	0.627285	0.738617	0.590732	0.637118	0.615694	0.650767	
3180.000000	0.646376	0.637878	0.593971	0.615011	0.687361	0.580044	0.626773	0.626444	0.650767	
3190.000000	0.657110	0.595618	0.613104	0.634566	0.742819	0.589881	0.638850	0.623835	0.650767	
3200.000000	0.657629	0.574515	0.613659	0.630297	0.762056	0.584625	0.637130	0.621978	0.650767	
3210.000000	0.649463	0.616154	0.610194	0.631844	0.760471	0.583541	0.641945	0.623999	0.650767	
3220.000000	0.649011	0.605465	0.619914	0.484983	0.753331	0.583053	0.615960	0.612689	0.650767	
3230.000000	0.627783	0.594313	0.604596	0.636457	0.749519	0.574834	0.631250	0.616189	0.650767	
3240.000000	0.649442	0.578885	0.583503	0.639043	0.735283	0.594213	0.630061	0.616628	0.650767	
3250.000000	0.649914	0.576783	0.613639	0.647023	0.747179	0.589971	0.637418	0.630331	0.650767	
3260.000000	0.644261	0.575060	0.612464	0.642135	0.753973	0.584934	0.635471	0.627300	0.650767	
3270.000000	0.643135	0.588158	0.602024	0.622545	0.728722	0.586082	0.628444	0.612284	0.650767	
3280.000000	0.631655	0.600041	0.607659	0.634879	0.748959	0.581071	0.634044	0.619657	0.650767	
3290.000000	0.654829	0.565502	0.580313	0.627010	0.762050	0.569821	0.626587	0.603661	0.650767	
3300.000000	0.648958	0.616238	0.594110	0.618733	0.737478	0.592545	0.634677	0.617486	0.650767	
3310.000000	0.653119	0.612531	0.592341	0.601264	0.735799	0.594894	0.631658	0.606898	0.650767	
3320.000000	0.651036	0.586503	0.613997	0.651374	0.764251	0.592639	0.643300	0.632516	0.650767	
3330.000000	0.645126	0.572562	0.619807	0.648647	0.743234	0.581757	0.635189	0.632467	0.650767	
3340.000000	0.655560	0.566562	0.610156	0.646283	0.758433	0.585082	0.637012	0.628219	0.650767	
3350.000000	0.648827	0.566481	0.596957	0.626829	0.750425	0.584837	0.629059	0.611893	0.650767	
3360.000000	0.640924	0.568341	0.605695	0.638798	0.759980	0.575686	0.631571	0.622246	0.650767	
3370.000000	0.641538	0.595392	0.587651	0.622536	0.746424	0.590679	0.630703	0.608964	0.650767	
3380.000000	0.631207	0.615321	0.603764	0.642126	0.758150	0.595679	0.641041	0.623264	0.650767	
3390.000000	0.653827	0.626038	0.606761	0.642968	0.761905	0.585218	0.646120	0.634503	0.650767	
3400.000000	0.649337	0.567250	0.611674	0.635457	0.758124	0.590641	0.635414	0.623566	0.650767	
3410.000000	0.659699	0.584972	0.612926	0.638127	0.751494	0.595289	0.640418	0.625526	0.650767	
3420.000000	0.657179	0.598237	0.609797	0.635177	0.753840	0.593481	0.641285	0.622487	0.650767	
3430.000000	0.641310	0.547684	0.605186	0.623110	0.750135	0.580567	0.624665	0.614148	0.650767	
3440.000000	0.644707	0.575947	0.600914	0.620099	0.746801	0.576444	0.627485	0.610507	0.650767	
3450.000000	0.626999	0.574589	0.597784	0.628148	0.751588	0.574211	0.625553	0.612391	0.650767	
3460.000000	0.645582	0.596601	0.580718	0.607900	0.731697	0.577207	0.623284	0.602251	0.650767	
3470.000000	0.621999	0.613647	0.580789	0.590767	0.703559	0.580412	0.615196	0.602207	0.650767	
3480.000000	0.645232	0.589013	0.593539	0.613653	0.728300	0.577791	0.624588	0.603596	0.650767	
3490.000000	0.651070	0.605056	0.599595	0.611241	0.716040	0.583754	0.627793	0.608148	0.650767	
3500.000000	0.647961	0.585251	0.595483	0.622020	0.721645	0.581127	0.625581	0.608752	0.650767	
3510.000000	0.650146	0.585685	0.589212	0.608402	0.670414	0.574021	0.612980	0.598807	0.650767	
3520.000000	0.642951	0.603742	0.599408	0.626903	0.727483	0.585024	0.630918	0.615322	0.650767	
3530.000000	0.645990	0.610064	0.591479	0.643125	0.756520	0.579974	0.637859	0.626595	0.650767	
3540.000000	0.642580	0.618928	0.599602	0.637315	0.749481	0.583970	0.638646	0.628122	0.650767	
3550.000000	0.638287	0.618680	0.573309	0.627172	0.722519	0.588516	0.628081	0.622926	0.650767	
3560.000000	0.641325	0.633223	0.605931	0.635571	0.745122	0.589744	0.641819	0.634397	0.650767	
3570.000000	0.639176	0.622288	0.608981	0.638965	0.753803	0.593532	0.642791	0.630627	0.650767	
3580.000000	0.655971	0.618054	0.616696	0.629318	0.751236	0.592886	0.644027	0.623686	0.650767	
3590.000000	0.658658	0.609110	0.614826	0.637290	0.753293	0.591578	0.644126	0.626058	0.650767	
3600.000000	0.661265	0.594258	0.616726	0.644435	0.749814	0.593003	0.643250	0.630580	0.650767	
3610.000000	0.651324	0.592206	0.616881	0.650210	0.757929	0.579036	0.641264	0.633545	0.650767	
3620.000000	0.640309	0.594611	0.608967	0.636822	0.754249	0.570073	0.634172	0.622894	0.650767	
3630.000000	0.639307	0.602297	0.583832	0.623179	0.720418	0.596144	0.627530	0.612738	0.650767	
3640.000000	0.649803	0.614428	0.583480	0.629945	0.739032	0.593461	0.635025	0.622187	0.650767	
3650.000000	0.650857	0.603934	0.602430	0.640318	0.744675	0.584563	0.637796	0.622126	0.650767	
3660.000000	0.649901	0.621637	0.594461	0.646531	0.752998	0.584969	0.641749	0.634084	0.650767	
3670.000000	0.643474	0.612327	0.605604	0.646447	0.758445	0.594277	0.643429	0.627900	0.650767	
3680.000000	0.642827	0.590278	0.602999	0.652077	0.762672	0.588329	0.639864	0.622913	0.650767	
3690.000000	0.656496	0.603952	0.604569	0.650949	0.762610	0.585886	0.644077	0.627759	0.650767	
3700.000000	0.652078	0.591542	0.603230	0.645170	0.739045	0.582661	0.635621	0.624200	0.650767	
3710.000000	0.632408	0.549844	0.615256	0.658871	0.762685	0.587412	0.634413	0.623832	0.650767	
3720.000000	0.652120	0.564597	0.616314	0.656473	0.513129	0.591043	0.598946	0.603678	0.650767	
3730.000000	0.641939	0.614781	0.593827	0.635930	0.735207	0.595152	0.636139	0.625356	0.650767	
3740.000000	0.652711	0.605235	0.603330	0.659741	0.710951	0.596973	0.638157	0.628973	0.650767	
3750.000000	0.636885	0.548387	0.608315	0.647673	0.760634	0.580478	0.630395	0.622600	0.650767	
3760.000000	0.638765	0.555252	0.596264	0.625596	0.739385	0.583298	0.623093	0.610930	0.650767	
3770.000000	0.647673	0.594090	0.619456	0.646810	0.757772	0.585055	0.641810	0.633133	0.650767	
3780.000000	0.665603	0.604244	0.608590	0.642701	0.742656	0.589870	0.642277	0.625646	0.650767	
3790.000000	0.660683	0.609587	0.613843	0.639605	0.755558	0.594522	0.645633	0.626724	0.650767	
3800.000000	0.659869	0.586788	0.613106	0.644761	0.768133	0.597207	0.644977	0.628933	0.650767	
3810.000000	0.642044	0.606630	0.619472	0.623380	0.773618	0.591237	0.642730	0.621426	0.650767	
3820.000000	0.647726	0.614242	0.613395	0.654386	0.765830	0.597028	0.648768	0.630984	0.650767	
3830.000000	0.652393	0.590613	0.622434	0.655045	0.773618	0.585205	0.646551	0.637414	0.650767	
3840.000000	0.619669	0.614670	0.616455	0.656692	0.767598	0.588461	0.643924	0.618062	0.650767	
3850.000000	0.670953	0.594363	0.618713	0.645546	0.763427	0.589788	0.647132	0.632130	0.650767	
3860.000000	0.678308	0.599731	0.609740	0.648529	0.747191	0.597550	0.646841	0.629134	0.650767	
3870.000000	0.674138	0.585468	0.612700	0.643664	0.746034	0.596349	0.643059	0.628182	0.650767	
3880.000000	0.675502	0.597859	0.617798	0.642515	0.749330	0.598909	0.646985	0.630156	0.650767	
3890.000000	0.677254	0.551617	0.623586	0.641002	0.760420	0.594960	0.641473	0.632294	0.650767	
3900.000000	0.672609	0.556439	0.624296	0.646260	0.759376	0.591597	0.641763	0.635278	0.650767	
3910.000000	0.662593	0.562830	0.609755	0.643664	0.745958	0.601453	0.637709	0.626710	0.650767	
3920.000000	0.651490	0.585710	0.612898	0.645631	0.768969	0.593741	0.643073	0.629264	0.650767	
3930.000000	0.643909	0.589875	0.599238	0.610681	0.760232	0.595250	0.633197	0.604959	0.650767	
3940.000000	0.656814	0.618835	0.610132	0.631364	0.714933	0.597268	0.638224	0.625100	0.650767	
3950.000000	0.648027	0.580905	0.616464	0.633238	0.753746	0.591487	0.637311	0.624851	0.650767	
3960.000000	0.661504	0.589677	0.629050	0.563759	0.752645	0.590448	0.631181	0.609749	0.650767	
3970.000000	0.649790	0.575692	0.621533	0.635434	0.756250	0.600642	0.639890	0.628484	0.650767	
3980.000000	0.665840	0.615736	0.607413	0.635571	0.745424	0.604777	0.645793	0.625653	0.650767	
3990.000000	0.669406	0.598665	0.609105	0.628283	0.744763	0.603445	0.642278	0.618694	0.650767	
4000.000000	0.658882	0.571651	0.604909	0.635952	0.756935	0.600249	0.638096	0.620431	0.650767	
4010.000000	0.666736	0.583955	0.609428	0.631831	0.747462	0.600425	0.639973	0.620630	0.650767	
4020.000000	0.661299	0.586943	0.582513	0.627084	0.726162	0.603590	0.631265	0.615337	0.650767	
4030.000000	0.598011	0.583255	0.592454	0.639441	0.752595	0.591327	0.626180	0.595232	0.650767	
4040.000000	0.665550	0.593005	0.617300	0.633241	0.756099	0.596731	0.643654	0.625270	0.650767	
4050.000000	0.663608	0.601510	0.609141	0.644557	0.760364	0.601133	0.646719	0.626849	0.650767	
4060.000000	0.649408	0.548554	0.609985	0.648337	0.755828	0.583829	0.632657	0.629161	0.650767	
4070.000000	0.637288	0.546094	0.599727	0.640123	0.744014	0.586082	0.625555	0.618508	0.650767	
4080.000000	0.653889	0.579759	0.600732	0.653132	0.754199	0.598239	0.639992	0.626932	0.650767	
4090.000000	0.654198	0.586261	0.611510	0.650220	0.765654	0.595328	0.643862	0.630865	0.650767	
4100.000000	0.658310	0.572196	0.596284	0.658052	0.760534	0.597286	0.640444	0.627669	0.650767	
4110.000000	0.667014	0.573132	0.628924	0.660586	0.763824	0.592350	0.647638	0.644755	0.650767	
4120.000000	0.651070	0.585437	0.632601	0.651770	0.759829	0.584537	0.644207	0.641836	0.650767	
4130.000000	0.666730	0.609891	0.632151	0.662001	0.768391	0.595586	0.655792	0.647076	0.655792	
4140.000000	0.670697	0.614273	0.626423	0.658811	0.771649	0.597086	0.656490	0.642617	0.656490	
4150.000000	0.665262	0.598383	0.622958	0.646304	0.767617	0.595084	0.649268	0.634631	0.656490	
4160.000000	0.655583	0.623940	0.600999	0.630160	0.750871	0.593137	0.642448	0.627050	0.656490	
4170.000000	0.649653	0.624030	0.609882	0.623797	0.724167	0.589603	0.636855	0.623913	0.656490	
4180.000000	0.651988	0.560574	0.630491	0.638423	0.759936	0.561265	0.633779	0.634457	0.656490	
4190.000000	0.654053	0.580490	0.609815	0.626922	0.747644	0.597356	0.636047	0.618368	0.656490	
4200.000000	0.658332	0.550141	0.614919	0.639737	0.762345	0.594506	0.636663	0.627328	0.656490	
4210.000000	0.661592	0.570888	0.618224	0.640734	0.756948	0.591067	0.639909	0.629479	0.656490	
4220.000000	0.665610	0.573300	0.613412	0.627519	0.743014	0.596964	0.636636	0.620465	0.656490	
4230.000000	0.669103	0.585722	0.611302	0.641562	0.743933	0.598534	0.641692	0.626432	0.656490	
4240.000000	0.674367	0.581451	0.624448	0.647274	0.763962	0.597471	0.648162	0.635861	0.656490	
4250.000000	0.672931	0.589584	0.624261	0.647201	0.764547	0.600060	0.649764	0.635731	0.656490	
4260.000000	0.675370	0.586571	0.625664	0.646485	0.772631	0.597817	0.650756	0.636075	0.656490	
4270.000000	0.665309	0.560778	0.622758	0.639027	0.761918	0.602454	0.642040	0.630892	0.656490	
4280.000000	0.677168	0.585077	0.614479	0.642367	0.755602	0.602480	0.646196	0.628423	0.656490	
4290.000000	0.654947	0.547891	0.622476	0.637680	0.754646	0.586387	0.634005	0.630078	0.656490	
4300.000000	0.661369	0.568465	0.621406	0.645492	0.761484	0.589373	0.641265	0.633449	0.656490	
4310.000000	0.669621	0.576864	0.606835	0.630308	0.744587	0.599153	0.637895	0.618571	0.656490	
4320.000000	0.667916	0.583298	0.591152	0.628217	0.729206	0.599017	0.633134	0.613617	0.656490	
4330.000000	0.651499	0.592764	0.598464	0.615115	0.731496	0.596343	0.630947	0.606790	0.656490	
4340.000000	0.652013	0.584240	0.615292	0.636454	0.756426	0.585486	0.638319	0.625873	0.656490	
4350.000000	0.645953	0.548276	0.610948	0.631115	0.752620	0.576219	0.627522	0.621032	0.656490	
4360.000000	0.646762	0.554673	0.609288	0.627255	0.737403	0.567158	0.623756	0.618271	0.656490	
4370.000000	0.654969	0.560041	0.613904	0.621793	0.745537	0.585836	0.630347	0.617849	0.656490	
4380.000000	0.666566	0.602731	0.609159	0.621372	0.686965	0.601532	0.631387	0.615266	0.656490	
4390.000000	0.667479	0.603053	0.603613	0.631220	0.736742	0.600882	0.640498	0.617416	0.656490	
4400.000000	0.665153	0.595603	0.620517	0.642089	0.749242	0.598605	0.645201	0.631303	0.656490	
4410.000000	0.657800	0.585710	0.612682	0.651044	0.746858	0.602498	0.642765	0.631863	0.656490	
4420.000000	0.666566	0.629169	0.605131	0.647178	0.745543	0.603159	0.649458	0.638173	0.656490	
4430.000000	0.656238	0.589342	0.607818	0.635943	0.753148	0.600818	0.640551	0.621880	0.656490	
4440.000000	0.669943	0.614236	0.612932	0.635157	0.755250	0.596885	0.647400	0.624696	0.656490	
4450.000000	0.649756	0.586075	0.606539	0.637090	0.752966	0.602357	0.639130	0.621814	0.656490	
4460.000000	0.668985	0.596508	0.606768	0.654809	0.767076	0.602220	0.649394	0.630789	0.656490	
4470.000000	0.667189	0.572376	0.617211	0.643639	0.754904	0.595516	0.641806	0.630425	0.656490	
4480.000000	0.659432	0.595733	0.609581	0.633901	0.753595	0.592163	0.640734	0.621741	0.656490	
4490.000000	0.658173	0.618755	0.600101	0.540877	0.744241	0.593252	0.625900	0.609428	0.656490	
4500.000000	0.650972	0.596638	0.598568	0.632006	0.747978	0.595223	0.636897	0.615287	0.656490	
4510.000000	0.634849	0.612785	0.589761	0.634162	0.751670	0.580701	0.633988	0.623474	0.656490	
4520.000000	0.636639	0.607362	0.583145	0.619186	0.731974	0.584458	0.627127	0.613274	0.656490	
4530.000000	0.646536	0.597493	0.585461	0.627530	0.728659	0.591435	0.629519	0.612512	0.656490	
4540.000000	0.633372	0.573777	0.570539	0.636096	0.744417	0.585567	0.623961	0.609470	0.656490	
4550.000000	0.649708	0.593535	0.598410	0.637035	0.752897	0.595774	0.637893	0.617722	0.656490	
4560.000000	0.653588	0.627055	0.597463	0.628624	0.749487	0.593567	0.641631	0.627840	0.656490	
4570.000000	0.664176	0.609934	0.599006	0.637002	0.744423	0.593203	0.641291	0.623468	0.656490	
4580.000000	0.661600	0.601095	0.607532	0.630026	0.753331	0.594303	0.641315	0.618779	0.656490	
4590.000000	0.656827	0.625316	0.601481	0.617232	0.752557	0.601777	0.642532	0.621274	0.656490	
4600.000000	0.661291	0.611180	0.574952	0.619943	0.684480	0.602582	0.625738	0.615561	0.656490	
4610.000000	0.668992	0.611397	0.603474	0.641559	0.745499	0.597551	0.644745	0.626478	0.656490	
4620.000000	0.655484	0.634884	0.609751	0.654011	0.763597	0.595302	0.652172	0.644448	0.656490	
4630.000000	0.652081	0.626826	0.609939	0.655499	0.766007	0.593139	0.650582	0.639454	0.656490	
4640.000000	0.643499	0.605905	0.606835	0.654333	0.756665	0.591376	0.643102	0.625167	0.656490	
4650.000000	0.641752	0.633613	0.598430	0.641749	0.749399	0.599586	0.644088	0.637681	0.656490	
4660.000000	0.653876	0.606264	0.619250	0.656002	0.758602	0.596925	0.648487	0.636563	0.656490	
4670.000000	0.674412	0.618501	0.613411	0.643172	0.726074	0.601662	0.646205	0.630836	0.656490	
4680.000000	0.668313	0.602080	0.601986	0.646056	0.729382	0.600448	0.641378	0.624068	0.656490	
4690.000000	0.652796	0.618141	0.601210	0.646704	0.761156	0.596629	0.646106	0.632423	0.656490	
4700.000000	0.659377	0.601411	0.586371	0.648566	0.761119	0.588496	0.640890	0.624988	0.656490	
4710.000000	0.649100	0.596929	0.583842	0.641553	0.758080	0.585304	0.635801	0.619241	0.656490	
4720.000000	0.664325	0.574161	0.598362	0.655031	0.754218	0.591098	0.639533	0.626697	0.656490	
4730.000000	0.662665	0.611645	0.608545	0.651023	0.758640	0.597731	0.648375	0.631334	0.656490	
4740.000000	0.621658	0.596886	0.617709	0.651867	0.761484	0.580013	0.638269	0.619683	0.656490	
4750.000000	0.629948	0.621445	0.574058	0.610533	0.691179	0.593565	0.620121	0.615989	0.656490	
4760.000000	0.637070	0.611949	0.578056	0.624530	0.728577	0.515331	0.615919	0.618239	0.656490	
4770.000000	0.625322	0.629007	0.589263	0.620676	0.752274	0.555553	0.628683	0.622999	0.656490	
4780.000000	0.642394	0.601454	0.597793	0.628397	0.740121	0.573505	0.630611	0.614926	0.656490	
4790.000000	0.667184	0.566556	0.611471	0.640627	0.752532	0.583653	0.637004	0.626049	0.656490	
4800.000000	0.660794	0.580413	0.599202	0.653408	0.746562	0.580024	0.636734	0.626305	0.656490	
4810.000000	0.670121	0.593979	0.606516	0.637201	0.743668	0.591437	0.640487	0.621859	0.656490	
4820.000000	0.678020	0.598386	0.619714	0.655612	0.749525	0.598962	0.650036	0.637663	0.656490	
4830.000000	0.666828	0.599254	0.605588	0.654895	0.752205	0.598607	0.646229	0.630242	0.656490	
4840.000000	0.662618	0.574521	0.625018	0.659248	0.757841	0.581155	0.643400	0.642133	0.656490	
4850.000000	0.657092	0.611657	0.622339	0.469662	0.763251	0.587487	0.618581	0.616998	0.656490	
4860.000000	0.657736	0.593483	0.614162	0.650863	0.753086	0.584813	0.642357	0.632513	0.656490	
4870.000000	0.666335	0.587402	0.601711	0.627942	0.730370	0.596261	0.635003	0.614826	0.656490	
4880.000000	0.661656	0.576126	0.606617	0.645022	0.763327	0.587221	0.639995	0.625820	0.656490	
4890.000000	0.652485	0.553588	0.607844	0.638226	0.767007	0.579961	0.633185	0.623035	0.656490	
4900.000000	0.656501	0.593920	0.607776	0.641916	0.745159	0.590592	0.639311	0.624846	0.656490	
4910.000000	0.659247	0.612178	0.600727	0.619168	0.706396	0.593022	0.631790	0.615673	0.656490	
4920.000000	0.656104	0.622480	0.589460	0.608874	0.727420	0.595390	0.633288	0.615677	0.656490	
4930.000000	0.660457	0.603835	0.599708	0.643868	0.754885	0.589242	0.641999	0.623851	0.656490	
4940.000000	0.666942	0.547829	0.610286	0.630310	0.751387	0.584509	0.631877	0.620298	0.656490	
4950.000000	0.666264	0.567863	0.616532	0.662292	0.769668	0.589502	0.645353	0.639412	0.656490	
4960.000000	0.659546	0.621210	0.603074	0.656783	0.758791	0.594403	0.648968	0.638996	0.656490	
4970.000000	0.638654	0.627972	0.591928	0.648181	0.748814	0.583959	0.639918	0.633313	0.656490	
4980.000000	0.656323	0.601739	0.606674	0.643317	0.767655	0.588294	0.644000	0.624996	0.656490	
4990.000000	0.659656	0.569128	0.626920	0.652316	0.769812	0.580536	0.643061	0.639618	0.656490	
5000.000000	0.677550	0.610374	0.615454	0.652603	0.772404	0.590220	0.653101	0.634028	0.656490	
