Epoch	AUC-21	AUC-22	AUC-23	AUC-24	AUC-25	AUC-26	AUC-Avg	AUC-Mid	AUC-Best	
1.000000	0.574057	0.425994	0.587625	0.556740	0.632569	0.512500	0.548247	0.565399	0.548247	
10.000000	0.557644	0.579095	0.557144	0.560443	0.608199	0.525785	0.564719	0.559044	0.564719	
20.000000	0.547005	0.492053	0.564914	0.522530	0.457878	0.495370	0.513292	0.508950	0.564719	
30.000000	0.558186	0.498661	0.483194	0.560841	0.442601	0.482119	0.504267	0.490927	0.564719	
40.000000	0.450229	0.476910	0.544374	0.558547	0.466666	0.487231	0.497326	0.482070	0.564719	
50.000000	0.441415	0.440275	0.469040	0.474680	0.588937	0.549771	0.494020	0.471860	0.564719	
60.000000	0.541487	0.509385	0.526193	0.533881	0.585484	0.535084	0.538586	0.534482	0.564719	
70.000000	0.572839	0.466087	0.558447	0.523488	0.652957	0.535337	0.551526	0.546892	0.564719	
80.000000	0.486371	0.559669	0.534865	0.431299	0.431740	0.483494	0.487906	0.484933	0.564719	
90.000000	0.531932	0.546106	0.550174	0.567829	0.518186	0.482046	0.532712	0.539019	0.564719	
100.000000	0.491939	0.400765	0.468666	0.468451	0.606262	0.447467	0.480591	0.468558	0.564719	
110.000000	0.553518	0.581141	0.578316	0.464490	0.484368	0.470218	0.522009	0.518943	0.564719	
120.000000	0.544961	0.498041	0.566029	0.470833	0.440918	0.534050	0.509139	0.516046	0.564719	
130.000000	0.556018	0.544699	0.536108	0.511614	0.673062	0.517172	0.556445	0.540403	0.564719	
140.000000	0.511409	0.508071	0.520553	0.468633	0.574846	0.524140	0.517942	0.515981	0.564719	
150.000000	0.509698	0.537248	0.519483	0.534651	0.635576	0.514522	0.541863	0.527067	0.564719	
160.000000	0.539629	0.455630	0.503876	0.587794	0.544569	0.552601	0.530683	0.542099	0.564719	
170.000000	0.531966	0.469688	0.531733	0.503046	0.537731	0.480862	0.509171	0.517390	0.564719	
180.000000	0.575988	0.575699	0.496027	0.462036	0.612508	0.539345	0.543601	0.557522	0.564719	
190.000000	0.494862	0.589962	0.561557	0.540684	0.630110	0.508632	0.554301	0.551121	0.564719	
200.000000	0.475980	0.525024	0.552403	0.502817	0.575475	0.526914	0.526436	0.525969	0.564719	
210.000000	0.508162	0.507420	0.514546	0.573802	0.563485	0.525968	0.532230	0.520257	0.564719	
220.000000	0.521272	0.556855	0.521025	0.522715	0.679856	0.537469	0.556532	0.530092	0.564719	
230.000000	0.527436	0.561993	0.507072	0.542858	0.530862	0.498095	0.528053	0.529149	0.564719	
240.000000	0.469967	0.589051	0.489804	0.426704	0.603500	0.556228	0.522542	0.523016	0.564719	
250.000000	0.535220	0.569364	0.553679	0.558967	0.593863	0.530805	0.556983	0.556323	0.564719	
260.000000	0.544684	0.624650	0.483966	0.565706	0.637602	0.521682	0.563048	0.555195	0.564719	
270.000000	0.575059	0.634369	0.503051	0.504624	0.604217	0.516994	0.556386	0.546027	0.564719	
280.000000	0.537841	0.587637	0.545706	0.529572	0.626625	0.511660	0.556507	0.541773	0.564719	
290.000000	0.569072	0.576641	0.550146	0.566296	0.630846	0.540148	0.572191	0.567684	0.572191	
300.000000	0.576334	0.524751	0.497303	0.592215	0.702987	0.503223	0.566136	0.550543	0.572191	
310.000000	0.580281	0.562229	0.543794	0.585500	0.659348	0.551660	0.580469	0.571255	0.580469	
320.000000	0.579364	0.518007	0.569984	0.522769	0.561290	0.565628	0.552840	0.563459	0.580469	
330.000000	0.520563	0.555463	0.561412	0.575854	0.588126	0.515267	0.552781	0.558438	0.580469	
340.000000	0.572655	0.535196	0.570089	0.520374	0.411233	0.489559	0.516518	0.527785	0.580469	
350.000000	0.586621	0.565564	0.536247	0.505485	0.674415	0.462870	0.555200	0.550905	0.580469	
360.000000	0.596315	0.545703	0.573450	0.554356	0.655851	0.550276	0.579325	0.563903	0.580469	
370.000000	0.517103	0.536684	0.507912	0.553437	0.659210	0.536237	0.551764	0.536460	0.580469	
380.000000	0.583625	0.501574	0.547997	0.557442	0.615257	0.549444	0.559223	0.553443	0.580469	
390.000000	0.588166	0.555299	0.587425	0.568960	0.702452	0.556197	0.593083	0.578193	0.593083	
400.000000	0.580154	0.553495	0.579461	0.569742	0.722066	0.538470	0.590565	0.574602	0.593083	
410.000000	0.531446	0.572320	0.571056	0.584597	0.695746	0.563814	0.586497	0.571688	0.593083	
420.000000	0.612651	0.542765	0.504748	0.600466	0.548061	0.538261	0.557825	0.545413	0.593083	
430.000000	0.611633	0.574112	0.587403	0.572278	0.626662	0.566601	0.589781	0.580757	0.593083	
440.000000	0.575607	0.577527	0.581470	0.570145	0.710894	0.544290	0.593322	0.576567	0.593322	
450.000000	0.575677	0.571558	0.579277	0.534605	0.635016	0.570765	0.577816	0.573617	0.593322	
460.000000	0.439878	0.571911	0.581116	0.574325	0.675069	0.472125	0.552404	0.573118	0.593322	
470.000000	0.514260	0.543441	0.588952	0.507400	0.545167	0.495649	0.532478	0.528850	0.593322	
480.000000	0.605594	0.558262	0.588516	0.524453	0.692727	0.539475	0.584838	0.573389	0.593322	
490.000000	0.584054	0.575494	0.580062	0.585578	0.699061	0.565939	0.598365	0.582058	0.598365	
500.000000	0.608032	0.572469	0.593922	0.588562	0.711731	0.564117	0.606472	0.591242	0.606472	
510.000000	0.618733	0.541004	0.567581	0.602787	0.674182	0.531724	0.589335	0.585184	0.606472	
520.000000	0.584300	0.577490	0.547619	0.586176	0.542883	0.562941	0.566901	0.570215	0.606472	
530.000000	0.628241	0.547935	0.497105	0.557996	0.707699	0.503363	0.573723	0.552965	0.606472	
540.000000	0.557622	0.544637	0.572279	0.494469	0.561869	0.586993	0.552978	0.559745	0.606472	
550.000000	0.605363	0.554443	0.578718	0.578332	0.625423	0.570132	0.585402	0.578525	0.606472	
560.000000	0.587793	0.598683	0.556194	0.582587	0.653813	0.574787	0.592310	0.585190	0.606472	
570.000000	0.594499	0.608143	0.570271	0.559583	0.625870	0.581781	0.590024	0.588140	0.606472	
580.000000	0.541963	0.557257	0.574920	0.631874	0.716902	0.562431	0.597558	0.568675	0.606472	
590.000000	0.603243	0.615990	0.571496	0.584035	0.689946	0.559118	0.603972	0.593639	0.606472	
600.000000	0.590409	0.583813	0.556639	0.550794	0.559428	0.561949	0.567172	0.560688	0.606472	
610.000000	0.587178	0.593811	0.563943	0.604102	0.693362	0.564815	0.601202	0.590495	0.606472	
620.000000	0.609331	0.602756	0.586828	0.616697	0.712656	0.571076	0.616557	0.606043	0.616557	
630.000000	0.611798	0.570479	0.495134	0.602201	0.726828	0.544160	0.591767	0.586340	0.616557	
640.000000	0.591130	0.565712	0.587843	0.609800	0.609174	0.554949	0.586435	0.589486	0.616557	
650.000000	0.597245	0.567628	0.500653	0.576178	0.707362	0.555897	0.584160	0.571903	0.616557	
660.000000	0.585174	0.554716	0.572229	0.582405	0.611231	0.507632	0.568898	0.577317	0.616557	
670.000000	0.605862	0.569202	0.582412	0.606515	0.683335	0.557163	0.600748	0.594137	0.616557	
680.000000	0.608565	0.557003	0.587518	0.600142	0.715272	0.561213	0.604952	0.593830	0.616557	
690.000000	0.598271	0.585093	0.560903	0.587961	0.667998	0.483272	0.580583	0.586527	0.616557	
700.000000	0.590477	0.589782	0.563963	0.612883	0.704195	0.574852	0.606025	0.590129	0.616557	
710.000000	0.612990	0.575513	0.579505	0.596043	0.673125	0.544586	0.596960	0.587774	0.616557	
720.000000	0.580886	0.608006	0.534518	0.502891	0.652032	0.567456	0.574298	0.574171	0.616557	
730.000000	0.574136	0.586943	0.587250	0.593253	0.644490	0.579918	0.594332	0.587097	0.616557	
740.000000	0.605170	0.559725	0.588909	0.593235	0.695705	0.571206	0.602325	0.591072	0.616557	
750.000000	0.613861	0.564073	0.501038	0.554524	0.678019	0.580578	0.582015	0.572325	0.616557	
760.000000	0.627582	0.552615	0.557448	0.599487	0.672351	0.585497	0.599163	0.592492	0.616557	
770.000000	0.624464	0.583732	0.584663	0.590730	0.698464	0.523697	0.600958	0.587696	0.616557	
780.000000	0.612449	0.575556	0.584825	0.555435	0.728074	0.538510	0.599141	0.580191	0.616557	
790.000000	0.601210	0.558138	0.581922	0.622811	0.715581	0.550079	0.604957	0.591566	0.616557	
800.000000	0.626957	0.584563	0.599283	0.601928	0.680416	0.565086	0.609706	0.600606	0.616557	
810.000000	0.611234	0.574149	0.573640	0.563094	0.658644	0.578018	0.593130	0.576083	0.616557	
820.000000	0.637416	0.556545	0.591246	0.602795	0.560459	0.555975	0.584073	0.575853	0.616557	
830.000000	0.612897	0.547538	0.543520	0.623815	0.714455	0.565320	0.601257	0.589108	0.616557	
840.000000	0.620482	0.569165	0.588086	0.608865	0.706635	0.464358	0.592932	0.598476	0.616557	
850.000000	0.604788	0.576836	0.583212	0.577616	0.671552	0.588361	0.600394	0.585787	0.616557	
860.000000	0.591753	0.578500	0.576650	0.615370	0.704648	0.573265	0.606698	0.585127	0.616557	
870.000000	0.556381	0.568347	0.564327	0.616630	0.701597	0.582688	0.598328	0.575518	0.616557	
880.000000	0.565396	0.502858	0.591348	0.534117	0.724960	0.534963	0.575607	0.550179	0.616557	
890.000000	0.619996	0.541519	0.593230	0.600861	0.712045	0.589021	0.609445	0.597046	0.616557	
900.000000	0.622450	0.548040	0.535315	0.620033	0.668395	0.579647	0.595647	0.599840	0.616557	
910.000000	0.510648	0.581563	0.579955	0.597675	0.523338	0.578455	0.561939	0.579205	0.616557	
920.000000	0.583036	0.583992	0.596827	0.614185	0.665834	0.561420	0.600882	0.590410	0.616557	
930.000000	0.617045	0.574459	0.594530	0.625580	0.722085	0.572679	0.617730	0.605787	0.617730	
940.000000	0.630330	0.577013	0.596064	0.612249	0.726879	0.571003	0.618923	0.604156	0.618923	
950.000000	0.626173	0.558888	0.582955	0.618969	0.713593	0.549293	0.608312	0.600962	0.618923	
960.000000	0.599511	0.582151	0.593347	0.616156	0.723035	0.534034	0.608039	0.596429	0.618923	
970.000000	0.631936	0.576517	0.597589	0.603214	0.654844	0.578470	0.607095	0.600402	0.618923	
980.000000	0.589517	0.572438	0.590900	0.629230	0.684448	0.581118	0.607942	0.590208	0.618923	
990.000000	0.625260	0.587947	0.576845	0.608042	0.490180	0.585712	0.578998	0.586830	0.618923	
1000.000000	0.628979	0.592386	0.586317	0.615471	0.711416	0.581358	0.619321	0.603929	0.619321	
1010.000000	0.615818	0.579963	0.580498	0.609693	0.715681	0.585677	0.614555	0.597685	0.619321	
1020.000000	0.594764	0.601005	0.572858	0.621264	0.613534	0.584486	0.597985	0.597884	0.619321	
1030.000000	0.615831	0.576070	0.587825	0.624789	0.413220	0.569771	0.564584	0.581948	0.619321	
1040.000000	0.634038	0.579715	0.579239	0.568606	0.674685	0.582685	0.603162	0.581200	0.619321	
1050.000000	0.574009	0.585778	0.553376	0.553296	0.605199	0.578360	0.575003	0.576185	0.619321	
1060.000000	0.636822	0.598057	0.594861	0.631153	0.594127	0.555401	0.601737	0.596459	0.619321	
1070.000000	0.596782	0.565595	0.590577	0.611324	0.654876	0.553794	0.595491	0.593680	0.619321	
1080.000000	0.626352	0.574676	0.592863	0.627798	0.713866	0.567154	0.617118	0.609608	0.619321	
1090.000000	0.635148	0.609612	0.582686	0.612673	0.721362	0.586817	0.624716	0.611142	0.624716	
1100.000000	0.601893	0.595816	0.562896	0.575053	0.693784	0.587329	0.602795	0.591573	0.624716	
1110.000000	0.630889	0.593706	0.581417	0.599535	0.695941	0.577050	0.613090	0.596620	0.624716	
1120.000000	0.630332	0.552906	0.590961	0.612862	0.710076	0.580807	0.612991	0.601911	0.624716	
1130.000000	0.582702	0.551437	0.589798	0.604893	0.717392	0.558411	0.600772	0.586250	0.624716	
1140.000000	0.631580	0.573294	0.600266	0.586337	0.727917	0.583704	0.617183	0.593302	0.624716	
1150.000000	0.634950	0.585579	0.591189	0.630995	0.699653	0.574358	0.619454	0.611092	0.624716	
1160.000000	0.641276	0.586881	0.577751	0.646579	0.749305	0.577235	0.629838	0.614079	0.629838	
1170.000000	0.610263	0.575451	0.594887	0.637070	0.619812	0.551757	0.598206	0.602575	0.629838	
1180.000000	0.639584	0.548815	0.608299	0.580928	0.727074	0.578086	0.613798	0.594613	0.629838	
1190.000000	0.650491	0.604126	0.599562	0.623739	0.681378	0.588422	0.624620	0.613932	0.629838	
1200.000000	0.635555	0.584426	0.598874	0.630253	0.680850	0.571078	0.616839	0.614563	0.629838	
1210.000000	0.629425	0.594797	0.548850	0.637814	0.742439	0.582670	0.622666	0.612111	0.629838	
1220.000000	0.629495	0.570566	0.615906	0.647046	0.743335	0.588117	0.632411	0.622701	0.632411	
1230.000000	0.644810	0.559576	0.611095	0.632457	0.743455	0.566003	0.626233	0.621776	0.632411	
1240.000000	0.641011	0.572618	0.600801	0.622640	0.740202	0.584524	0.626966	0.611721	0.632411	
1250.000000	0.635302	0.550259	0.598721	0.615134	0.734490	0.597789	0.621949	0.606927	0.632411	
1260.000000	0.627176	0.592919	0.596789	0.634850	0.744272	0.586969	0.630496	0.611982	0.632411	
1270.000000	0.646538	0.591118	0.603688	0.652482	0.736346	0.590582	0.636792	0.625113	0.636792	
1280.000000	0.652306	0.537068	0.597482	0.632795	0.730483	0.584414	0.622425	0.615139	0.636792	
1290.000000	0.644336	0.589125	0.593209	0.635702	0.718047	0.584112	0.627422	0.614456	0.636792	
1300.000000	0.605875	0.519836	0.594615	0.614033	0.711064	0.595977	0.606900	0.600926	0.636792	
1310.000000	0.566061	0.491328	0.579374	0.614525	0.682630	0.577800	0.585286	0.578587	0.636792	
1320.000000	0.630394	0.585747	0.597617	0.620745	0.713681	0.583731	0.621986	0.609181	0.636792	
1330.000000	0.649574	0.567417	0.541014	0.624336	0.682769	0.555883	0.603499	0.595876	0.636792	
1340.000000	0.658289	0.597698	0.593823	0.644712	0.544657	0.549929	0.598185	0.595760	0.636792	
1350.000000	0.646333	0.601299	0.588651	0.634897	0.727910	0.590633	0.631621	0.618098	0.636792	
1360.000000	0.628941	0.557022	0.605273	0.632503	0.741699	0.585405	0.625141	0.617107	0.636792	
1370.000000	0.651478	0.564318	0.586363	0.455420	0.733685	0.583708	0.595829	0.585035	0.636792	
1380.000000	0.633332	0.611812	0.594800	0.619781	0.675679	0.581380	0.619464	0.615797	0.636792	
1390.000000	0.625811	0.588772	0.607302	0.635628	0.739183	0.571477	0.628029	0.616557	0.636792	
1400.000000	0.643034	0.570876	0.569291	0.636433	0.741901	0.579291	0.623471	0.607862	0.636792	
1410.000000	0.641604	0.519600	0.603791	0.635145	0.745556	0.583630	0.621554	0.619468	0.636792	
1420.000000	0.650946	0.525489	0.614618	0.650609	0.749437	0.591162	0.630377	0.632613	0.636792	
1430.000000	0.636061	0.600338	0.621384	0.650505	0.756187	0.577553	0.640338	0.628723	0.640338	
1440.000000	0.658472	0.582244	0.596622	0.644070	0.741806	0.599198	0.637069	0.621634	0.640338	
1450.000000	0.662038	0.606351	0.597139	0.636942	0.743983	0.595247	0.640283	0.621647	0.640338	
1460.000000	0.659398	0.590067	0.604118	0.650454	0.738957	0.593646	0.639440	0.627286	0.640338	
1470.000000	0.612124	0.549335	0.590022	0.630780	0.732345	0.572310	0.614486	0.601073	0.640338	
1480.000000	0.643913	0.558838	0.597278	0.493845	0.689632	0.576464	0.593328	0.586871	0.640338	
1490.000000	0.662734	0.586633	0.602649	0.653449	0.746462	0.582272	0.639033	0.628049	0.640338	
1500.000000	0.659778	0.596681	0.612547	0.577515	0.676453	0.582483	0.617576	0.604614	0.640338	
1510.000000	0.640892	0.577050	0.599627	0.639936	0.741769	0.571856	0.628522	0.619781	0.640338	
1520.000000	0.626570	0.605979	0.532641	0.608969	0.687329	0.582202	0.607282	0.607474	0.640338	
1530.000000	0.498372	0.595640	0.548967	0.607463	0.618576	0.573581	0.573767	0.584611	0.640338	
1540.000000	0.600843	0.588028	0.574785	0.557432	0.664532	0.552389	0.589668	0.581406	0.640338	
1550.000000	0.626773	0.595156	0.587282	0.593411	0.693765	0.577529	0.612319	0.594283	0.640338	
1560.000000	0.604819	0.591666	0.596783	0.626674	0.663985	0.583238	0.611194	0.600801	0.640338	
1570.000000	0.627197	0.602601	0.604544	0.630417	0.695784	0.581669	0.623702	0.615871	0.640338	
1580.000000	0.637779	0.585393	0.601501	0.634266	0.743744	0.586980	0.631610	0.617883	0.640338	
1590.000000	0.640858	0.553588	0.607231	0.629811	0.747128	0.560700	0.623219	0.618521	0.640338	
1600.000000	0.633754	0.618370	0.586931	0.614581	0.712637	0.576175	0.623741	0.616476	0.640338	
1610.000000	0.649500	0.581848	0.612317	0.633542	0.708542	0.591473	0.629537	0.622930	0.640338	
1620.000000	0.649645	0.572475	0.611614	0.647837	0.750305	0.589533	0.636902	0.629726	0.640338	
1630.000000	0.643461	0.602564	0.620804	0.623255	0.674245	0.591953	0.626047	0.622030	0.640338	
1640.000000	0.637646	0.582821	0.606060	0.650486	0.747550	0.564160	0.631454	0.621853	0.640338	
1650.000000	0.657883	0.563152	0.597906	0.649188	0.733150	0.588618	0.631650	0.623547	0.640338	
1660.000000	0.621165	0.574353	0.604295	0.642785	0.756577	0.577952	0.629521	0.612730	0.640338	
1670.000000	0.636552	0.559749	0.600599	0.562467	0.739473	0.569916	0.611459	0.585258	0.640338	
1680.000000	0.645902	0.555894	0.604721	0.621965	0.732194	0.592681	0.625559	0.613343	0.640338	
1690.000000	0.659046	0.564547	0.605206	0.640195	0.750878	0.593735	0.635601	0.622700	0.640338	
1700.000000	0.649012	0.562911	0.609648	0.643232	0.753847	0.595994	0.635774	0.626440	0.640338	
1710.000000	0.654032	0.564398	0.594223	0.642475	0.743348	0.595864	0.632390	0.619170	0.640338	
1720.000000	0.658053	0.577688	0.608767	0.576319	0.749185	0.581554	0.625261	0.595160	0.640338	
1730.000000	0.672358	0.589980	0.585437	0.655001	0.743788	0.575475	0.637007	0.622491	0.640338	
1740.000000	0.666404	0.588170	0.597465	0.660544	0.728822	0.586872	0.638046	0.629004	0.640338	
1750.000000	0.666269	0.607045	0.605604	0.626077	0.708302	0.575198	0.631416	0.616561	0.640338	
1760.000000	0.650759	0.533913	0.594488	0.655019	0.756992	0.587011	0.629697	0.622624	0.640338	
1770.000000	0.660990	0.596061	0.617613	0.617725	0.747940	0.601942	0.640378	0.617669	0.640378	
1780.000000	0.648655	0.613548	0.602026	0.613871	0.723884	0.594786	0.632795	0.613709	0.640378	
1790.000000	0.670101	0.607306	0.616676	0.641941	0.732817	0.603339	0.645363	0.629309	0.645363	
1800.000000	0.640834	0.566602	0.605841	0.650363	0.753111	0.593188	0.634990	0.623338	0.645363	
1810.000000	0.649771	0.585480	0.598354	0.642952	0.739737	0.592648	0.634824	0.620653	0.645363	
1820.000000	0.659748	0.596260	0.604482	0.646433	0.745354	0.596157	0.641406	0.625458	0.645363	
1830.000000	0.640533	0.567801	0.611729	0.607276	0.745065	0.571190	0.623933	0.609502	0.645363	
1840.000000	0.632229	0.586912	0.599598	0.623938	0.727747	0.579303	0.624954	0.611768	0.645363	
1850.000000	0.646920	0.596898	0.597629	0.623500	0.736887	0.592467	0.632384	0.610565	0.645363	
1860.000000	0.655031	0.588474	0.602437	0.635891	0.742240	0.596129	0.636700	0.619164	0.645363	
1870.000000	0.664505	0.584699	0.613865	0.615726	0.747166	0.597820	0.637297	0.614795	0.645363	
1880.000000	0.658348	0.609190	0.601992	0.634790	0.748802	0.598164	0.641881	0.621990	0.645363	
1890.000000	0.660557	0.611670	0.603359	0.631927	0.728999	0.601755	0.639711	0.621799	0.645363	
1900.000000	0.659904	0.605769	0.616807	0.659531	0.757401	0.593944	0.648893	0.638169	0.648893	
1910.000000	0.661940	0.592981	0.614675	0.643588	0.765050	0.590333	0.644761	0.629132	0.648893	
1920.000000	0.644934	0.609612	0.588491	0.625062	0.714065	0.582055	0.627370	0.617337	0.648893	
1930.000000	0.654941	0.572829	0.614724	0.636690	0.739680	0.589120	0.634664	0.625707	0.648893	
1940.000000	0.663547	0.574620	0.613978	0.644398	0.749563	0.587449	0.638926	0.629188	0.648893	
1950.000000	0.655535	0.575017	0.602217	0.609582	0.738781	0.570426	0.625259	0.605900	0.648893	
1960.000000	0.652276	0.570126	0.610964	0.648490	0.756740	0.591488	0.638347	0.629727	0.648893	
1970.000000	0.644752	0.574663	0.592568	0.635478	0.716468	0.589301	0.625538	0.614023	0.648893	
1980.000000	0.624131	0.582406	0.591710	0.613406	0.695186	0.587187	0.615671	0.602558	0.648893	
1990.000000	0.636098	0.579759	0.609944	0.642170	0.739655	0.583355	0.631830	0.623021	0.648893	
2000.000000	0.646932	0.563605	0.598713	0.615314	0.740555	0.580756	0.624312	0.607013	0.648893	
2010.000000	0.651135	0.569748	0.617760	0.628895	0.741303	0.577413	0.631042	0.623328	0.648893	
2020.000000	0.650266	0.572940	0.616007	0.633623	0.746914	0.578347	0.633016	0.624815	0.648893	
2030.000000	0.654377	0.579492	0.610490	0.640523	0.761786	0.587954	0.639104	0.625507	0.648893	
2040.000000	0.650515	0.580087	0.611710	0.644465	0.758414	0.581466	0.637776	0.628087	0.648893	
2050.000000	0.650641	0.593489	0.595564	0.646098	0.738919	0.591629	0.636057	0.620831	0.648893	
2060.000000	0.637940	0.543372	0.596694	0.639801	0.749978	0.586123	0.625651	0.617317	0.648893	
2070.000000	0.630795	0.579099	0.593450	0.613595	0.734906	0.589691	0.623589	0.603523	0.648893	
2080.000000	0.629058	0.586571	0.589701	0.603156	0.723155	0.576645	0.618048	0.596429	0.648893	
2090.000000	0.641014	0.575178	0.610304	0.625847	0.742536	0.577017	0.628649	0.618076	0.648893	
2100.000000	0.652360	0.577130	0.607495	0.619598	0.740183	0.588005	0.630795	0.613546	0.648893	
2110.000000	0.616759	0.590042	0.597726	0.643651	0.748022	0.593366	0.631594	0.607242	0.648893	
2120.000000	0.654111	0.595348	0.602341	0.637005	0.736648	0.585942	0.635233	0.619673	0.648893	
2130.000000	0.648157	0.579610	0.591948	0.611972	0.706962	0.586920	0.620928	0.601960	0.648893	
2140.000000	0.646585	0.592218	0.579632	0.628032	0.759565	0.595712	0.633624	0.611872	0.648893	
2150.000000	0.604381	0.512032	0.580686	0.625100	0.755004	0.588404	0.610934	0.596392	0.648893	
2160.000000	0.641278	0.501010	0.609155	0.634067	0.738170	0.567385	0.615178	0.621611	0.648893	
2170.000000	0.671390	0.587439	0.611648	0.647921	0.751614	0.599813	0.644971	0.629784	0.648893	
2180.000000	0.658829	0.587879	0.606351	0.643866	0.754665	0.591951	0.640590	0.625108	0.648893	
2190.000000	0.654550	0.602204	0.595592	0.637236	0.744732	0.596779	0.638516	0.619720	0.648893	
2200.000000	0.661500	0.574453	0.605921	0.635034	0.750783	0.588040	0.635955	0.620478	0.648893	
2210.000000	0.665486	0.584563	0.605329	0.640035	0.746801	0.595465	0.639613	0.622682	0.648893	
2220.000000	0.639834	0.601938	0.568447	0.585904	0.607753	0.588380	0.598709	0.595159	0.648893	
2230.000000	0.669657	0.588186	0.611430	0.640956	0.752784	0.601545	0.644093	0.626193	0.648893	
2240.000000	0.656968	0.558466	0.610245	0.634102	0.744870	0.591186	0.632639	0.622173	0.648893	
2250.000000	0.640873	0.569320	0.607285	0.636688	0.748097	0.590679	0.632157	0.621986	0.648893	
2260.000000	0.653951	0.590823	0.596531	0.617223	0.721255	0.593675	0.628910	0.606877	0.648893	
2270.000000	0.670005	0.589497	0.602167	0.628978	0.738806	0.604246	0.638950	0.616612	0.648893	
2280.000000	0.647750	0.576542	0.605600	0.639554	0.741832	0.586950	0.633038	0.622577	0.648893	
2290.000000	0.638355	0.615724	0.604043	0.637419	0.744367	0.590648	0.638426	0.626571	0.648893	
2300.000000	0.650315	0.576821	0.592376	0.600341	0.731779	0.588781	0.623402	0.596359	0.648893	
2310.000000	0.652139	0.602930	0.590740	0.607787	0.720085	0.594640	0.628053	0.605358	0.648893	
2320.000000	0.654100	0.580521	0.602270	0.637063	0.744744	0.589530	0.634705	0.619666	0.648893	
2330.000000	0.618794	0.582492	0.603252	0.645506	0.745675	0.587457	0.630530	0.611023	0.648893	
2340.000000	0.650605	0.567008	0.589418	0.628851	0.728734	0.586153	0.625128	0.609134	0.648893	
2350.000000	0.654192	0.578339	0.591342	0.612978	0.723023	0.591332	0.625201	0.602160	0.648893	
2360.000000	0.661799	0.575878	0.577218	0.624750	0.720821	0.589885	0.625059	0.607317	0.648893	
2370.000000	0.645699	0.554078	0.592800	0.619191	0.690707	0.589059	0.615256	0.605996	0.648893	
2380.000000	0.654288	0.531564	0.603609	0.632864	0.748751	0.584594	0.625945	0.618237	0.648893	
2390.000000	0.663154	0.617317	0.594211	0.646740	0.751783	0.581239	0.642407	0.632028	0.648893	
2400.000000	0.649425	0.601417	0.582945	0.654307	0.755803	0.557932	0.633638	0.625421	0.648893	
2410.000000	0.650985	0.593805	0.597613	0.646669	0.761414	0.582216	0.638784	0.622141	0.648893	
2420.000000	0.646564	0.589881	0.602856	0.649475	0.763742	0.582405	0.639154	0.624710	0.648893	
2430.000000	0.639979	0.558355	0.597416	0.637993	0.763182	0.577615	0.629090	0.617704	0.648893	
2440.000000	0.654663	0.545096	0.597776	0.656922	0.748915	0.586171	0.631590	0.626220	0.648893	
2450.000000	0.651166	0.570740	0.599266	0.633773	0.739177	0.584866	0.629831	0.616520	0.648893	
2460.000000	0.619120	0.589519	0.602858	0.639410	0.750689	0.579314	0.630152	0.610989	0.648893	
2470.000000	0.637538	0.579182	0.578244	0.612615	0.725426	0.574345	0.617892	0.595898	0.648893	
2480.000000	0.655749	0.590117	0.602030	0.632105	0.746336	0.599202	0.637590	0.617068	0.648893	
2490.000000	0.653129	0.597760	0.588542	0.615918	0.752488	0.600827	0.634777	0.608372	0.648893	
2500.000000	0.648249	0.585871	0.602549	0.640803	0.754872	0.596874	0.638203	0.621676	0.648893	
2510.000000	0.666587	0.585294	0.602005	0.637738	0.724186	0.598990	0.635800	0.619872	0.648893	
2520.000000	0.652073	0.587092	0.615044	0.645129	0.733339	0.588374	0.636842	0.630086	0.648893	
2530.000000	0.647449	0.625629	0.594082	0.636512	0.730773	0.591877	0.637720	0.631071	0.648893	
2540.000000	0.649362	0.627954	0.603353	0.629050	0.721922	0.589140	0.636797	0.628502	0.648893	
2550.000000	0.644852	0.619173	0.603261	0.628817	0.737151	0.579652	0.635485	0.623995	0.648893	
2560.000000	0.645518	0.594270	0.599434	0.616697	0.731458	0.570955	0.626389	0.608066	0.648893	
2570.000000	0.657143	0.612259	0.590522	0.634877	0.741026	0.588286	0.637352	0.623568	0.648893	
2580.000000	0.655154	0.602589	0.605935	0.624197	0.732672	0.593732	0.635713	0.615066	0.648893	
2590.000000	0.600922	0.537161	0.596369	0.631828	0.719456	0.522403	0.601356	0.598645	0.648893	
2600.000000	0.650537	0.535023	0.579873	0.623318	0.750098	0.579967	0.619802	0.601642	0.648893	
2610.000000	0.535304	0.558832	0.590226	0.622451	0.738126	0.540355	0.597549	0.574529	0.648893	
2620.000000	0.660941	0.550687	0.612484	0.630269	0.743977	0.584859	0.630536	0.621376	0.648893	
2630.000000	0.663627	0.590495	0.613639	0.648316	0.743901	0.584890	0.640811	0.630978	0.648893	
2640.000000	0.670290	0.566934	0.613982	0.644828	0.748273	0.594526	0.639805	0.629405	0.648893	
2650.000000	0.665825	0.566382	0.600437	0.638848	0.740007	0.587341	0.633140	0.619643	0.648893	
2660.000000	0.658131	0.555082	0.615120	0.648675	0.748537	0.579579	0.634187	0.631897	0.648893	
2670.000000	0.667882	0.570095	0.611475	0.647928	0.767145	0.585816	0.641723	0.629701	0.648893	
2680.000000	0.631122	0.587036	0.568030	0.595306	0.669024	0.504032	0.592425	0.591171	0.648893	
2690.000000	0.666160	0.592943	0.605929	0.647756	0.761886	0.579894	0.642428	0.626843	0.648893	
2700.000000	0.659324	0.574062	0.613435	0.645354	0.766629	0.581490	0.640049	0.629395	0.648893	
2710.000000	0.648261	0.588610	0.589471	0.613683	0.720525	0.581369	0.623653	0.601577	0.648893	
2720.000000	0.661077	0.580372	0.602838	0.636734	0.742932	0.604722	0.638113	0.620728	0.648893	
2730.000000	0.677621	0.572525	0.594865	0.640301	0.750550	0.607553	0.640569	0.623927	0.648893	
2740.000000	0.664878	0.561981	0.612543	0.640471	0.751400	0.586327	0.636267	0.626507	0.648893	
2750.000000	0.659543	0.574626	0.602113	0.637067	0.752607	0.591897	0.636309	0.619590	0.648893	
2760.000000	0.660555	0.612153	0.601093	0.631215	0.734358	0.600819	0.640032	0.621684	0.648893	
2770.000000	0.642784	0.621699	0.589452	0.619917	0.715310	0.602694	0.631976	0.620808	0.648893	
2780.000000	0.666017	0.585703	0.612420	0.656091	0.757376	0.595752	0.645560	0.634256	0.648893	
2790.000000	0.675378	0.596979	0.608985	0.651911	0.758716	0.607967	0.649989	0.630448	0.649989	
2800.000000	0.668386	0.589509	0.602327	0.649551	0.746962	0.605693	0.643738	0.627622	0.649989	
2810.000000	0.657971	0.577794	0.616143	0.649794	0.765686	0.592152	0.643257	0.632969	0.649989	
2820.000000	0.655263	0.592156	0.606565	0.637104	0.750808	0.597343	0.639873	0.621835	0.649989	
2830.000000	0.646222	0.599874	0.583159	0.621571	0.696218	0.589581	0.622771	0.610722	0.649989	
2840.000000	0.654749	0.575401	0.606637	0.646999	0.758772	0.587004	0.638260	0.626818	0.649989	
2850.000000	0.642977	0.583958	0.600300	0.641565	0.741555	0.585327	0.632614	0.620933	0.649989	
2860.000000	0.658370	0.604033	0.593938	0.610470	0.727023	0.594502	0.631389	0.607252	0.649989	
2870.000000	0.669835	0.584910	0.610172	0.652522	0.759986	0.609098	0.647754	0.631347	0.649989	
2880.000000	0.666303	0.612909	0.601614	0.647470	0.761999	0.605783	0.649346	0.630190	0.649989	
2890.000000	0.659159	0.633743	0.598160	0.657180	0.764572	0.601933	0.652458	0.645462	0.652458	
2900.000000	0.662362	0.609252	0.608501	0.657143	0.767762	0.598192	0.650535	0.633198	0.652458	
2910.000000	0.642155	0.629993	0.583006	0.627038	0.769190	0.589011	0.640066	0.628516	0.652458	
2920.000000	0.670823	0.579740	0.607691	0.662681	0.757042	0.597410	0.645898	0.635186	0.652458	
2930.000000	0.677331	0.588920	0.603863	0.656331	0.730118	0.601684	0.643041	0.630097	0.652458	
2940.000000	0.668211	0.594443	0.592390	0.643728	0.727948	0.602954	0.638279	0.623341	0.652458	
2950.000000	0.657832	0.619610	0.586731	0.626485	0.717468	0.596235	0.634060	0.623047	0.652458	
2960.000000	0.647667	0.598919	0.602592	0.640907	0.755583	0.582895	0.638094	0.621749	0.652458	
2970.000000	0.656338	0.603828	0.607584	0.634652	0.757898	0.583205	0.640584	0.621118	0.652458	
2980.000000	0.663652	0.603983	0.593749	0.645617	0.747179	0.591069	0.640875	0.624800	0.652458	
2990.000000	0.645243	0.603745	0.588453	0.624676	0.742542	0.581312	0.630995	0.614210	0.652458	
3000.000000	0.662989	0.602155	0.609197	0.636982	0.765893	0.588530	0.644291	0.623089	0.652458	
3010.000000	0.665102	0.598584	0.611547	0.660937	0.754318	0.592494	0.647164	0.636242	0.652458	
3020.000000	0.647041	0.605669	0.586154	0.634888	0.690336	0.592213	0.626050	0.620279	0.652458	
3030.000000	0.665881	0.602341	0.597522	0.643868	0.654467	0.593164	0.626207	0.623104	0.652458	
3040.000000	0.658410	0.596396	0.606264	0.657109	0.735616	0.592022	0.640970	0.631686	0.652458	
3050.000000	0.650961	0.569841	0.596949	0.645286	0.748280	0.587716	0.633172	0.621118	0.652458	
3060.000000	0.658914	0.614720	0.606668	0.648397	0.749267	0.598183	0.646025	0.631558	0.652458	
3070.000000	0.661851	0.590011	0.609256	0.648062	0.760150	0.599059	0.644731	0.628659	0.652458	
3080.000000	0.676224	0.597543	0.616827	0.654030	0.759659	0.604780	0.651510	0.635428	0.652458	
3090.000000	0.660480	0.570690	0.613885	0.648251	0.759099	0.588638	0.640174	0.631068	0.652458	
3100.000000	0.646335	0.582737	0.613556	0.640266	0.766793	0.579378	0.638178	0.626911	0.652458	
3110.000000	0.661871	0.620125	0.607623	0.640604	0.730112	0.587331	0.641278	0.630364	0.652458	
3120.000000	0.650865	0.626844	0.590282	0.502750	0.727162	0.594343	0.615374	0.610594	0.652458	
3130.000000	0.660275	0.638894	0.597484	0.649065	0.750909	0.589400	0.647671	0.643979	0.652458	
3140.000000	0.666702	0.623652	0.542956	0.649542	0.760886	0.595439	0.639863	0.636597	0.652458	
3150.000000	0.662108	0.630867	0.587548	0.653808	0.745065	0.598591	0.646331	0.642337	0.652458	
3160.000000	0.653326	0.607145	0.609955	0.656593	0.757797	0.587886	0.645450	0.631641	0.652458	
3170.000000	0.649668	0.592094	0.610603	0.646753	0.762946	0.574643	0.639451	0.628678	0.652458	
3180.000000	0.667564	0.598742	0.605053	0.655392	0.767592	0.580725	0.645845	0.630223	0.652458	
3190.000000	0.673023	0.596830	0.598519	0.658426	0.695161	0.589916	0.635312	0.628472	0.652458	
3200.000000	0.661909	0.597952	0.605705	0.655989	0.760716	0.581259	0.643922	0.630847	0.652458	
3210.000000	0.656412	0.603339	0.591843	0.644178	0.748349	0.587260	0.638563	0.623758	0.652458	
3220.000000	0.667481	0.595107	0.606882	0.639785	0.754111	0.588977	0.642057	0.623334	0.652458	
3230.000000	0.662802	0.604194	0.607740	0.647781	0.760980	0.586973	0.645078	0.627761	0.652458	
3240.000000	0.667383	0.624749	0.598130	0.641930	0.749858	0.588816	0.645144	0.633339	0.652458	
3250.000000	0.655018	0.632088	0.593101	0.642038	0.752255	0.596779	0.645213	0.637063	0.652458	
3260.000000	0.652183	0.618581	0.597082	0.627544	0.755633	0.602917	0.642323	0.623063	0.652458	
3270.000000	0.675205	0.582468	0.615979	0.637636	0.762471	0.587954	0.643619	0.626808	0.652458	
3280.000000	0.685832	0.591183	0.621012	0.647893	0.739970	0.598252	0.647357	0.634452	0.652458	
3290.000000	0.651232	0.604932	0.582110	0.599080	0.696161	0.590774	0.620715	0.602006	0.652458	
3300.000000	0.677387	0.601950	0.612553	0.631032	0.737881	0.581393	0.640366	0.621793	0.652458	
3310.000000	0.679196	0.581116	0.609512	0.645325	0.723457	0.595644	0.639042	0.627418	0.652458	
3320.000000	0.663060	0.567659	0.621430	0.644863	0.754381	0.595368	0.641127	0.633146	0.652458	
3330.000000	0.684440	0.582133	0.626903	0.637981	0.758382	0.596144	0.647664	0.632442	0.652458	
3340.000000	0.675175	0.563152	0.629407	0.630706	0.758886	0.595110	0.642073	0.630057	0.652458	
3350.000000	0.663036	0.578426	0.610748	0.653347	0.768542	0.587520	0.643603	0.632048	0.652458	
3360.000000	0.612519	0.619251	0.587429	0.647319	0.745977	0.572070	0.630761	0.615885	0.652458	
3370.000000	0.669239	0.606903	0.568374	0.651222	0.752343	0.594103	0.640364	0.629062	0.652458	
3380.000000	0.666997	0.576591	0.616363	0.642878	0.755614	0.590930	0.641562	0.629621	0.652458	
3390.000000	0.589660	0.596818	0.617671	0.648765	0.751595	0.600506	0.634169	0.609089	0.652458	
3400.000000	0.663785	0.615538	0.588833	0.645668	0.722909	0.598600	0.639222	0.630603	0.652458	
3410.000000	0.666503	0.583515	0.617147	0.659579	0.762132	0.606770	0.649274	0.638363	0.652458	
3420.000000	0.644483	0.555274	0.614571	0.640292	0.727382	0.592681	0.629114	0.627432	0.652458	
3430.000000	0.653509	0.579663	0.604941	0.646443	0.769051	0.586678	0.640047	0.625692	0.652458	
3440.000000	0.640956	0.608570	0.601239	0.643452	0.764365	0.574052	0.638772	0.624763	0.652458	
3450.000000	0.652860	0.588232	0.612680	0.650824	0.765076	0.580316	0.641665	0.631752	0.652458	
3460.000000	0.663216	0.618253	0.599777	0.629617	0.744845	0.591250	0.641159	0.623935	0.652458	
3470.000000	0.672248	0.613752	0.604826	0.636880	0.743517	0.604643	0.645978	0.625316	0.652458	
3480.000000	0.672402	0.626900	0.603110	0.650639	0.728583	0.611931	0.648927	0.638769	0.652458	
3490.000000	0.677672	0.613157	0.592289	0.642286	0.722765	0.612879	0.643508	0.627722	0.652458	
3500.000000	0.607461	0.532698	0.626481	0.636676	0.757275	0.606930	0.627920	0.616971	0.652458	
3510.000000	0.669547	0.579951	0.620780	0.639221	0.750513	0.596537	0.642758	0.630000	0.652458	
3520.000000	0.672567	0.594158	0.603878	0.627650	0.733389	0.595873	0.637919	0.615764	0.652458	
3530.000000	0.681312	0.614007	0.607265	0.642826	0.739315	0.609228	0.648992	0.628416	0.652458	
3540.000000	0.654119	0.549813	0.605325	0.650310	0.746487	0.592584	0.633106	0.627818	0.652458	
3550.000000	0.673289	0.586019	0.626149	0.658743	0.750192	0.611933	0.651054	0.642446	0.652458	
3560.000000	0.686715	0.587953	0.627043	0.645915	0.770913	0.611188	0.654955	0.636479	0.654955	
3570.000000	0.678520	0.562632	0.611322	0.650926	0.763937	0.605615	0.645492	0.631124	0.654955	
3580.000000	0.675681	0.579939	0.627729	0.638004	0.754683	0.597571	0.645601	0.632867	0.654955	
3590.000000	0.678101	0.597927	0.599989	0.641601	0.720047	0.599956	0.639604	0.620795	0.654955	
3600.000000	0.650384	0.541909	0.613054	0.647532	0.734497	0.600132	0.631252	0.630293	0.654955	
3610.000000	0.660482	0.543998	0.622506	0.654735	0.752683	0.595963	0.638395	0.638621	0.654955	
3620.000000	0.678506	0.585189	0.594986	0.657409	0.760420	0.602622	0.646522	0.630016	0.654955	
3630.000000	0.670808	0.618439	0.616679	0.657525	0.763553	0.595699	0.653784	0.637982	0.654955	
3640.000000	0.665066	0.616244	0.603195	0.639788	0.740768	0.597083	0.643691	0.628016	0.654955	
3650.000000	0.653627	0.608143	0.612714	0.644327	0.749770	0.566903	0.639247	0.628520	0.654955	
3660.000000	0.672559	0.597518	0.624452	0.661920	0.770020	0.593166	0.653272	0.643186	0.654955	
3670.000000	0.662401	0.583608	0.610356	0.648194	0.758426	0.591272	0.642376	0.629275	0.654955	
3680.000000	0.668819	0.598969	0.629734	0.663648	0.766793	0.597661	0.654271	0.646691	0.654955	
3690.000000	0.675336	0.600376	0.625367	0.591884	0.751897	0.602165	0.641171	0.613766	0.654955	
3700.000000	0.674051	0.602756	0.630196	0.659160	0.772184	0.605664	0.657335	0.644678	0.657335	
3710.000000	0.648083	0.555795	0.624374	0.636218	0.759596	0.581508	0.634262	0.630296	0.657335	
3720.000000	0.673174	0.585449	0.632185	0.646267	0.755942	0.592669	0.647614	0.639226	0.657335	
3730.000000	0.666576	0.588933	0.625766	0.633012	0.757307	0.606468	0.646344	0.629389	0.657335	
3740.000000	0.666820	0.605105	0.626231	0.651890	0.774216	0.597529	0.653632	0.639061	0.657335	
3750.000000	0.656492	0.643965	0.608903	0.649167	0.763169	0.605249	0.654491	0.646566	0.657335	
3760.000000	0.662275	0.597915	0.606897	0.643674	0.741077	0.598493	0.641722	0.625285	0.657335	
3770.000000	0.665138	0.612922	0.591372	0.647666	0.742297	0.602209	0.643601	0.630294	0.657335	
3780.000000	0.657602	0.615606	0.584789	0.644417	0.742385	0.598401	0.640533	0.630012	0.657335	
3790.000000	0.663559	0.642806	0.615486	0.656181	0.764472	0.597401	0.656651	0.649493	0.657335	
3800.000000	0.668153	0.629094	0.618087	0.665478	0.761798	0.600650	0.657210	0.647286	0.657335	
3810.000000	0.668580	0.624017	0.623980	0.666253	0.769982	0.602379	0.659199	0.645135	0.659199	
3820.000000	0.660145	0.649159	0.609189	0.663892	0.766711	0.603399	0.658749	0.654652	0.659199	
3830.000000	0.657497	0.631245	0.606345	0.655094	0.761842	0.603049	0.652512	0.643170	0.659199	
3840.000000	0.664831	0.617100	0.607588	0.650461	0.760288	0.605097	0.650894	0.633780	0.659199	
3850.000000	0.664863	0.618442	0.606429	0.659792	0.760829	0.608602	0.653159	0.639117	0.659199	
3860.000000	0.652984	0.590359	0.607132	0.652614	0.752035	0.597440	0.642094	0.629873	0.659199	
3870.000000	0.643658	0.586205	0.612278	0.658835	0.755457	0.588829	0.640877	0.627968	0.659199	
3880.000000	0.680930	0.626509	0.615020	0.660500	0.770026	0.604338	0.659554	0.643505	0.659554	
3890.000000	0.673035	0.622846	0.614848	0.660914	0.751588	0.608856	0.655348	0.641880	0.659554	
3900.000000	0.659648	0.626032	0.611852	0.660643	0.769309	0.605007	0.655415	0.642840	0.659554	
3910.000000	0.663945	0.632249	0.615851	0.649459	0.767516	0.598889	0.654652	0.640854	0.659554	
3920.000000	0.673737	0.604516	0.620225	0.658006	0.769164	0.603459	0.654851	0.639116	0.659554	
3930.000000	0.665780	0.586559	0.607772	0.658101	0.743165	0.605304	0.644447	0.632936	0.659554	
3940.000000	0.670093	0.624761	0.601907	0.648913	0.733232	0.604495	0.647234	0.636837	0.659554	
3950.000000	0.671115	0.604622	0.611560	0.667886	0.772285	0.601426	0.654816	0.639723	0.659554	
3960.000000	0.672254	0.613300	0.612561	0.669979	0.751683	0.600459	0.653373	0.641640	0.659554	
3970.000000	0.673454	0.597679	0.610078	0.653206	0.749122	0.606144	0.648281	0.631642	0.659554	
3980.000000	0.660518	0.623391	0.619777	0.651124	0.773197	0.608806	0.656136	0.637258	0.659554	
3990.000000	0.647650	0.636260	0.605590	0.648346	0.752538	0.609815	0.650033	0.641955	0.659554	
4000.000000	0.668644	0.610548	0.622484	0.657284	0.773272	0.601576	0.655635	0.639884	0.659554	
4010.000000	0.674053	0.630402	0.622698	0.661241	0.686059	0.609012	0.647244	0.645822	0.659554	
4020.000000	0.678336	0.641343	0.623080	0.669503	0.769347	0.610399	0.665334	0.655423	0.665334	
4030.000000	0.662133	0.586695	0.616932	0.646586	0.755237	0.585988	0.642262	0.631759	0.665334	
4040.000000	0.668640	0.589509	0.621949	0.633695	0.758055	0.585324	0.642862	0.627822	0.665334	
4050.000000	0.678212	0.625778	0.618834	0.654673	0.757734	0.596494	0.655288	0.640225	0.665334	
4060.000000	0.665296	0.607188	0.627982	0.662651	0.758382	0.595708	0.652868	0.645317	0.665334	
4070.000000	0.657314	0.597437	0.624642	0.657090	0.756174	0.596779	0.648239	0.640866	0.665334	
4080.000000	0.669335	0.603568	0.622787	0.652553	0.760515	0.599220	0.651330	0.637670	0.665334	
4090.000000	0.652378	0.580521	0.604320	0.635209	0.752714	0.580600	0.634290	0.619764	0.665334	
4100.000000	0.678195	0.605787	0.623917	0.656493	0.750091	0.600641	0.652521	0.640205	0.665334	
4110.000000	0.665951	0.616554	0.614871	0.652922	0.748449	0.605112	0.650643	0.634738	0.665334	
4120.000000	0.669534	0.612581	0.620685	0.652811	0.749852	0.601510	0.651162	0.636748	0.665334	
4130.000000	0.653118	0.623720	0.604198	0.620644	0.715348	0.599429	0.636076	0.622182	0.665334	
4140.000000	0.673588	0.600301	0.621448	0.627899	0.743549	0.606437	0.645537	0.624673	0.665334	
4150.000000	0.629393	0.597995	0.626093	0.657770	0.734321	0.607352	0.642154	0.627743	0.665334	
4160.000000	0.635303	0.562074	0.635361	0.653436	0.763182	0.601274	0.641772	0.635332	0.665334	
4170.000000	0.674124	0.571112	0.613189	0.640128	0.736472	0.604330	0.639892	0.626658	0.665334	
4180.000000	0.667692	0.608490	0.599393	0.654084	0.705472	0.604433	0.639927	0.631287	0.665334	
4190.000000	0.669988	0.613288	0.616118	0.669540	0.762314	0.609769	0.656836	0.642829	0.665334	
4200.000000	0.681022	0.578147	0.626350	0.666144	0.749192	0.612405	0.652210	0.646247	0.665334	
4210.000000	0.677973	0.621135	0.616415	0.657641	0.759622	0.601345	0.655688	0.639388	0.665334	
4220.000000	0.658092	0.631131	0.603791	0.654324	0.743014	0.553157	0.640585	0.642727	0.665334	
4230.000000	0.672160	0.602384	0.616633	0.653845	0.729829	0.596942	0.645299	0.635239	0.665334	
4240.000000	0.678383	0.617218	0.624923	0.668813	0.759112	0.607606	0.659342	0.646868	0.665334	
4250.000000	0.665317	0.639211	0.611598	0.654809	0.755979	0.601919	0.654806	0.647010	0.665334	
4260.000000	0.665241	0.630421	0.604394	0.655078	0.743411	0.597006	0.649258	0.642749	0.665334	
4270.000000	0.677305	0.589026	0.634519	0.668267	0.767233	0.600520	0.656145	0.651393	0.665334	
4280.000000	0.682580	0.591859	0.637219	0.676583	0.766497	0.607268	0.660334	0.656901	0.665334	
4290.000000	0.659808	0.577205	0.632639	0.655540	0.770913	0.590119	0.647704	0.644090	0.665334	
4300.000000	0.673232	0.616635	0.627673	0.663731	0.768485	0.599211	0.658161	0.645702	0.665334	
4310.000000	0.646553	0.647157	0.581072	0.627019	0.694564	0.594766	0.631855	0.636786	0.665334	
4320.000000	0.665879	0.619418	0.607473	0.646090	0.730370	0.609555	0.646464	0.632754	0.665334	
4330.000000	0.668725	0.608440	0.625143	0.664872	0.768391	0.594905	0.655079	0.645007	0.665334	
4340.000000	0.681305	0.584389	0.628295	0.667615	0.763616	0.603541	0.654793	0.647955	0.665334	
4350.000000	0.683474	0.601746	0.622747	0.661693	0.757005	0.608545	0.655868	0.642220	0.665334	
4360.000000	0.672046	0.621141	0.586291	0.612006	0.742731	0.590031	0.637375	0.616574	0.665334	
4370.000000	0.647810	0.583794	0.617523	0.649302	0.768586	0.576731	0.640624	0.632666	0.665334	
4380.000000	0.669446	0.598882	0.631220	0.650639	0.755803	0.584354	0.648391	0.640929	0.665334	
4390.000000	0.679275	0.617658	0.617957	0.667745	0.763792	0.607767	0.659032	0.642851	0.665334	
4400.000000	0.684225	0.621482	0.615005	0.661541	0.759175	0.605627	0.657842	0.641511	0.665334	
4410.000000	0.683837	0.594766	0.614451	0.653919	0.759672	0.600181	0.651138	0.634185	0.665334	
4420.000000	0.679063	0.596154	0.621612	0.648626	0.746134	0.599782	0.648562	0.635119	0.665334	
4430.000000	0.664733	0.608192	0.613441	0.644201	0.738604	0.588342	0.642919	0.628821	0.665334	
4440.000000	0.670515	0.618972	0.612002	0.647002	0.740265	0.596267	0.647504	0.632987	0.665334	
4450.000000	0.664082	0.606320	0.607302	0.641911	0.735006	0.605251	0.643312	0.624607	0.665334	
4460.000000	0.683017	0.597592	0.636216	0.668746	0.765862	0.604850	0.659381	0.652481	0.665334	
4470.000000	0.685034	0.584643	0.629506	0.665098	0.764912	0.602491	0.655281	0.647302	0.665334	
4480.000000	0.686491	0.619499	0.615579	0.660107	0.746845	0.608737	0.656209	0.639803	0.665334	
4490.000000	0.668887	0.621953	0.615929	0.649258	0.736183	0.604056	0.649378	0.635606	0.665334	
4500.000000	0.672769	0.616889	0.614766	0.643283	0.755684	0.601314	0.650784	0.630086	0.665334	
4510.000000	0.681308	0.600884	0.614297	0.658610	0.759043	0.608124	0.653711	0.636453	0.665334	
4520.000000	0.682019	0.626435	0.617277	0.655977	0.759684	0.612002	0.658899	0.641206	0.665334	
4530.000000	0.679432	0.612290	0.620899	0.661240	0.758703	0.612445	0.657501	0.641069	0.665334	
4540.000000	0.680747	0.625604	0.621981	0.657890	0.760225	0.602886	0.658222	0.641747	0.665334	
4550.000000	0.662648	0.627340	0.606220	0.642346	0.746241	0.598144	0.647157	0.634843	0.665334	
4560.000000	0.672389	0.631611	0.606622	0.644731	0.754117	0.610026	0.653249	0.638171	0.665334	
4570.000000	0.679575	0.605428	0.610530	0.652656	0.758955	0.598838	0.650997	0.631593	0.665334	
4580.000000	0.683406	0.599564	0.624902	0.658566	0.764635	0.607934	0.656501	0.641734	0.665334	
4590.000000	0.673611	0.584538	0.633828	0.659362	0.776449	0.609442	0.656205	0.646595	0.665334	
4600.000000	0.686958	0.625803	0.617059	0.659188	0.769649	0.609206	0.661311	0.642495	0.665334	
4610.000000	0.686623	0.599557	0.623291	0.651104	0.769227	0.612731	0.657089	0.637197	0.665334	
4620.000000	0.668450	0.611118	0.629025	0.644245	0.560422	0.611843	0.620850	0.620434	0.665334	
4630.000000	0.656227	0.597351	0.627190	0.628116	0.758741	0.607050	0.645779	0.627653	0.665334	
4640.000000	0.669468	0.627718	0.615264	0.639832	0.755482	0.604347	0.652018	0.633775	0.665334	
4650.000000	0.673151	0.596960	0.633245	0.652519	0.759527	0.604233	0.653273	0.642882	0.665334	
4660.000000	0.668317	0.573343	0.630638	0.637849	0.758911	0.597002	0.644343	0.634243	0.665334	
4670.000000	0.670836	0.615370	0.619207	0.646864	0.757269	0.602782	0.652055	0.633035	0.665334	
4680.000000	0.661587	0.640128	0.592523	0.633618	0.730087	0.594947	0.642148	0.636873	0.665334	
4690.000000	0.669113	0.620205	0.601261	0.652485	0.737887	0.602575	0.647254	0.636345	0.665334	
4700.000000	0.686521	0.612088	0.626586	0.660837	0.703264	0.615981	0.650879	0.643712	0.665334	
4710.000000	0.684775	0.590284	0.629021	0.655131	0.762748	0.612637	0.655766	0.642076	0.665334	
4720.000000	0.676097	0.600295	0.638048	0.658517	0.752035	0.612800	0.656299	0.648283	0.665334	
4730.000000	0.688303	0.611164	0.611089	0.661120	0.759559	0.616978	0.658035	0.639049	0.665334	
4740.000000	0.658104	0.596681	0.622288	0.660072	0.750399	0.611900	0.649907	0.640196	0.665334	
4750.000000	0.671776	0.580586	0.619345	0.661404	0.750670	0.603913	0.647949	0.640375	0.665334	
4760.000000	0.687846	0.605707	0.628796	0.667872	0.770709	0.614619	0.662591	0.648334	0.665334	
4770.000000	0.682266	0.604058	0.623962	0.663296	0.751349	0.615949	0.656813	0.643629	0.665334	
4780.000000	0.676388	0.632925	0.621334	0.603584	0.766277	0.608691	0.651533	0.627129	0.665334	
4790.000000	0.679831	0.630563	0.622712	0.665825	0.770762	0.607912	0.662934	0.648194	0.665334	
4800.000000	0.644916	0.589020	0.622082	0.645487	0.747701	0.575840	0.637508	0.633499	0.665334	
4810.000000	0.660045	0.616151	0.625795	0.638758	0.768020	0.585390	0.649027	0.632277	0.665334	
4820.000000	0.663476	0.629026	0.615872	0.656644	0.757168	0.601894	0.654013	0.642835	0.665334	
4830.000000	0.677203	0.629534	0.610770	0.652097	0.746738	0.611700	0.654674	0.640816	0.665334	
4840.000000	0.685548	0.635237	0.622472	0.666373	0.764711	0.606164	0.663417	0.650805	0.665334	
4850.000000	0.675291	0.658544	0.620239	0.663301	0.757973	0.617421	0.665462	0.660923	0.665462	
4860.000000	0.647635	0.601473	0.608422	0.621463	0.712177	0.591958	0.630521	0.614942	0.665462	
4870.000000	0.656880	0.603277	0.623453	0.659829	0.757829	0.588212	0.648247	0.640167	0.665462	
4880.000000	0.574762	0.634165	0.628064	0.667918	0.762251	0.610627	0.646298	0.631114	0.665462	
4890.000000	0.672681	0.641058	0.621109	0.669186	0.764711	0.610459	0.663200	0.655122	0.665462	
4900.000000	0.675478	0.630148	0.622189	0.662325	0.765604	0.598640	0.659064	0.646236	0.665462	
4910.000000	0.668304	0.623974	0.610849	0.630759	0.738416	0.603876	0.646030	0.627367	0.665462	
4920.000000	0.672152	0.642000	0.610214	0.623348	0.741536	0.603673	0.648820	0.632674	0.665462	
4930.000000	0.657924	0.644876	0.617962	0.655691	0.756137	0.596076	0.654778	0.650283	0.665462	
4940.000000	0.670229	0.631642	0.621772	0.659024	0.763987	0.604202	0.658476	0.645333	0.665462	
4950.000000	0.668071	0.599204	0.619728	0.648642	0.765956	0.593205	0.649135	0.634185	0.665462	
4960.000000	0.662181	0.596656	0.623160	0.634939	0.757401	0.579153	0.642248	0.629049	0.665462	
4970.000000	0.684160	0.591921	0.624783	0.666914	0.759527	0.607335	0.655773	0.645848	0.665462	
4980.000000	0.682394	0.616622	0.622377	0.669666	0.768863	0.607643	0.661261	0.646021	0.665462	
4990.000000	0.677533	0.631478	0.609728	0.631856	0.764956	0.612853	0.654734	0.631667	0.665462	
5000.000000	0.674486	0.602589	0.595107	0.633431	0.761031	0.607000	0.645607	0.620215	0.665462	
