Epoch	AUC-12	AUC-13	AUC-14	AUC-15	AUC-16	AUC-Avg	AUC-Mid	AUC-Best	
1.000000	0.313734	0.320654	0.349913	0.472534	0.520761	0.395519	0.349913	0.395519	
10.000000	0.580727	0.552370	0.426715	0.621432	0.573986	0.551046	0.573986	0.551046	
20.000000	0.529059	0.598628	0.276874	0.566291	0.587528	0.511676	0.566291	0.551046	
30.000000	0.659976	0.667627	0.408026	0.489480	0.496298	0.544281	0.496298	0.551046	
40.000000	0.710779	0.493345	0.737222	0.588675	0.484561	0.602917	0.588675	0.602917	
50.000000	0.439281	0.421075	0.362729	0.494850	0.511547	0.445896	0.439281	0.602917	
60.000000	0.301889	0.460653	0.353945	0.551941	0.389709	0.411628	0.389709	0.602917	
70.000000	0.563357	0.431817	0.701247	0.528452	0.450433	0.535061	0.528452	0.602917	
80.000000	0.344500	0.246462	0.742787	0.478853	0.521887	0.466898	0.478853	0.602917	
90.000000	0.634143	0.435472	0.697028	0.477148	0.564213	0.561601	0.564213	0.602917	
100.000000	0.428927	0.707089	0.666634	0.527350	0.447270	0.555454	0.527350	0.602917	
110.000000	0.699473	0.454014	0.547058	0.560221	0.560261	0.564205	0.560221	0.602917	
120.000000	0.605663	0.488589	0.357231	0.378709	0.598677	0.485774	0.488589	0.602917	
130.000000	0.583358	0.607207	0.615321	0.467023	0.508292	0.556240	0.583358	0.602917	
140.000000	0.399299	0.479844	0.404604	0.377497	0.497116	0.431672	0.404604	0.602917	
150.000000	0.638692	0.595795	0.669345	0.573047	0.503556	0.596087	0.595795	0.602917	
160.000000	0.457971	0.698497	0.341143	0.510038	0.440955	0.489721	0.457971	0.602917	
170.000000	0.570063	0.717371	0.756866	0.396728	0.486194	0.585444	0.570063	0.602917	
180.000000	0.531057	0.504296	0.598066	0.391991	0.452834	0.495649	0.504296	0.602917	
190.000000	0.450664	0.567481	0.411277	0.427874	0.556286	0.482716	0.450664	0.602917	
200.000000	0.387439	0.489568	0.526237	0.420263	0.645334	0.493768	0.489568	0.602917	
210.000000	0.348856	0.556521	0.603308	0.519017	0.433672	0.492275	0.519017	0.602917	
220.000000	0.325730	0.518980	0.459571	0.434341	0.548007	0.457326	0.459571	0.602917	
230.000000	0.566298	0.498788	0.670989	0.542420	0.634506	0.582600	0.566298	0.602917	
240.000000	0.457483	0.593657	0.540951	0.549027	0.647132	0.557650	0.549027	0.602917	
250.000000	0.451939	0.382695	0.374071	0.379946	0.390734	0.395877	0.382695	0.602917	
260.000000	0.545968	0.461826	0.608766	0.493789	0.420792	0.506228	0.493789	0.602917	
270.000000	0.555468	0.492916	0.617795	0.513108	0.605784	0.557014	0.555468	0.602917	
280.000000	0.597466	0.534835	0.602377	0.489118	0.462723	0.537304	0.534835	0.602917	
290.000000	0.488897	0.650096	0.598711	0.474830	0.509160	0.544339	0.509160	0.602917	
300.000000	0.351521	0.581890	0.365509	0.484413	0.503395	0.457345	0.484413	0.602917	
310.000000	0.579165	0.304052	0.593215	0.468224	0.505129	0.489957	0.505129	0.602917	
320.000000	0.464353	0.462455	0.505843	0.505852	0.612630	0.510227	0.505843	0.602917	
330.000000	0.436246	0.489066	0.556570	0.484449	0.733023	0.539871	0.489066	0.602917	
340.000000	0.553324	0.597249	0.541799	0.467922	0.404086	0.512876	0.541799	0.602917	
350.000000	0.591506	0.550940	0.554760	0.472851	0.565315	0.547074	0.554760	0.602917	
360.000000	0.548544	0.539289	0.568958	0.487879	0.700889	0.569112	0.548544	0.602917	
370.000000	0.448658	0.443787	0.485407	0.490325	0.525803	0.478796	0.485407	0.602917	
380.000000	0.533358	0.502203	0.580085	0.483039	0.688360	0.557409	0.533358	0.602917	
390.000000	0.596072	0.557552	0.654289	0.579296	0.601430	0.597728	0.596072	0.602917	
400.000000	0.589084	0.523299	0.594666	0.498045	0.400385	0.521096	0.523299	0.602917	
410.000000	0.440864	0.353383	0.404975	0.420370	0.523836	0.428685	0.420370	0.602917	
420.000000	0.605838	0.652563	0.631120	0.482121	0.371486	0.548626	0.605838	0.602917	
430.000000	0.663492	0.679665	0.539102	0.449674	0.491008	0.564588	0.539102	0.602917	
440.000000	0.634046	0.704223	0.563404	0.382895	0.566879	0.570290	0.566879	0.602917	
450.000000	0.575098	0.693051	0.655675	0.455636	0.465995	0.569091	0.575098	0.602917	
460.000000	0.642751	0.590515	0.663666	0.489669	0.411781	0.559676	0.590515	0.602917	
470.000000	0.586737	0.617577	0.735083	0.526466	0.626517	0.618476	0.617577	0.618476	
480.000000	0.616740	0.662891	0.591449	0.372975	0.488323	0.546476	0.591449	0.618476	
490.000000	0.564091	0.570610	0.383321	0.416290	0.533653	0.493593	0.533653	0.618476	
500.000000	0.493533	0.399624	0.570058	0.473461	0.462879	0.479911	0.473461	0.618476	
510.000000	0.571395	0.554242	0.578688	0.490127	0.426584	0.524207	0.554242	0.618476	
520.000000	0.503112	0.438453	0.435448	0.454056	0.624715	0.491157	0.454056	0.618476	
530.000000	0.469341	0.476520	0.508163	0.453618	0.656046	0.512738	0.476520	0.618476	
540.000000	0.674412	0.660772	0.713480	0.563343	0.497125	0.621826	0.660772	0.621826	
550.000000	0.674169	0.619372	0.602360	0.595126	0.517595	0.601724	0.602360	0.621826	
560.000000	0.362253	0.354813	0.489609	0.495114	0.530363	0.446430	0.489609	0.621826	
570.000000	0.431329	0.387839	0.322530	0.448013	0.467321	0.411407	0.431329	0.621826	
580.000000	0.678134	0.696906	0.651888	0.485377	0.500755	0.602612	0.651888	0.621826	
590.000000	0.702031	0.704515	0.729408	0.524342	0.445581	0.621175	0.702031	0.621826	
600.000000	0.588005	0.560197	0.539994	0.492232	0.382465	0.512578	0.539994	0.621826	
610.000000	0.444657	0.507566	0.359793	0.368261	0.551723	0.446400	0.444657	0.621826	
620.000000	0.434658	0.467006	0.433286	0.394105	0.547892	0.455389	0.434658	0.621826	
630.000000	0.594003	0.571902	0.562999	0.506099	0.476571	0.542315	0.562999	0.621826	
640.000000	0.641880	0.537295	0.653998	0.537274	0.536353	0.581360	0.537295	0.621826	
650.000000	0.677025	0.620295	0.669819	0.493610	0.595945	0.611339	0.620295	0.621826	
660.000000	0.408591	0.690484	0.670862	0.450905	0.677624	0.579693	0.670862	0.621826	
670.000000	0.686178	0.731215	0.746465	0.574268	0.565578	0.660741	0.686178	0.660741	
680.000000	0.484368	0.628693	0.654217	0.588014	0.466349	0.564328	0.588014	0.660741	
690.000000	0.420677	0.727805	0.314301	0.361493	0.450705	0.454996	0.420677	0.660741	
700.000000	0.593190	0.550763	0.739177	0.595731	0.530393	0.601851	0.593190	0.660741	
710.000000	0.562993	0.578061	0.705480	0.534377	0.433817	0.562946	0.562993	0.660741	
720.000000	0.382499	0.416335	0.678464	0.473740	0.433130	0.476834	0.433130	0.660741	
730.000000	0.557612	0.564152	0.471587	0.557667	0.651238	0.560451	0.557667	0.660741	
740.000000	0.450321	0.428134	0.472962	0.447339	0.466624	0.453076	0.450321	0.660741	
750.000000	0.453608	0.550278	0.422707	0.465291	0.551361	0.488649	0.465291	0.660741	
760.000000	0.420461	0.584062	0.534959	0.498881	0.625279	0.532729	0.534959	0.660741	
770.000000	0.563672	0.657977	0.677189	0.519940	0.447754	0.573306	0.563672	0.660741	
780.000000	0.596701	0.465574	0.536430	0.524666	0.493457	0.523365	0.524666	0.660741	
790.000000	0.392240	0.512125	0.543594	0.495746	0.572412	0.503224	0.512125	0.660741	
800.000000	0.616699	0.484845	0.522459	0.395912	0.584377	0.520858	0.522459	0.660741	
810.000000	0.668771	0.496289	0.325133	0.476402	0.413993	0.476118	0.476402	0.660741	
820.000000	0.633031	0.663655	0.560713	0.467968	0.460354	0.557144	0.560713	0.660741	
830.000000	0.611110	0.590719	0.531701	0.441284	0.500055	0.534974	0.531701	0.660741	
840.000000	0.552617	0.432931	0.420816	0.471055	0.480316	0.471547	0.471055	0.660741	
850.000000	0.477406	0.576921	0.619947	0.473740	0.438560	0.517315	0.477406	0.660741	
860.000000	0.637886	0.605663	0.608364	0.500584	0.559750	0.582450	0.605663	0.660741	
870.000000	0.630619	0.604855	0.581924	0.443934	0.512250	0.554716	0.581924	0.660741	
880.000000	0.655403	0.659821	0.539945	0.517346	0.564012	0.587306	0.564012	0.660741	
890.000000	0.641932	0.623429	0.659802	0.477790	0.349539	0.550498	0.623429	0.660741	
900.000000	0.599262	0.620014	0.622968	0.431640	0.505690	0.555915	0.599262	0.660741	
910.000000	0.626010	0.500150	0.591737	0.514094	0.622660	0.570930	0.591737	0.660741	
920.000000	0.435527	0.563488	0.499028	0.576232	0.544677	0.523790	0.544677	0.660741	
930.000000	0.570867	0.656871	0.728426	0.559485	0.393156	0.581761	0.570867	0.660741	
940.000000	0.679984	0.652955	0.450493	0.530332	0.580768	0.578906	0.580768	0.660741	
950.000000	0.392292	0.605098	0.612531	0.482559	0.543506	0.527198	0.543506	0.660741	
960.000000	0.380879	0.442812	0.396287	0.468561	0.536740	0.445056	0.442812	0.660741	
970.000000	0.635200	0.530177	0.592958	0.477281	0.460305	0.539184	0.530177	0.660741	
980.000000	0.516078	0.513676	0.474010	0.467348	0.528430	0.499908	0.513676	0.660741	
990.000000	0.521798	0.508289	0.443565	0.562512	0.563865	0.520006	0.521798	0.660741	
1000.000000	0.466097	0.441191	0.418913	0.565729	0.553194	0.489025	0.466097	0.660741	
1010.000000	0.475785	0.468047	0.464747	0.525064	0.546785	0.496085	0.475785	0.660741	
1020.000000	0.570071	0.534493	0.527343	0.527757	0.498037	0.531540	0.527757	0.660741	
1030.000000	0.568989	0.516954	0.547115	0.536385	0.552822	0.544453	0.547115	0.660741	
1040.000000	0.412728	0.547066	0.558633	0.566296	0.501980	0.517341	0.547066	0.660741	
1050.000000	0.579429	0.606594	0.577955	0.593302	0.539501	0.579356	0.579429	0.660741	
1060.000000	0.656411	0.656847	0.682621	0.584306	0.491162	0.614269	0.656411	0.660741	
1070.000000	0.717543	0.630764	0.659550	0.593018	0.492579	0.618691	0.630764	0.660741	
1080.000000	0.688382	0.593853	0.528635	0.612610	0.488545	0.582405	0.593853	0.660741	
1090.000000	0.525311	0.474030	0.584858	0.621422	0.482883	0.537701	0.525311	0.660741	
1100.000000	0.540594	0.443901	0.572530	0.649971	0.519805	0.545360	0.540594	0.660741	
1110.000000	0.583959	0.553150	0.558915	0.563103	0.498164	0.551458	0.558915	0.660741	
1120.000000	0.370459	0.456392	0.523564	0.500606	0.605911	0.491386	0.500606	0.660741	
1130.000000	0.388674	0.500006	0.440140	0.584521	0.522188	0.487106	0.500006	0.660741	
1140.000000	0.475157	0.422044	0.494476	0.567032	0.550784	0.501898	0.494476	0.660741	
1150.000000	0.393357	0.327732	0.527447	0.548833	0.510088	0.461491	0.510088	0.660741	
1160.000000	0.391267	0.398511	0.505489	0.548637	0.417372	0.452255	0.417372	0.660741	
1170.000000	0.471841	0.471697	0.464440	0.506671	0.395764	0.462083	0.471697	0.660741	
1180.000000	0.533116	0.482669	0.592227	0.489068	0.477304	0.514877	0.489068	0.660741	
1190.000000	0.500395	0.602978	0.513442	0.527018	0.379573	0.504681	0.513442	0.660741	
1200.000000	0.551922	0.510314	0.488109	0.480590	0.477714	0.501730	0.488109	0.660741	
1210.000000	0.511316	0.463314	0.457483	0.476681	0.607845	0.503328	0.476681	0.660741	
1220.000000	0.643035	0.590233	0.466975	0.478044	0.524320	0.540522	0.524320	0.660741	
1230.000000	0.635072	0.321293	0.503168	0.490987	0.569089	0.503922	0.503168	0.660741	
1240.000000	0.551491	0.563316	0.443525	0.523534	0.558265	0.528026	0.551491	0.660741	
1250.000000	0.482643	0.503942	0.321834	0.524785	0.547479	0.476136	0.503942	0.660741	
1260.000000	0.513495	0.472926	0.344524	0.519165	0.535434	0.477109	0.513495	0.660741	
1270.000000	0.606264	0.562142	0.495044	0.522123	0.530393	0.543193	0.530393	0.660741	
1280.000000	0.590331	0.563958	0.541481	0.515181	0.435577	0.529306	0.541481	0.660741	
1290.000000	0.615462	0.575585	0.550859	0.503570	0.497866	0.548668	0.550859	0.660741	
1300.000000	0.546887	0.532169	0.452306	0.540245	0.537901	0.521902	0.537901	0.660741	
1310.000000	0.413247	0.349570	0.468472	0.468362	0.583429	0.456616	0.468362	0.660741	
1320.000000	0.487487	0.649154	0.620038	0.516787	0.488013	0.552296	0.516787	0.660741	
1330.000000	0.658869	0.583729	0.640146	0.491578	0.520265	0.578917	0.583729	0.660741	
1340.000000	0.695444	0.681824	0.748415	0.555796	0.429555	0.622207	0.681824	0.660741	
1350.000000	0.680457	0.682423	0.742369	0.552188	0.438017	0.619091	0.680457	0.660741	
1360.000000	0.659338	0.633264	0.643591	0.536092	0.550536	0.604564	0.633264	0.660741	
1370.000000	0.666658	0.613549	0.632867	0.525645	0.529585	0.593661	0.613549	0.660741	
1380.000000	0.611813	0.352434	0.632815	0.484543	0.545695	0.525460	0.545695	0.660741	
1390.000000	0.599443	0.597757	0.755457	0.535006	0.444139	0.586360	0.597757	0.660741	
1400.000000	0.641185	0.617105	0.687287	0.461674	0.437268	0.568904	0.617105	0.660741	
1410.000000	0.592909	0.514308	0.672821	0.501274	0.463632	0.548989	0.514308	0.660741	
1420.000000	0.583783	0.548710	0.554914	0.501264	0.440545	0.525843	0.548710	0.660741	
1430.000000	0.558399	0.574307	0.558035	0.491452	0.451724	0.526783	0.558035	0.660741	
1440.000000	0.545603	0.573535	0.555546	0.490364	0.502282	0.533466	0.545603	0.660741	
1450.000000	0.513062	0.545833	0.579072	0.480411	0.502438	0.524163	0.513062	0.660741	
1460.000000	0.484907	0.629713	0.583064	0.435279	0.493058	0.525204	0.493058	0.660741	
1470.000000	0.448139	0.610244	0.569266	0.449144	0.440787	0.503516	0.449144	0.660741	
1480.000000	0.437887	0.562320	0.589249	0.491621	0.427189	0.501653	0.491621	0.660741	
1490.000000	0.428032	0.584227	0.556610	0.485096	0.620501	0.534893	0.556610	0.660741	
1500.000000	0.384105	0.593092	0.505369	0.483032	0.599119	0.512943	0.505369	0.660741	
1510.000000	0.445946	0.574933	0.447700	0.491256	0.408960	0.473759	0.447700	0.660741	
1520.000000	0.363638	0.609802	0.511410	0.464477	0.446724	0.479210	0.464477	0.660741	
1530.000000	0.498412	0.563906	0.518591	0.509013	0.513602	0.520705	0.513602	0.660741	
1540.000000	0.449819	0.583905	0.551604	0.521224	0.597915	0.540893	0.551604	0.660741	
1550.000000	0.446563	0.520488	0.594983	0.458943	0.490775	0.502350	0.490775	0.660741	
1560.000000	0.432705	0.651703	0.586412	0.461374	0.465785	0.519596	0.465785	0.660741	
1570.000000	0.468425	0.601672	0.520001	0.432294	0.479054	0.500289	0.479054	0.660741	
1580.000000	0.451746	0.509123	0.468179	0.400788	0.526722	0.471312	0.468179	0.660741	
1590.000000	0.447831	0.519203	0.427095	0.490192	0.486173	0.474099	0.486173	0.660741	
1600.000000	0.512741	0.494656	0.414653	0.538122	0.602295	0.512494	0.512741	0.660741	
1610.000000	0.579913	0.499075	0.438083	0.403796	0.532305	0.490634	0.499075	0.660741	
1620.000000	0.411491	0.472170	0.348642	0.413626	0.527292	0.434644	0.413626	0.660741	
1630.000000	0.523309	0.650341	0.695834	0.590342	0.477533	0.587472	0.590342	0.660741	
1640.000000	0.624660	0.539589	0.669385	0.587907	0.452530	0.574814	0.587907	0.660741	
1650.000000	0.539979	0.543403	0.577450	0.564256	0.583294	0.561676	0.564256	0.660741	
1660.000000	0.469994	0.434779	0.520621	0.492319	0.550985	0.493739	0.492319	0.660741	
1670.000000	0.454543	0.549010	0.481172	0.434920	0.537283	0.491386	0.481172	0.660741	
1680.000000	0.506778	0.579289	0.448377	0.496760	0.606904	0.527622	0.506778	0.660741	
1690.000000	0.578529	0.573876	0.657884	0.404801	0.612842	0.565587	0.578529	0.660741	
1700.000000	0.607472	0.537828	0.640676	0.566865	0.469699	0.564508	0.566865	0.660741	
1710.000000	0.530421	0.546230	0.491151	0.466231	0.555932	0.517993	0.530421	0.660741	
1720.000000	0.477607	0.489378	0.459951	0.470654	0.482753	0.476069	0.477607	0.660741	
1730.000000	0.499227	0.463478	0.443267	0.461309	0.572371	0.487930	0.463478	0.660741	
1740.000000	0.600063	0.547285	0.585408	0.567119	0.547482	0.569471	0.567119	0.660741	
1750.000000	0.585349	0.571670	0.529062	0.484032	0.437653	0.521553	0.529062	0.660741	
1760.000000	0.571719	0.529476	0.539581	0.477642	0.470917	0.517867	0.529476	0.660741	
1770.000000	0.584576	0.511597	0.543665	0.489625	0.478317	0.521556	0.511597	0.660741	
1780.000000	0.582652	0.547729	0.531140	0.479638	0.422298	0.512691	0.531140	0.660741	
1790.000000	0.595812	0.581874	0.547677	0.454856	0.528529	0.541750	0.547677	0.660741	
1800.000000	0.532690	0.473833	0.534666	0.465834	0.525558	0.506516	0.525558	0.660741	
1810.000000	0.532333	0.496385	0.505557	0.462203	0.600996	0.519495	0.505557	0.660741	
1820.000000	0.541179	0.539394	0.522514	0.496141	0.557934	0.531433	0.539394	0.660741	
1830.000000	0.530680	0.569764	0.561299	0.492670	0.470635	0.525010	0.530680	0.660741	
1840.000000	0.575336	0.559572	0.576653	0.482802	0.455413	0.529955	0.559572	0.660741	
1850.000000	0.529373	0.559626	0.542908	0.464908	0.480216	0.515406	0.529373	0.660741	
1860.000000	0.563389	0.542224	0.558241	0.463482	0.492511	0.523969	0.542224	0.660741	
1870.000000	0.604150	0.441889	0.570671	0.533830	0.559145	0.541937	0.559145	0.660741	
1880.000000	0.530051	0.538626	0.474983	0.475799	0.653899	0.534672	0.530051	0.660741	
1890.000000	0.525367	0.524403	0.538418	0.525977	0.560108	0.534855	0.525977	0.660741	
1900.000000	0.474444	0.535029	0.509435	0.450714	0.573348	0.508594	0.509435	0.660741	
1910.000000	0.486033	0.546832	0.517213	0.465371	0.486764	0.500443	0.486764	0.660741	
1920.000000	0.533278	0.585051	0.575132	0.476637	0.537602	0.541540	0.537602	0.660741	
1930.000000	0.545980	0.628347	0.634210	0.494114	0.444892	0.549509	0.545980	0.660741	
1940.000000	0.574427	0.653037	0.673095	0.501226	0.450232	0.570403	0.574427	0.660741	
1950.000000	0.673203	0.655410	0.713543	0.530228	0.429706	0.600418	0.655410	0.660741	
1960.000000	0.705422	0.663845	0.723199	0.553600	0.431284	0.615470	0.663845	0.660741	
1970.000000	0.702316	0.644445	0.712080	0.534530	0.459830	0.610640	0.644445	0.660741	
1980.000000	0.590303	0.625224	0.473438	0.561799	0.491265	0.548406	0.561799	0.660741	
1990.000000	0.326454	0.472065	0.344401	0.494564	0.599978	0.447493	0.472065	0.660741	
2000.000000	0.547812	0.393850	0.689832	0.549791	0.503020	0.536861	0.547812	0.660741	
2010.000000	0.583442	0.348121	0.747787	0.554754	0.499783	0.546777	0.554754	0.660741	
2020.000000	0.450428	0.318364	0.274818	0.527403	0.575998	0.429402	0.450428	0.660741	
2030.000000	0.594421	0.550378	0.575200	0.507392	0.491587	0.543796	0.550378	0.660741	
2040.000000	0.616527	0.571622	0.619072	0.507604	0.457861	0.554537	0.571622	0.660741	
2050.000000	0.558211	0.534365	0.578303	0.491999	0.540826	0.540741	0.540826	0.660741	
2060.000000	0.538866	0.464103	0.541633	0.519932	0.576373	0.528181	0.538866	0.660741	
2070.000000	0.525586	0.507442	0.427482	0.505227	0.554824	0.504112	0.507442	0.660741	
2080.000000	0.441531	0.489199	0.606459	0.529365	0.575690	0.528449	0.529365	0.660741	
2090.000000	0.532907	0.501071	0.361916	0.484737	0.458822	0.467891	0.484737	0.660741	
2100.000000	0.519423	0.549129	0.496048	0.502809	0.415204	0.496522	0.502809	0.660741	
2110.000000	0.474277	0.605273	0.652695	0.530877	0.545146	0.561654	0.545146	0.660741	
2120.000000	0.597294	0.635253	0.590608	0.543296	0.518936	0.577078	0.590608	0.660741	
2130.000000	0.612340	0.563492	0.581820	0.533050	0.515534	0.561247	0.563492	0.660741	
2140.000000	0.510156	0.532362	0.373308	0.486137	0.547570	0.489907	0.510156	0.660741	
2150.000000	0.505522	0.466532	0.700240	0.550074	0.527878	0.550049	0.527878	0.660741	
2160.000000	0.603924	0.602429	0.646531	0.525713	0.501939	0.576107	0.602429	0.660741	
2170.000000	0.646441	0.568980	0.520736	0.540370	0.492124	0.553730	0.540370	0.660741	
2180.000000	0.510383	0.573313	0.579695	0.562430	0.535857	0.552336	0.562430	0.660741	
2190.000000	0.547625	0.591823	0.673713	0.565131	0.541380	0.583934	0.565131	0.660741	
2200.000000	0.620461	0.537144	0.676725	0.527316	0.524390	0.577207	0.537144	0.660741	
2210.000000	0.486438	0.451506	0.624466	0.544229	0.589832	0.539294	0.544229	0.660741	
2220.000000	0.378973	0.313072	0.267784	0.448769	0.620259	0.405771	0.378973	0.660741	
2230.000000	0.379830	0.443916	0.507488	0.569869	0.534711	0.487163	0.507488	0.660741	
2240.000000	0.363646	0.354461	0.373909	0.489901	0.577058	0.431795	0.373909	0.660741	
2250.000000	0.460805	0.513892	0.353039	0.487908	0.575032	0.478135	0.487908	0.660741	
2260.000000	0.422414	0.486695	0.338326	0.516707	0.557710	0.464370	0.486695	0.660741	
2270.000000	0.428747	0.473830	0.426151	0.532246	0.567884	0.485772	0.473830	0.660741	
2280.000000	0.452756	0.303626	0.399013	0.472700	0.520552	0.429729	0.452756	0.660741	
2290.000000	0.494424	0.645816	0.569052	0.479207	0.520218	0.541744	0.520218	0.660741	
2300.000000	0.532845	0.604198	0.476511	0.506499	0.509922	0.525995	0.509922	0.660741	
2310.000000	0.526138	0.579738	0.616183	0.484904	0.534159	0.548224	0.534159	0.660741	
2320.000000	0.534315	0.565303	0.547505	0.470540	0.447961	0.513125	0.534315	0.660741	
2330.000000	0.558150	0.429468	0.677226	0.472512	0.513047	0.530080	0.513047	0.660741	
2340.000000	0.583116	0.584513	0.471433	0.499586	0.510256	0.529781	0.510256	0.660741	
2350.000000	0.577228	0.508058	0.540209	0.468324	0.531787	0.525121	0.531787	0.660741	
2360.000000	0.596074	0.566758	0.693279	0.512819	0.519985	0.577783	0.566758	0.660741	
2370.000000	0.595614	0.569657	0.576216	0.537537	0.511127	0.558030	0.569657	0.660741	
2380.000000	0.542712	0.398992	0.568094	0.558925	0.500139	0.513772	0.542712	0.660741	
2390.000000	0.587248	0.557330	0.488202	0.538510	0.516042	0.537466	0.538510	0.660741	
2400.000000	0.604155	0.620039	0.572965	0.482148	0.519856	0.559833	0.572965	0.660741	
2410.000000	0.619706	0.604132	0.650400	0.481709	0.520265	0.575243	0.604132	0.660741	
2420.000000	0.559857	0.567559	0.607468	0.501780	0.494224	0.546178	0.559857	0.660741	
2430.000000	0.605856	0.622489	0.665144	0.508199	0.511916	0.582721	0.605856	0.660741	
2440.000000	0.635394	0.592854	0.656360	0.501201	0.455986	0.568359	0.592854	0.660741	
2450.000000	0.646201	0.619663	0.730131	0.502711	0.479298	0.595601	0.619663	0.660741	
2460.000000	0.621114	0.755125	0.719298	0.528290	0.382592	0.601284	0.621114	0.660741	
2470.000000	0.616013	0.771237	0.742804	0.582947	0.440350	0.630670	0.616013	0.660741	
2480.000000	0.700125	0.789066	0.486050	0.428942	0.441289	0.569094	0.486050	0.660741	
2490.000000	0.656529	0.777163	0.480617	0.587428	0.407819	0.581911	0.587428	0.660741	
2500.000000	0.693439	0.726907	0.537936	0.542052	0.551475	0.610362	0.551475	0.660741	
2510.000000	0.534846	0.666099	0.831282	0.563382	0.469728	0.613067	0.563382	0.660741	
2520.000000	0.749314	0.734208	0.832748	0.570070	0.469722	0.671212	0.734208	0.671212	
2530.000000	0.734752	0.700687	0.806453	0.584664	0.485727	0.662457	0.700687	0.671212	
2540.000000	0.688901	0.646500	0.671793	0.515994	0.603589	0.625356	0.646500	0.671212	
2550.000000	0.622384	0.722140	0.577015	0.487402	0.406051	0.562998	0.577015	0.671212	
2560.000000	0.493428	0.721984	0.555276	0.467159	0.563540	0.560277	0.555276	0.671212	
2570.000000	0.601639	0.782119	0.806878	0.456135	0.530641	0.635482	0.601639	0.671212	
2580.000000	0.757605	0.653115	0.777861	0.555064	0.412924	0.631314	0.653115	0.671212	
2590.000000	0.681274	0.634419	0.857380	0.577714	0.465038	0.643165	0.634419	0.671212	
2600.000000	0.698819	0.655326	0.814052	0.553208	0.473125	0.638906	0.655326	0.671212	
2610.000000	0.648467	0.642151	0.634228	0.550689	0.432662	0.581639	0.634228	0.671212	
2620.000000	0.598077	0.591889	0.552249	0.547840	0.614777	0.580966	0.591889	0.671212	
2630.000000	0.630566	0.476614	0.352841	0.530729	0.604640	0.519078	0.530729	0.671212	
2640.000000	0.592960	0.547266	0.559496	0.530082	0.596956	0.565352	0.559496	0.671212	
2650.000000	0.658141	0.622881	0.499849	0.553009	0.453342	0.557445	0.553009	0.671212	
2660.000000	0.644820	0.673649	0.599395	0.561776	0.402460	0.576420	0.599395	0.671212	
2670.000000	0.657783	0.690762	0.654714	0.547181	0.487567	0.607601	0.654714	0.671212	
2680.000000	0.714792	0.745274	0.714252	0.560378	0.327654	0.612470	0.714252	0.671212	
2690.000000	0.425328	0.416445	0.649418	0.533168	0.613176	0.527507	0.533168	0.671212	
2700.000000	0.669894	0.607688	0.360428	0.471836	0.591932	0.540356	0.591932	0.671212	
2710.000000	0.731001	0.580704	0.663498	0.527695	0.586943	0.617968	0.586943	0.671212	
2720.000000	0.468392	0.581509	0.478959	0.507492	0.367030	0.480676	0.478959	0.671212	
2730.000000	0.486389	0.617272	0.528638	0.551825	0.589820	0.554789	0.551825	0.671212	
2740.000000	0.625713	0.665459	0.697585	0.571450	0.436815	0.599404	0.625713	0.671212	
2750.000000	0.594759	0.662264	0.630025	0.528243	0.420833	0.567225	0.594759	0.671212	
2760.000000	0.610467	0.638208	0.627082	0.536623	0.434351	0.569346	0.610467	0.671212	
2770.000000	0.577742	0.619936	0.628536	0.525177	0.453841	0.561046	0.577742	0.671212	
2780.000000	0.591308	0.636693	0.615968	0.559398	0.336349	0.547943	0.591308	0.671212	
2790.000000	0.577675	0.683442	0.611979	0.577119	0.468690	0.583781	0.577675	0.671212	
2800.000000	0.571340	0.656995	0.601767	0.541053	0.410286	0.556288	0.571340	0.671212	
2810.000000	0.567776	0.593372	0.589702	0.540612	0.527027	0.563698	0.567776	0.671212	
2820.000000	0.526231	0.613861	0.597079	0.523659	0.501468	0.552460	0.526231	0.671212	
2830.000000	0.533112	0.653486	0.608643	0.523886	0.402297	0.544285	0.533112	0.671212	
2840.000000	0.551967	0.547145	0.510457	0.531447	0.383215	0.504846	0.531447	0.671212	
2850.000000	0.494897	0.593047	0.494773	0.502783	0.399996	0.497099	0.494897	0.671212	
2860.000000	0.543250	0.566812	0.563737	0.481232	0.404397	0.511885	0.543250	0.671212	
2870.000000	0.513967	0.571361	0.525885	0.481960	0.486256	0.515886	0.513967	0.671212	
2880.000000	0.499795	0.518559	0.541853	0.490236	0.387453	0.487579	0.499795	0.671212	
2890.000000	0.548364	0.504801	0.504250	0.488838	0.537611	0.516773	0.504801	0.671212	
2900.000000	0.437504	0.577170	0.527973	0.539181	0.531400	0.522646	0.531400	0.671212	
2910.000000	0.544190	0.533433	0.561707	0.539554	0.555624	0.546901	0.544190	0.671212	
2920.000000	0.530812	0.623957	0.572628	0.579904	0.553793	0.572219	0.572628	0.671212	
2930.000000	0.548044	0.624791	0.598784	0.584882	0.482233	0.567747	0.584882	0.671212	
2940.000000	0.580755	0.460720	0.615855	0.584456	0.476034	0.543564	0.580755	0.671212	
2950.000000	0.565497	0.619550	0.425875	0.502614	0.420968	0.506901	0.502614	0.671212	
2960.000000	0.561426	0.518277	0.517851	0.586713	0.438089	0.524471	0.518277	0.671212	
2970.000000	0.579737	0.653256	0.526173	0.600717	0.497916	0.571560	0.579737	0.671212	
2980.000000	0.549875	0.591349	0.600838	0.576605	0.543274	0.572388	0.576605	0.671212	
2990.000000	0.515744	0.548780	0.581473	0.558690	0.594029	0.559743	0.558690	0.671212	
3000.000000	0.623416	0.620871	0.620773	0.537229	0.544599	0.589378	0.620773	0.671212	
3010.000000	0.625128	0.584994	0.626386	0.541197	0.527354	0.581012	0.584994	0.671212	
3020.000000	0.563980	0.638847	0.579460	0.534011	0.565988	0.576457	0.565988	0.671212	
3030.000000	0.498836	0.600695	0.545475	0.515733	0.570897	0.546327	0.545475	0.671212	
3040.000000	0.458626	0.520410	0.481069	0.535811	0.573402	0.513864	0.520410	0.671212	
3050.000000	0.599992	0.439702	0.514544	0.523247	0.601944	0.535886	0.523247	0.671212	
3060.000000	0.445790	0.557970	0.515049	0.504183	0.534853	0.511569	0.515049	0.671212	
3070.000000	0.460129	0.607139	0.568900	0.530041	0.543447	0.541931	0.543447	0.671212	
3080.000000	0.466230	0.622334	0.429544	0.501868	0.440707	0.492136	0.466230	0.671212	
3090.000000	0.462152	0.524782	0.383730	0.485105	0.466512	0.464456	0.466512	0.671212	
3100.000000	0.554747	0.623497	0.632529	0.576162	0.429706	0.563328	0.576162	0.671212	
3110.000000	0.494265	0.629799	0.539039	0.486927	0.448753	0.519757	0.494265	0.671212	
3120.000000	0.565686	0.655161	0.534041	0.505494	0.437438	0.539564	0.534041	0.671212	
3130.000000	0.563358	0.622388	0.596183	0.554291	0.444139	0.556072	0.563358	0.671212	
3140.000000	0.649673	0.614641	0.596454	0.562187	0.423506	0.569292	0.596454	0.671212	
3150.000000	0.632948	0.624178	0.721538	0.568825	0.405209	0.590540	0.624178	0.671212	
3160.000000	0.586711	0.598887	0.641050	0.548974	0.410177	0.557160	0.586711	0.671212	
3170.000000	0.729514	0.691088	0.786347	0.530523	0.427573	0.633009	0.691088	0.671212	
3180.000000	0.728309	0.462130	0.757968	0.562106	0.529784	0.608060	0.562106	0.671212	
3190.000000	0.511057	0.728796	0.747088	0.459993	0.522590	0.593905	0.522590	0.671212	
3200.000000	0.638315	0.717985	0.625514	0.537652	0.498398	0.603573	0.625514	0.671212	
3210.000000	0.627731	0.667551	0.629061	0.522175	0.529858	0.595275	0.627731	0.671212	
3220.000000	0.608295	0.596827	0.656038	0.534942	0.520977	0.583416	0.596827	0.671212	
3230.000000	0.645235	0.634403	0.690721	0.547128	0.588455	0.621188	0.634403	0.671212	
3240.000000	0.654656	0.652795	0.535695	0.550037	0.608879	0.600413	0.608879	0.671212	
3250.000000	0.624660	0.646124	0.721626	0.548934	0.568756	0.622020	0.624660	0.671212	
3260.000000	0.672378	0.676489	0.737665	0.560693	0.634370	0.656319	0.672378	0.671212	
3270.000000	0.614707	0.613558	0.670108	0.515237	0.540472	0.590816	0.613558	0.671212	
3280.000000	0.584214	0.639723	0.696266	0.525114	0.446331	0.578330	0.584214	0.671212	
3290.000000	0.550167	0.672933	0.742357	0.491713	0.615394	0.614513	0.615394	0.671212	
3300.000000	0.540901	0.543556	0.645422	0.574196	0.359442	0.532703	0.543556	0.671212	
3310.000000	0.526994	0.490373	0.441386	0.428148	0.393320	0.456044	0.441386	0.671212	
3320.000000	0.645354	0.631119	0.716931	0.414762	0.381090	0.557851	0.631119	0.671212	
3330.000000	0.673728	0.626037	0.578481	0.437120	0.430199	0.549113	0.578481	0.671212	
3340.000000	0.692723	0.697489	0.637798	0.587731	0.457183	0.614585	0.637798	0.671212	
3350.000000	0.716688	0.635392	0.687575	0.559550	0.339332	0.587707	0.635392	0.671212	
3360.000000	0.734594	0.715197	0.734035	0.558186	0.406816	0.629765	0.715197	0.671212	
3370.000000	0.713152	0.641687	0.774358	0.583269	0.413810	0.625255	0.641687	0.671212	
3380.000000	0.742852	0.725087	0.800416	0.570215	0.399485	0.647611	0.725087	0.671212	
3390.000000	0.621715	0.538380	0.699962	0.551127	0.345750	0.551387	0.551127	0.671212	
3400.000000	0.480604	0.522921	0.494839	0.446427	0.482856	0.485530	0.482856	0.671212	
3410.000000	0.685221	0.538377	0.523166	0.460645	0.324278	0.506338	0.523166	0.671212	
3420.000000	0.683481	0.642869	0.779090	0.465613	0.580909	0.630392	0.642869	0.671212	
3430.000000	0.722654	0.684229	0.789940	0.436018	0.391551	0.604878	0.684229	0.671212	
3440.000000	0.635862	0.686815	0.766994	0.550802	0.471359	0.622366	0.635862	0.671212	
3450.000000	0.725938	0.684476	0.732520	0.601579	0.485955	0.646093	0.684476	0.671212	
3460.000000	0.729536	0.632496	0.744186	0.581321	0.464982	0.630504	0.632496	0.671212	
3470.000000	0.676831	0.618336	0.674524	0.587413	0.488220	0.609065	0.618336	0.671212	
3480.000000	0.528736	0.557479	0.516251	0.508900	0.573845	0.537042	0.528736	0.671212	
3490.000000	0.487115	0.559487	0.506747	0.534341	0.566391	0.530816	0.534341	0.671212	
3500.000000	0.477646	0.547555	0.532750	0.569179	0.541217	0.533670	0.541217	0.671212	
3510.000000	0.567943	0.411996	0.372923	0.538760	0.542490	0.486822	0.538760	0.671212	
3520.000000	0.563172	0.408615	0.559269	0.526694	0.580933	0.527736	0.559269	0.671212	
3530.000000	0.591118	0.551944	0.628841	0.444718	0.592444	0.561813	0.591118	0.671212	
3540.000000	0.496214	0.548938	0.564209	0.573052	0.575448	0.551572	0.564209	0.671212	
3550.000000	0.491537	0.579571	0.526728	0.611716	0.598583	0.561627	0.579571	0.671212	
3560.000000	0.470201	0.480147	0.555813	0.588145	0.567055	0.532272	0.555813	0.671212	
3570.000000	0.550143	0.456387	0.477513	0.592226	0.591187	0.533491	0.550143	0.671212	
3580.000000	0.449228	0.480473	0.566978	0.601797	0.632183	0.546132	0.566978	0.671212	
3590.000000	0.450978	0.556861	0.625722	0.569704	0.707821	0.582217	0.569704	0.671212	
3600.000000	0.379539	0.557376	0.618151	0.582193	0.654359	0.558324	0.582193	0.671212	
3610.000000	0.667183	0.584278	0.619828	0.574753	0.679497	0.625108	0.619828	0.671212	
3620.000000	0.679152	0.469790	0.736596	0.599798	0.672754	0.631618	0.672754	0.671212	
3630.000000	0.698346	0.477020	0.652520	0.589591	0.669152	0.617326	0.652520	0.671212	
3640.000000	0.589458	0.618927	0.647955	0.552571	0.665841	0.614950	0.618927	0.671212	
3650.000000	0.462129	0.609267	0.507018	0.548296	0.651270	0.555596	0.548296	0.671212	
3660.000000	0.440810	0.574025	0.521476	0.554114	0.542901	0.526665	0.542901	0.671212	
3670.000000	0.481091	0.581446	0.551110	0.522468	0.504621	0.528147	0.522468	0.671212	
3680.000000	0.502098	0.600110	0.493419	0.491512	0.585712	0.534570	0.502098	0.671212	
3690.000000	0.476460	0.593529	0.520091	0.603439	0.613492	0.561402	0.593529	0.671212	
3700.000000	0.490543	0.561696	0.578974	0.502422	0.556159	0.537959	0.556159	0.671212	
3710.000000	0.493522	0.586879	0.608596	0.468985	0.587451	0.549087	0.586879	0.671212	
3720.000000	0.451546	0.577645	0.580325	0.434753	0.531084	0.515071	0.531084	0.671212	
3730.000000	0.462542	0.590865	0.564086	0.505317	0.489800	0.522522	0.505317	0.671212	
3740.000000	0.482207	0.583844	0.565532	0.475475	0.524140	0.526240	0.524140	0.671212	
3750.000000	0.503838	0.628888	0.533670	0.477025	0.542876	0.537259	0.533670	0.671212	
3760.000000	0.477756	0.584572	0.605057	0.494752	0.582451	0.548918	0.582451	0.671212	
3770.000000	0.490449	0.578267	0.527434	0.495840	0.528071	0.524012	0.527434	0.671212	
3780.000000	0.481463	0.595431	0.646782	0.533855	0.582767	0.568060	0.582767	0.671212	
3790.000000	0.490927	0.573680	0.539064	0.534334	0.555976	0.538796	0.539064	0.671212	
3800.000000	0.534141	0.582893	0.513525	0.514212	0.613953	0.551745	0.534141	0.671212	
3810.000000	0.553535	0.592826	0.530145	0.536911	0.615852	0.565854	0.553535	0.671212	
3820.000000	0.488165	0.573067	0.504019	0.557730	0.645270	0.553650	0.557730	0.671212	
3830.000000	0.526590	0.557665	0.492214	0.517569	0.686685	0.556145	0.526590	0.671212	
3840.000000	0.499972	0.543705	0.456310	0.531429	0.694202	0.545124	0.531429	0.671212	
3850.000000	0.480817	0.563261	0.450159	0.561485	0.573833	0.525911	0.561485	0.671212	
3860.000000	0.572636	0.584078	0.509995	0.560652	0.725719	0.590616	0.572636	0.671212	
3870.000000	0.542609	0.561893	0.525659	0.490672	0.678859	0.559938	0.542609	0.671212	
3880.000000	0.586735	0.622029	0.605514	0.536579	0.498776	0.569926	0.586735	0.671212	
3890.000000	0.561334	0.539742	0.614446	0.547054	0.538902	0.560296	0.547054	0.671212	
3900.000000	0.571597	0.563377	0.528091	0.510985	0.592218	0.553254	0.563377	0.671212	
3910.000000	0.559490	0.526595	0.561392	0.508059	0.512365	0.533580	0.526595	0.671212	
3920.000000	0.559122	0.551583	0.545133	0.498033	0.526700	0.536114	0.545133	0.671212	
3930.000000	0.498393	0.521296	0.506373	0.504677	0.525276	0.511203	0.506373	0.671212	
3940.000000	0.516659	0.515168	0.424580	0.510556	0.468904	0.487174	0.510556	0.671212	
3950.000000	0.607258	0.509140	0.498809	0.509684	0.660841	0.557146	0.509684	0.671212	
3960.000000	0.516874	0.642582	0.634481	0.497601	0.582732	0.574854	0.582732	0.671212	
3970.000000	0.599179	0.568827	0.661171	0.524981	0.544534	0.579738	0.568827	0.671212	
3980.000000	0.595247	0.516415	0.531703	0.538458	0.498030	0.535970	0.531703	0.671212	
3990.000000	0.560192	0.496291	0.492529	0.527197	0.493229	0.513888	0.496291	0.671212	
4000.000000	0.555812	0.536707	0.622590	0.529851	0.509444	0.550881	0.536707	0.671212	
4010.000000	0.509954	0.584556	0.589745	0.523755	0.550855	0.551773	0.550855	0.671212	
4020.000000	0.506117	0.570408	0.528971	0.534563	0.637014	0.555415	0.534563	0.671212	
4030.000000	0.562267	0.550004	0.563412	0.581239	0.704347	0.592254	0.563412	0.671212	
4040.000000	0.515821	0.457216	0.501698	0.543071	0.681440	0.539849	0.515821	0.671212	
4050.000000	0.518292	0.399321	0.550600	0.500472	0.629940	0.519725	0.518292	0.671212	
4060.000000	0.554331	0.488081	0.546540	0.466618	0.376209	0.486356	0.488081	0.671212	
4070.000000	0.586434	0.476111	0.603945	0.522707	0.409259	0.519691	0.522707	0.671212	
4080.000000	0.554186	0.560348	0.618943	0.585807	0.623569	0.588571	0.585807	0.671212	
4090.000000	0.587835	0.565550	0.651035	0.571983	0.553034	0.585888	0.571983	0.671212	
4100.000000	0.599417	0.590365	0.657831	0.499319	0.583866	0.586159	0.590365	0.671212	
4110.000000	0.571927	0.453131	0.641174	0.542235	0.517174	0.545128	0.542235	0.671212	
4120.000000	0.572151	0.597329	0.640375	0.579010	0.492990	0.576371	0.579010	0.671212	
4130.000000	0.564399	0.592836	0.474528	0.579267	0.478098	0.537826	0.564399	0.671212	
4140.000000	0.530289	0.606920	0.691911	0.581264	0.516308	0.585338	0.581264	0.671212	
4150.000000	0.573805	0.610903	0.729825	0.565286	0.509524	0.597868	0.573805	0.671212	
4160.000000	0.553383	0.584083	0.684121	0.527462	0.519427	0.573695	0.553383	0.671212	
4170.000000	0.549010	0.571869	0.623239	0.521658	0.513602	0.555876	0.549010	0.671212	
4180.000000	0.528531	0.553148	0.582064	0.526217	0.518911	0.541774	0.528531	0.671212	
4190.000000	0.534909	0.575195	0.578427	0.533985	0.482077	0.540919	0.534909	0.671212	
4200.000000	0.555362	0.593987	0.594290	0.524029	0.536061	0.560746	0.555362	0.671212	
4210.000000	0.543975	0.544957	0.470703	0.511402	0.503810	0.514969	0.511402	0.671212	
4220.000000	0.513505	0.534060	0.606459	0.510467	0.554721	0.543842	0.534060	0.671212	
4230.000000	0.541737	0.514728	0.491070	0.541465	0.569512	0.531702	0.541465	0.671212	
4240.000000	0.528277	0.521441	0.588336	0.553111	0.576757	0.553584	0.553111	0.671212	
4250.000000	0.529823	0.590269	0.579293	0.495434	0.520877	0.543139	0.529823	0.671212	
4260.000000	0.519593	0.576867	0.522199	0.524533	0.450888	0.518816	0.522199	0.671212	
4270.000000	0.504910	0.532506	0.623225	0.544280	0.469516	0.534887	0.532506	0.671212	
4280.000000	0.520497	0.592970	0.569274	0.496105	0.534244	0.542618	0.534244	0.671212	
4290.000000	0.536707	0.556046	0.569158	0.503791	0.480070	0.529154	0.536707	0.671212	
4300.000000	0.531302	0.547489	0.547696	0.480283	0.518188	0.524991	0.531302	0.671212	
4310.000000	0.534398	0.547834	0.528391	0.489272	0.491912	0.518361	0.528391	0.671212	
4320.000000	0.547740	0.528812	0.524483	0.491958	0.536805	0.525960	0.528812	0.671212	
4330.000000	0.563544	0.524006	0.508845	0.528489	0.598084	0.544594	0.528489	0.671212	
4340.000000	0.549607	0.529388	0.479744	0.558954	0.572834	0.538105	0.549607	0.671212	
4350.000000	0.513047	0.523847	0.452322	0.558157	0.563688	0.522212	0.523847	0.671212	
4360.000000	0.640638	0.451492	0.397093	0.554511	0.587640	0.526275	0.554511	0.671212	
4370.000000	0.565794	0.517817	0.530348	0.531882	0.533092	0.535787	0.531882	0.671212	
4380.000000	0.642516	0.498935	0.534538	0.545131	0.570359	0.558296	0.545131	0.671212	
4390.000000	0.575835	0.520478	0.559452	0.562045	0.618256	0.567213	0.562045	0.671212	
4400.000000	0.599455	0.495795	0.516513	0.547649	0.619703	0.555823	0.547649	0.671212	
4410.000000	0.486951	0.530891	0.508349	0.529104	0.629104	0.536880	0.529104	0.671212	
4420.000000	0.450347	0.517180	0.489421	0.529955	0.607567	0.518894	0.517180	0.671212	
4430.000000	0.446957	0.500545	0.479135	0.536862	0.594306	0.511561	0.500545	0.671212	
4440.000000	0.434189	0.505006	0.481430	0.520709	0.548938	0.498054	0.505006	0.671212	
4450.000000	0.439457	0.506833	0.487680	0.499228	0.557287	0.498097	0.499228	0.671212	
4460.000000	0.429409	0.520350	0.482403	0.495773	0.545272	0.494642	0.495773	0.671212	
4470.000000	0.419203	0.531361	0.509154	0.477063	0.507046	0.488765	0.507046	0.671212	
4480.000000	0.502654	0.546470	0.536315	0.484822	0.546350	0.523322	0.536315	0.671212	
4490.000000	0.547149	0.491281	0.468819	0.508476	0.436428	0.490430	0.491281	0.671212	
4500.000000	0.542613	0.487341	0.455509	0.479761	0.522215	0.497488	0.487341	0.671212	
4510.000000	0.507374	0.530748	0.575372	0.476736	0.431265	0.504299	0.507374	0.671212	
4520.000000	0.463781	0.519330	0.563093	0.455975	0.407709	0.481978	0.463781	0.671212	
4530.000000	0.489200	0.496437	0.512695	0.449006	0.453224	0.480112	0.489200	0.671212	
4540.000000	0.450999	0.490288	0.421405	0.489109	0.409973	0.452355	0.450999	0.671212	
4550.000000	0.429616	0.529187	0.600040	0.448228	0.484487	0.498312	0.484487	0.671212	
4560.000000	0.469315	0.584249	0.493451	0.480762	0.602310	0.526018	0.493451	0.671212	
4570.000000	0.458627	0.602626	0.576617	0.458723	0.625723	0.544463	0.576617	0.671212	
4580.000000	0.485357	0.573976	0.563490	0.490446	0.421719	0.506998	0.490446	0.671212	
4590.000000	0.553922	0.510371	0.606276	0.514678	0.456262	0.528302	0.514678	0.671212	
4600.000000	0.481089	0.537551	0.492501	0.487850	0.536747	0.507148	0.492501	0.671212	
4610.000000	0.484861	0.518554	0.424319	0.496054	0.402492	0.465256	0.484861	0.671212	
4620.000000	0.403271	0.582713	0.487076	0.454042	0.549948	0.495410	0.487076	0.671212	
4630.000000	0.376865	0.548671	0.410034	0.412887	0.590733	0.467838	0.412887	0.671212	
4640.000000	0.392252	0.527342	0.391741	0.472403	0.539640	0.464676	0.472403	0.671212	
4650.000000	0.461422	0.548487	0.404597	0.421808	0.527950	0.472853	0.461422	0.671212	
4660.000000	0.473130	0.605309	0.529705	0.512319	0.557503	0.535593	0.529705	0.671212	
4670.000000	0.658242	0.592784	0.640449	0.566262	0.526177	0.596783	0.592784	0.671212	
4680.000000	0.723841	0.588779	0.715230	0.576850	0.513144	0.623569	0.588779	0.671212	
4690.000000	0.489601	0.585425	0.713927	0.565247	0.506443	0.572128	0.565247	0.671212	
4700.000000	0.586172	0.640489	0.600513	0.518276	0.507613	0.570613	0.586172	0.671212	
4710.000000	0.469045	0.606857	0.531977	0.475159	0.424445	0.501497	0.475159	0.671212	
4720.000000	0.470766	0.587374	0.566792	0.467374	0.447964	0.508054	0.470766	0.671212	
4730.000000	0.478287	0.579162	0.575102	0.483768	0.449086	0.513081	0.483768	0.671212	
4740.000000	0.517929	0.605313	0.588482	0.507175	0.435048	0.530790	0.517929	0.671212	
4750.000000	0.603844	0.639848	0.578273	0.504959	0.365405	0.538466	0.578273	0.671212	
4760.000000	0.576663	0.597041	0.594788	0.539106	0.396036	0.540727	0.576663	0.671212	
4770.000000	0.545580	0.587588	0.565781	0.545703	0.426700	0.534270	0.545703	0.671212	
4780.000000	0.527059	0.552805	0.615008	0.541806	0.418559	0.531047	0.541806	0.671212	
4790.000000	0.595888	0.610204	0.668268	0.562374	0.476270	0.582601	0.595888	0.671212	
4800.000000	0.648024	0.632479	0.713140	0.579698	0.547929	0.624254	0.632479	0.671212	
4810.000000	0.642118	0.572982	0.660984	0.555114	0.500672	0.586374	0.572982	0.671212	
4820.000000	0.619721	0.553359	0.649894	0.552954	0.490730	0.573332	0.553359	0.671212	
4830.000000	0.517015	0.572411	0.606444	0.485596	0.505587	0.537411	0.517015	0.671212	
4840.000000	0.480405	0.590015	0.586808	0.520703	0.505120	0.536610	0.520703	0.671212	
4850.000000	0.454934	0.602120	0.645937	0.490010	0.539856	0.546572	0.539856	0.671212	
4860.000000	0.683083	0.414786	0.656026	0.545746	0.543421	0.568612	0.545746	0.671212	
4870.000000	0.628884	0.675759	0.688716	0.543969	0.550795	0.617625	0.628884	0.671212	
4880.000000	0.587394	0.637656	0.662860	0.540600	0.511934	0.588089	0.587394	0.671212	
4890.000000	0.599024	0.646817	0.724860	0.558563	0.463109	0.598475	0.599024	0.671212	
4900.000000	0.631014	0.620700	0.684932	0.567638	0.523334	0.605524	0.620700	0.671212	
4910.000000	0.662083	0.630290	0.699594	0.489004	0.483639	0.592922	0.630290	0.671212	
4920.000000	0.633895	0.611919	0.646951	0.565696	0.507116	0.593116	0.611919	0.671212	
4930.000000	0.619867	0.614261	0.673764	0.583840	0.510257	0.600398	0.614261	0.671212	
4940.000000	0.583886	0.619144	0.670926	0.562783	0.404716	0.568291	0.583886	0.671212	
4950.000000	0.597713	0.652859	0.669592	0.547379	0.514790	0.596466	0.597713	0.671212	
4960.000000	0.588504	0.649655	0.702700	0.570864	0.540647	0.610474	0.588504	0.671212	
4970.000000	0.562585	0.574009	0.622678	0.557621	0.452675	0.553914	0.562585	0.671212	
4980.000000	0.644280	0.573457	0.699057	0.573909	0.471353	0.592411	0.573909	0.671212	
4990.000000	0.614387	0.573774	0.543845	0.553863	0.549747	0.567123	0.553863	0.671212	
5000.000000	0.558952	0.643439	0.600648	0.550330	0.506741	0.572022	0.558952	0.671212	
