Epoch	AUC-21	AUC-22	AUC-23	AUC-24	AUC-25	AUC-26	AUC-Avg	AUC-Mid	AUC-Best	
1.000000	0.465147	0.522898	0.496794	0.567075	0.336776	0.515169	0.483976	0.505981	0.483976	
10.000000	0.523412	0.471263	0.535323	0.466043	0.527383	0.472494	0.499320	0.497953	0.499320	
20.000000	0.529427	0.428101	0.557549	0.503639	0.544959	0.536995	0.516778	0.533211	0.516778	
30.000000	0.599556	0.519309	0.534427	0.519981	0.588856	0.513386	0.545919	0.527204	0.545919	
40.000000	0.580348	0.496324	0.505754	0.536127	0.543569	0.523787	0.530985	0.529957	0.545919	
50.000000	0.521632	0.516575	0.474206	0.487456	0.515072	0.508878	0.503970	0.511975	0.545919	
60.000000	0.496857	0.611608	0.469200	0.539810	0.587497	0.538250	0.540537	0.539030	0.545919	
70.000000	0.575711	0.543583	0.480405	0.465918	0.533359	0.558739	0.526286	0.538471	0.545919	
80.000000	0.558654	0.589844	0.548727	0.547628	0.663236	0.495761	0.567308	0.553690	0.567308	
90.000000	0.562486	0.595764	0.567864	0.585599	0.656562	0.504614	0.578815	0.576732	0.578815	
100.000000	0.505674	0.530479	0.486208	0.503331	0.629367	0.513291	0.528058	0.509483	0.578815	
110.000000	0.522236	0.471443	0.495665	0.515903	0.547237	0.529087	0.513595	0.519070	0.578815	
120.000000	0.481767	0.518863	0.530417	0.553363	0.484204	0.498850	0.511244	0.508856	0.578815	
130.000000	0.534809	0.538835	0.498042	0.553578	0.503787	0.500796	0.521641	0.519298	0.578815	
140.000000	0.479825	0.503719	0.437304	0.477331	0.567744	0.537533	0.500576	0.491772	0.578815	
150.000000	0.551034	0.583676	0.523434	0.581044	0.578161	0.490626	0.551329	0.564598	0.578815	
160.000000	0.576825	0.419993	0.555197	0.464713	0.646660	0.523472	0.531143	0.539334	0.578815	
170.000000	0.549399	0.548523	0.546324	0.589270	0.552313	0.517316	0.550524	0.548961	0.578815	
180.000000	0.437621	0.510916	0.577595	0.572682	0.664633	0.557269	0.553453	0.564975	0.578815	
190.000000	0.560015	0.627941	0.538188	0.560203	0.596731	0.526671	0.568292	0.560109	0.578815	
200.000000	0.484231	0.483102	0.484279	0.532380	0.519992	0.534469	0.506409	0.502136	0.578815	
210.000000	0.468350	0.504339	0.582275	0.554515	0.392291	0.523990	0.504293	0.514165	0.578815	
220.000000	0.544127	0.589348	0.513896	0.523442	0.605192	0.509015	0.547503	0.533784	0.578815	
230.000000	0.511124	0.527212	0.544782	0.589231	0.552741	0.515073	0.540027	0.535997	0.578815	
240.000000	0.555715	0.520821	0.556766	0.549520	0.647019	0.514899	0.557457	0.552618	0.578815	
250.000000	0.513667	0.558937	0.480299	0.592037	0.638287	0.523455	0.551114	0.541196	0.578815	
260.000000	0.557363	0.494489	0.547287	0.446094	0.570952	0.520223	0.522735	0.533755	0.578815	
270.000000	0.560516	0.480514	0.526795	0.549635	0.578608	0.512604	0.534779	0.538215	0.578815	
280.000000	0.527530	0.626671	0.575376	0.595217	0.715889	0.539164	0.596641	0.585296	0.596641	
290.000000	0.520452	0.457663	0.535184	0.607845	0.563177	0.509577	0.532316	0.527818	0.596641	
300.000000	0.512798	0.502554	0.478815	0.564637	0.656367	0.546451	0.543604	0.529625	0.596641	
310.000000	0.581257	0.588034	0.562041	0.588650	0.617314	0.524070	0.576894	0.584645	0.596641	
320.000000	0.552852	0.598389	0.550608	0.597524	0.579344	0.519663	0.566396	0.566098	0.596641	
330.000000	0.579153	0.447075	0.542515	0.535329	0.576482	0.502002	0.530426	0.538922	0.596641	
340.000000	0.515549	0.596247	0.508054	0.520287	0.547337	0.539586	0.537843	0.529936	0.596641	
350.000000	0.539748	0.523456	0.526422	0.554637	0.670250	0.544495	0.559835	0.542122	0.596641	
360.000000	0.603779	0.581618	0.481202	0.623447	0.718009	0.557837	0.594315	0.592699	0.596641	
370.000000	0.606867	0.457111	0.543776	0.580237	0.662179	0.497608	0.557963	0.562006	0.596641	
380.000000	0.548979	0.564163	0.569758	0.506625	0.642785	0.570681	0.567165	0.566961	0.596641	
390.000000	0.520745	0.590647	0.580324	0.593982	0.547432	0.510564	0.557282	0.563878	0.596641	
400.000000	0.610031	0.577146	0.576598	0.546303	0.565159	0.545156	0.570065	0.570878	0.596641	
410.000000	0.582707	0.535667	0.609026	0.597221	0.681567	0.555423	0.593602	0.589964	0.596641	
420.000000	0.578056	0.535017	0.556534	0.548011	0.666432	0.563444	0.574582	0.559989	0.596641	
430.000000	0.622277	0.512441	0.556001	0.568425	0.680328	0.550787	0.581710	0.562213	0.596641	
440.000000	0.606517	0.541203	0.582994	0.572622	0.721393	0.578183	0.600485	0.580589	0.600485	
450.000000	0.590757	0.574106	0.607324	0.599624	0.708019	0.569738	0.608261	0.595191	0.608261	
460.000000	0.481374	0.597078	0.539504	0.546691	0.632267	0.570022	0.561156	0.558357	0.608261	
470.000000	0.580043	0.592262	0.573039	0.640417	0.737963	0.518838	0.607094	0.586152	0.608261	
480.000000	0.600128	0.443679	0.590405	0.588070	0.719286	0.544403	0.580995	0.589237	0.608261	
490.000000	0.617742	0.551871	0.597825	0.595971	0.727061	0.580168	0.611773	0.596898	0.611773	
500.000000	0.579605	0.577664	0.565037	0.609938	0.668992	0.576310	0.596258	0.578634	0.611773	
510.000000	0.581784	0.524336	0.503553	0.542893	0.543028	0.556725	0.542053	0.542961	0.611773	
520.000000	0.604688	0.569376	0.555098	0.576837	0.693249	0.564586	0.593972	0.573106	0.611773	
530.000000	0.600090	0.594140	0.592368	0.604539	0.713618	0.555240	0.609999	0.597115	0.611773	
540.000000	0.623713	0.602403	0.592824	0.616933	0.729546	0.573051	0.623078	0.609668	0.623078	
550.000000	0.610745	0.544302	0.599317	0.597389	0.670338	0.591686	0.602296	0.598353	0.623078	
560.000000	0.599878	0.572388	0.601197	0.596150	0.725979	0.580968	0.612760	0.598014	0.623078	
570.000000	0.637714	0.555981	0.584208	0.573221	0.678548	0.585520	0.602532	0.584864	0.623078	
580.000000	0.643194	0.515788	0.576446	0.598953	0.703213	0.598692	0.606048	0.598822	0.623078	
590.000000	0.615231	0.592943	0.606676	0.583198	0.725048	0.584328	0.617904	0.599810	0.623078	
600.000000	0.598999	0.556445	0.592003	0.593480	0.699731	0.580707	0.603561	0.592741	0.623078	
610.000000	0.570342	0.583540	0.599026	0.609621	0.682033	0.594751	0.606552	0.596888	0.623078	
620.000000	0.639399	0.566401	0.602428	0.596108	0.732012	0.590613	0.621160	0.599268	0.623078	
630.000000	0.579415	0.573417	0.573949	0.594843	0.722469	0.551407	0.599250	0.576682	0.623078	
640.000000	0.592246	0.477964	0.594633	0.617327	0.507096	0.579762	0.561504	0.586004	0.623078	
650.000000	0.618694	0.490076	0.570919	0.583228	0.661519	0.544497	0.578156	0.577074	0.623078	
660.000000	0.555882	0.548709	0.586388	0.601262	0.615594	0.588926	0.582794	0.587657	0.623078	
670.000000	0.595628	0.588307	0.553310	0.609907	0.679177	0.579962	0.601049	0.591967	0.623078	
680.000000	0.602518	0.567349	0.585521	0.609726	0.704314	0.556817	0.604374	0.594019	0.623078	
690.000000	0.596857	0.571366	0.572709	0.592967	0.657376	0.492374	0.580608	0.582838	0.623078	
700.000000	0.595653	0.561962	0.580711	0.498163	0.669131	0.564980	0.578433	0.572845	0.623078	
710.000000	0.607579	0.555336	0.545031	0.579145	0.555905	0.563990	0.567831	0.559948	0.623078	
720.000000	0.591002	0.583819	0.581512	0.618904	0.670882	0.563783	0.601650	0.587410	0.623078	
730.000000	0.599228	0.574577	0.591697	0.622595	0.724929	0.577619	0.615107	0.595462	0.623078	
740.000000	0.623465	0.595268	0.561200	0.589236	0.682976	0.557387	0.601589	0.592252	0.623078	
750.000000	0.603034	0.599892	0.588612	0.543259	0.586383	0.586208	0.584565	0.587497	0.623078	
760.000000	0.617077	0.567919	0.586741	0.508693	0.702194	0.580452	0.593846	0.583597	0.623078	
770.000000	0.557888	0.559656	0.567044	0.529405	0.707988	0.549394	0.578562	0.558772	0.623078	
780.000000	0.615907	0.607486	0.572285	0.612616	0.687531	0.576504	0.612055	0.610051	0.623078	
790.000000	0.590062	0.609748	0.581825	0.596684	0.542575	0.545541	0.577739	0.585944	0.623078	
800.000000	0.623386	0.605099	0.595593	0.625989	0.706113	0.572857	0.621506	0.614243	0.623078	
810.000000	0.589261	0.533777	0.491373	0.552736	0.634765	0.467743	0.544942	0.543256	0.623078	
820.000000	0.612205	0.439829	0.569897	0.624967	0.556905	0.502709	0.551086	0.563401	0.623078	
830.000000	0.586952	0.501903	0.578486	0.574908	0.672713	0.547198	0.577027	0.576697	0.623078	
840.000000	0.627357	0.535884	0.581661	0.629031	0.656650	0.562092	0.598779	0.604509	0.623078	
850.000000	0.653733	0.540434	0.595897	0.621362	0.696784	0.590358	0.616428	0.608630	0.623078	
860.000000	0.636687	0.566332	0.601998	0.627546	0.710448	0.587910	0.621820	0.614772	0.623078	
870.000000	0.632950	0.567519	0.595394	0.614340	0.715052	0.597712	0.620495	0.606026	0.623078	
880.000000	0.625733	0.579790	0.592350	0.585213	0.700191	0.601424	0.614117	0.596887	0.623078	
890.000000	0.620418	0.584135	0.573490	0.571126	0.667080	0.595665	0.601986	0.589900	0.623078	
900.000000	0.628902	0.539167	0.500307	0.603496	0.707258	0.575016	0.592358	0.589256	0.623078	
910.000000	0.625630	0.549974	0.583268	0.499889	0.607438	0.563844	0.571674	0.573556	0.623078	
920.000000	0.632088	0.484999	0.576201	0.622004	0.676277	0.589858	0.596904	0.605931	0.623078	
930.000000	0.636509	0.562210	0.586664	0.583964	0.654096	0.546524	0.594995	0.585314	0.623078	
940.000000	0.593522	0.578761	0.559982	0.619099	0.657820	0.570817	0.596667	0.586141	0.623078	
950.000000	0.632890	0.593588	0.590502	0.602976	0.715109	0.594775	0.621640	0.598875	0.623078	
960.000000	0.605595	0.497483	0.598844	0.603091	0.584477	0.549061	0.573092	0.591660	0.623078	
970.000000	0.635713	0.557654	0.599099	0.610801	0.502491	0.571370	0.579521	0.585235	0.623078	
980.000000	0.648381	0.581482	0.599074	0.608010	0.669162	0.501336	0.601241	0.603542	0.623078	
990.000000	0.642232	0.567616	0.589168	0.614567	0.712913	0.590115	0.619435	0.602341	0.623078	
1000.000000	0.633104	0.579635	0.589083	0.599457	0.704610	0.592469	0.616393	0.595963	0.623078	
1010.000000	0.630778	0.581067	0.576156	0.587628	0.695117	0.586074	0.609470	0.586851	0.623078	
1020.000000	0.629508	0.566081	0.589916	0.619281	0.622309	0.510926	0.589670	0.604599	0.623078	
1030.000000	0.637079	0.561026	0.601158	0.506273	0.720418	0.557105	0.597177	0.581092	0.623078	
1040.000000	0.626751	0.556786	0.522947	0.626075	0.731251	0.568834	0.605441	0.597454	0.623078	
1050.000000	0.630322	0.537341	0.558506	0.591778	0.726973	0.588576	0.605583	0.590177	0.623078	
1060.000000	0.589484	0.545945	0.594849	0.583388	0.689500	0.570600	0.595627	0.586436	0.623078	
1070.000000	0.642732	0.580707	0.585493	0.581748	0.722626	0.590999	0.617384	0.588246	0.623078	
1080.000000	0.557072	0.562068	0.595576	0.539768	0.690437	0.582158	0.587847	0.572113	0.623078	
1090.000000	0.624961	0.556445	0.562679	0.616313	0.678214	0.584134	0.603791	0.600224	0.623078	
1100.000000	0.634356	0.545945	0.584159	0.564369	0.722922	0.571030	0.603797	0.577594	0.623078	
1110.000000	0.630889	0.518150	0.560293	0.593628	0.709611	0.586422	0.599832	0.590025	0.623078	
1120.000000	0.614380	0.552639	0.585018	0.614565	0.705824	0.575946	0.608062	0.599699	0.623078	
1130.000000	0.618084	0.539752	0.579093	0.549074	0.694237	0.548506	0.588124	0.564083	0.623078	
1140.000000	0.616462	0.571273	0.585007	0.588084	0.686373	0.578823	0.604337	0.586545	0.623078	
1150.000000	0.619341	0.561070	0.589569	0.552643	0.708491	0.581413	0.602088	0.585491	0.623078	
1160.000000	0.572517	0.528297	0.580198	0.608220	0.714826	0.598408	0.600411	0.589303	0.623078	
1170.000000	0.639373	0.558296	0.597586	0.627768	0.728118	0.594982	0.624354	0.612677	0.624354	
1180.000000	0.630323	0.554499	0.599488	0.616963	0.730559	0.584117	0.619325	0.608225	0.624354	
1190.000000	0.638148	0.578472	0.587908	0.633725	0.734522	0.598214	0.628498	0.615970	0.628498	
1200.000000	0.615659	0.575990	0.540586	0.561231	0.660028	0.585108	0.589767	0.580549	0.628498	
1210.000000	0.624732	0.587272	0.568258	0.610584	0.711309	0.590981	0.615523	0.600782	0.628498	
1220.000000	0.635124	0.538692	0.594084	0.613360	0.734402	0.581543	0.616201	0.603722	0.628498	
1230.000000	0.635587	0.549800	0.597072	0.621472	0.719600	0.574572	0.616351	0.609272	0.628498	
1240.000000	0.645616	0.533008	0.599937	0.616047	0.739296	0.583122	0.619505	0.607992	0.628498	
1250.000000	0.622652	0.527888	0.591786	0.571320	0.729326	0.571565	0.602423	0.581676	0.628498	
1260.000000	0.600863	0.529903	0.600508	0.626505	0.734000	0.569892	0.610278	0.600686	0.628498	
1270.000000	0.646794	0.563493	0.582581	0.618754	0.730225	0.585950	0.621300	0.602352	0.628498	
1280.000000	0.633750	0.577285	0.588182	0.627458	0.730326	0.590265	0.624544	0.608861	0.628498	
1290.000000	0.645119	0.574056	0.596932	0.618783	0.718852	0.594455	0.624699	0.607857	0.628498	
1300.000000	0.634563	0.567324	0.558628	0.618384	0.725545	0.592198	0.616107	0.605291	0.628498	
1310.000000	0.636170	0.597580	0.588314	0.633775	0.715933	0.590123	0.626983	0.615677	0.628498	
1320.000000	0.582844	0.527312	0.603492	0.628980	0.749651	0.568988	0.610211	0.593168	0.628498	
1330.000000	0.620015	0.551332	0.599993	0.639357	0.751702	0.602108	0.627418	0.611061	0.628498	
1340.000000	0.643427	0.555113	0.537001	0.565067	0.690645	0.560452	0.591951	0.562760	0.628498	
1350.000000	0.647310	0.582192	0.599567	0.631761	0.722242	0.596552	0.629937	0.615664	0.629937	
1360.000000	0.639214	0.559675	0.606545	0.638675	0.729860	0.595766	0.628289	0.622610	0.629937	
1370.000000	0.645637	0.597177	0.604168	0.629846	0.712662	0.589902	0.629899	0.617007	0.629937	
1380.000000	0.624460	0.486493	0.588730	0.639466	0.716455	0.591545	0.607858	0.608003	0.629937	
1390.000000	0.645036	0.564919	0.610807	0.637783	0.695079	0.593772	0.624566	0.624295	0.629937	
1400.000000	0.643058	0.572754	0.611497	0.635777	0.745323	0.598265	0.634446	0.623637	0.634446	
1410.000000	0.657173	0.584377	0.607843	0.643257	0.733188	0.588743	0.635764	0.625550	0.635764	
1420.000000	0.641127	0.601956	0.604429	0.611657	0.561384	0.581100	0.600276	0.603193	0.635764	
1430.000000	0.643630	0.566475	0.589379	0.612511	0.700351	0.580348	0.615449	0.600945	0.635764	
1440.000000	0.639036	0.548957	0.595766	0.608794	0.717820	0.595946	0.617720	0.602370	0.635764	
1450.000000	0.645187	0.600989	0.591508	0.587142	0.721315	0.586832	0.622162	0.596249	0.635764	
1460.000000	0.648851	0.564336	0.608283	0.629623	0.693098	0.575983	0.620029	0.618953	0.635764	
1470.000000	0.652148	0.532035	0.607936	0.632459	0.740800	0.601193	0.627762	0.620198	0.635764	
1480.000000	0.662377	0.559408	0.604948	0.630292	0.712775	0.604226	0.629005	0.617620	0.635764	
1490.000000	0.642255	0.545982	0.609906	0.617278	0.743587	0.591404	0.625069	0.613592	0.635764	
1500.000000	0.644980	0.584414	0.593833	0.626290	0.732572	0.597030	0.629853	0.611660	0.635764	
1510.000000	0.645234	0.551127	0.590678	0.614289	0.746713	0.593946	0.623665	0.604118	0.635764	
1520.000000	0.650567	0.549881	0.602176	0.626390	0.743769	0.596883	0.628278	0.614283	0.635764	
1530.000000	0.656148	0.566642	0.596892	0.631603	0.737151	0.597621	0.631010	0.614612	0.635764	
1540.000000	0.651104	0.563221	0.606759	0.633897	0.727665	0.596669	0.629886	0.620328	0.635764	
1550.000000	0.651668	0.587904	0.576867	0.627797	0.706730	0.595643	0.624435	0.611720	0.635764	
1560.000000	0.646299	0.580503	0.602165	0.587417	0.722047	0.592623	0.621842	0.597394	0.635764	
1570.000000	0.647370	0.577809	0.595295	0.619242	0.724419	0.558787	0.620487	0.607268	0.635764	
1580.000000	0.655826	0.557431	0.600686	0.632286	0.741486	0.585112	0.628805	0.616486	0.635764	
1590.000000	0.647975	0.570758	0.598455	0.636558	0.733629	0.596997	0.630729	0.617507	0.635764	
1600.000000	0.629640	0.571669	0.577399	0.613774	0.685870	0.595661	0.612336	0.604717	0.635764	
1610.000000	0.614962	0.565756	0.601637	0.624898	0.691676	0.595688	0.615770	0.608300	0.635764	
1620.000000	0.630786	0.551425	0.597152	0.614171	0.743606	0.587423	0.620761	0.605662	0.635764	
1630.000000	0.644920	0.556532	0.572508	0.625004	0.744857	0.590604	0.622404	0.607804	0.635764	
1640.000000	0.645458	0.538060	0.588795	0.617028	0.630179	0.572626	0.598691	0.602912	0.635764	
1650.000000	0.618709	0.588276	0.592045	0.616778	0.706113	0.555753	0.612946	0.604412	0.635764	
1660.000000	0.631059	0.528489	0.595340	0.620283	0.733792	0.584727	0.615615	0.607812	0.635764	
1670.000000	0.625669	0.558727	0.569913	0.610438	0.720789	0.591748	0.612881	0.601093	0.635764	
1680.000000	0.624703	0.557357	0.519935	0.588578	0.680447	0.561623	0.588774	0.575101	0.635764	
1690.000000	0.638632	0.569190	0.563350	0.596436	0.687644	0.590977	0.607705	0.593706	0.635764	
1700.000000	0.604055	0.562371	0.602485	0.630758	0.739535	0.587396	0.621100	0.603270	0.635764	
1710.000000	0.636740	0.577484	0.587519	0.623954	0.713851	0.589078	0.621438	0.606516	0.635764	
1720.000000	0.645934	0.570039	0.598435	0.590998	0.722683	0.542035	0.611687	0.594716	0.635764	
1730.000000	0.648951	0.567950	0.584482	0.505045	0.710366	0.590963	0.601293	0.587723	0.635764	
1740.000000	0.649212	0.547253	0.597110	0.629475	0.667388	0.593741	0.614030	0.613293	0.635764	
1750.000000	0.653733	0.532115	0.607229	0.633497	0.742995	0.590553	0.626687	0.620363	0.635764	
1760.000000	0.654776	0.570176	0.586973	0.617187	0.726891	0.594407	0.625068	0.605797	0.635764	
1770.000000	0.655621	0.554592	0.599906	0.618529	0.731546	0.594839	0.625839	0.609218	0.635764	
1780.000000	0.658419	0.538798	0.602095	0.633799	0.748261	0.600990	0.630393	0.617947	0.635764	
1790.000000	0.664267	0.567324	0.608636	0.639098	0.739869	0.592895	0.635348	0.623867	0.635764	
1800.000000	0.631456	0.550278	0.612240	0.640676	0.624322	0.598073	0.609508	0.618281	0.635764	
1810.000000	0.644628	0.591183	0.593597	0.616017	0.714260	0.600035	0.626620	0.608026	0.635764	
1820.000000	0.649487	0.580403	0.606120	0.640761	0.743618	0.598713	0.636517	0.623441	0.636517	
1830.000000	0.653665	0.545836	0.607635	0.640613	0.757596	0.595836	0.633530	0.624124	0.636517	
1840.000000	0.656580	0.613083	0.606308	0.625992	0.741976	0.596329	0.640045	0.619537	0.640045	
1850.000000	0.640619	0.595832	0.596295	0.625370	0.735239	0.597469	0.631804	0.611419	0.640045	
1860.000000	0.606265	0.491768	0.593187	0.613984	0.714040	0.578040	0.599547	0.599726	0.640045	
1870.000000	0.648034	0.542529	0.620590	0.636165	0.747386	0.579594	0.629050	0.628377	0.640045	
1880.000000	0.638459	0.606488	0.598592	0.596210	0.749638	0.593900	0.630548	0.602540	0.640045	
1890.000000	0.658693	0.572946	0.617376	0.635872	0.758955	0.596449	0.640049	0.626624	0.640049	
1900.000000	0.651357	0.533616	0.615129	0.620801	0.758181	0.498556	0.612940	0.617965	0.640049	
1910.000000	0.641607	0.581525	0.608028	0.611787	0.733515	0.589493	0.627659	0.609907	0.640049	
1920.000000	0.647586	0.599198	0.606991	0.628795	0.732163	0.592251	0.634497	0.617893	0.640049	
1930.000000	0.653097	0.601783	0.615789	0.654724	0.756237	0.599269	0.646816	0.634443	0.646816	
1940.000000	0.653552	0.590724	0.579331	0.644409	0.727772	0.563056	0.626474	0.617567	0.646816	
1950.000000	0.656055	0.553520	0.601683	0.641472	0.742586	0.592599	0.631319	0.621577	0.646816	
1960.000000	0.627880	0.599018	0.589473	0.617653	0.732490	0.593516	0.626672	0.608335	0.646816	
1970.000000	0.516488	0.553048	0.614229	0.620736	0.752689	0.596045	0.608873	0.605137	0.646816	
1980.000000	0.665392	0.558460	0.610974	0.633829	0.744165	0.581861	0.632447	0.622401	0.646816	
1990.000000	0.659990	0.538147	0.606508	0.610491	0.736447	0.585064	0.622774	0.608499	0.646816	
2000.000000	0.661952	0.573058	0.592519	0.632550	0.682618	0.602625	0.624220	0.617587	0.646816	
2010.000000	0.652455	0.586974	0.598067	0.624410	0.713448	0.583187	0.626423	0.611238	0.646816	
2020.000000	0.643254	0.570628	0.601980	0.625150	0.723419	0.590442	0.625812	0.613565	0.646816	
2030.000000	0.652259	0.521485	0.603353	0.619140	0.740347	0.594702	0.621881	0.611247	0.646816	
2040.000000	0.650108	0.533566	0.597106	0.612420	0.745103	0.602045	0.623391	0.607233	0.646816	
2050.000000	0.643297	0.597859	0.549248	0.637932	0.753903	0.608948	0.631865	0.623440	0.646816	
2060.000000	0.650906	0.610479	0.592701	0.637531	0.685625	0.602315	0.629926	0.624005	0.646816	
2070.000000	0.639225	0.604547	0.577052	0.613674	0.719103	0.594125	0.624621	0.609111	0.646816	
2080.000000	0.653955	0.527944	0.604907	0.632675	0.760949	0.589835	0.628377	0.618791	0.646816	
2090.000000	0.549820	0.544817	0.605656	0.629479	0.751790	0.581844	0.610567	0.593750	0.646816	
2100.000000	0.644264	0.552565	0.595077	0.633202	0.758256	0.566111	0.624913	0.614139	0.646816	
2110.000000	0.637135	0.572249	0.589872	0.564091	0.679038	0.584612	0.604500	0.587242	0.646816	
2120.000000	0.661485	0.572593	0.593589	0.638455	0.752016	0.588898	0.634506	0.616022	0.646816	
2130.000000	0.643657	0.604188	0.582664	0.581729	0.742435	0.596515	0.625198	0.600351	0.646816	
2140.000000	0.655771	0.580267	0.605646	0.607429	0.750160	0.597895	0.632861	0.606537	0.646816	
2150.000000	0.652711	0.583540	0.606183	0.608042	0.763195	0.594124	0.634632	0.607112	0.646816	
2160.000000	0.662450	0.569494	0.606511	0.641673	0.759288	0.572202	0.635270	0.624092	0.646816	
2170.000000	0.659285	0.580013	0.613716	0.645281	0.757785	0.597163	0.642207	0.629499	0.646816	
2180.000000	0.663758	0.560276	0.598497	0.626232	0.717946	0.604747	0.628576	0.615489	0.646816	
2190.000000	0.656968	0.563239	0.609198	0.642235	0.755162	0.593616	0.636736	0.625716	0.646816	
2200.000000	0.646975	0.578662	0.602989	0.634701	0.759496	0.588175	0.635166	0.618845	0.646816	
2210.000000	0.657768	0.587786	0.603986	0.624171	0.768630	0.595220	0.639594	0.614079	0.646816	
2220.000000	0.655937	0.598572	0.597617	0.627264	0.730376	0.600483	0.635042	0.613873	0.646816	
2230.000000	0.666762	0.590222	0.611376	0.638881	0.747065	0.593328	0.641272	0.625128	0.646816	
2240.000000	0.655577	0.579009	0.592416	0.635943	0.743499	0.593439	0.633314	0.614691	0.646816	
2250.000000	0.645356	0.614242	0.602063	0.640435	0.747449	0.593929	0.640579	0.627339	0.646816	
2260.000000	0.626263	0.534124	0.606583	0.639320	0.752526	0.583688	0.623751	0.616423	0.646816	
2270.000000	0.648407	0.569884	0.617346	0.639686	0.757703	0.586700	0.636621	0.628516	0.646816	
2280.000000	0.644955	0.601535	0.582435	0.611988	0.729889	0.582762	0.625594	0.606761	0.646816	
2290.000000	0.643256	0.619499	0.604513	0.638113	0.749569	0.583900	0.639808	0.628806	0.646816	
2300.000000	0.640094	0.552447	0.616021	0.644710	0.750204	0.570145	0.628937	0.628057	0.646816	
2310.000000	0.646438	0.559650	0.603801	0.649627	0.763390	0.580351	0.633876	0.625119	0.646816	
2320.000000	0.662038	0.569202	0.625084	0.643320	0.750443	0.596515	0.641100	0.634202	0.646816	
2330.000000	0.644317	0.596030	0.610777	0.635774	0.736208	0.584806	0.634652	0.623275	0.646816	
2340.000000	0.622475	0.537955	0.616649	0.640655	0.667187	0.592983	0.612984	0.619562	0.646816	
2350.000000	0.666839	0.548418	0.604875	0.629207	0.740064	0.589156	0.629760	0.617041	0.646816	
2360.000000	0.660551	0.549955	0.612535	0.632388	0.746009	0.586479	0.631319	0.622462	0.646816	
2370.000000	0.643854	0.571062	0.594045	0.605243	0.727055	0.584653	0.620985	0.599644	0.646816	
2380.000000	0.660999	0.577967	0.516951	0.623995	0.717229	0.593911	0.615175	0.608953	0.646816	
2390.000000	0.658918	0.548573	0.608261	0.642607	0.743083	0.592086	0.632255	0.625434	0.646816	
2400.000000	0.649892	0.577527	0.581367	0.612113	0.734264	0.589755	0.624153	0.600934	0.646816	
2410.000000	0.649480	0.571703	0.610062	0.638617	0.737988	0.589200	0.632842	0.624340	0.646816	
2420.000000	0.637337	0.575339	0.617152	0.606827	0.718883	0.586817	0.623726	0.611990	0.646816	
2430.000000	0.651129	0.581903	0.617697	0.645506	0.759370	0.584466	0.640012	0.631601	0.646816	
2440.000000	0.660657	0.569450	0.618319	0.640098	0.760861	0.602652	0.642006	0.629208	0.646816	
2450.000000	0.654350	0.550216	0.614426	0.641182	0.751557	0.593784	0.634252	0.627804	0.646816	
2460.000000	0.655888	0.541144	0.602963	0.637669	0.744782	0.581100	0.627258	0.620316	0.646816	
2470.000000	0.644675	0.586212	0.582513	0.617972	0.724007	0.596764	0.625357	0.607368	0.646816	
2480.000000	0.649879	0.573058	0.614226	0.647564	0.761352	0.586662	0.638790	0.630895	0.646816	
2490.000000	0.656095	0.595720	0.603528	0.616834	0.748129	0.588305	0.634768	0.610181	0.646816	
2500.000000	0.657928	0.583828	0.605818	0.640672	0.725212	0.580591	0.632342	0.623245	0.646816	
2510.000000	0.653970	0.590482	0.610110	0.646313	0.761125	0.540853	0.633809	0.628212	0.646816	
2520.000000	0.659181	0.576337	0.586050	0.645263	0.748695	0.591043	0.634428	0.618153	0.646816	
2530.000000	0.668198	0.565164	0.613673	0.657779	0.772461	0.603520	0.646799	0.635726	0.646816	
2540.000000	0.654450	0.549633	0.614309	0.646690	0.769529	0.590212	0.637470	0.630499	0.646816	
2550.000000	0.669011	0.581054	0.612301	0.644430	0.764962	0.596486	0.644708	0.628366	0.646816	
2560.000000	0.645838	0.601969	0.592905	0.619399	0.708699	0.590128	0.626490	0.610684	0.646816	
2570.000000	0.656535	0.576226	0.600918	0.635633	0.762232	0.597703	0.638208	0.618276	0.646816	
2580.000000	0.648290	0.559861	0.613292	0.640680	0.745971	0.591836	0.633322	0.626986	0.646816	
2590.000000	0.648501	0.596948	0.585693	0.639089	0.739649	0.599478	0.634893	0.619283	0.646816	
2600.000000	0.658944	0.572630	0.604328	0.640211	0.748355	0.605996	0.638411	0.623104	0.646816	
2610.000000	0.656317	0.501667	0.589234	0.632402	0.751739	0.600655	0.622002	0.616528	0.646816	
2620.000000	0.655208	0.525787	0.610372	0.632966	0.759471	0.589372	0.628862	0.621669	0.646816	
2630.000000	0.665053	0.523425	0.601140	0.621527	0.738504	0.591770	0.623570	0.611334	0.646816	
2640.000000	0.663612	0.580242	0.605600	0.630634	0.747386	0.600719	0.638032	0.618117	0.646816	
2650.000000	0.649871	0.619232	0.605777	0.641296	0.765258	0.598521	0.646659	0.630264	0.646816	
2660.000000	0.667882	0.588939	0.617051	0.660250	0.769290	0.579805	0.647203	0.638650	0.647203	
2670.000000	0.666414	0.570640	0.609823	0.579530	0.749689	0.600441	0.629423	0.605132	0.647203	
2680.000000	0.673336	0.574087	0.622361	0.634814	0.759458	0.602061	0.644353	0.628588	0.647203	
2690.000000	0.658735	0.549509	0.621132	0.648774	0.762110	0.595844	0.639351	0.634953	0.647203	
2700.000000	0.656772	0.549571	0.618279	0.637587	0.741196	0.593838	0.632874	0.627933	0.647203	
2710.000000	0.599097	0.588741	0.578740	0.574901	0.675594	0.592998	0.601679	0.590869	0.647203	
2720.000000	0.652733	0.561113	0.597859	0.607040	0.738258	0.583785	0.623465	0.602449	0.647203	
2730.000000	0.620764	0.550098	0.610233	0.639059	0.761704	0.591214	0.628845	0.615498	0.647203	
2740.000000	0.657784	0.576411	0.596842	0.630614	0.724885	0.593585	0.630020	0.613728	0.647203	
2750.000000	0.646583	0.587383	0.585521	0.585185	0.731666	0.586197	0.620422	0.586790	0.647203	
2760.000000	0.554070	0.551871	0.611525	0.634633	0.751198	0.594942	0.616373	0.603233	0.647203	
2770.000000	0.644359	0.590935	0.604608	0.635756	0.751897	0.588395	0.635992	0.620182	0.647203	
2780.000000	0.622033	0.600196	0.597530	0.633766	0.742442	0.591678	0.631274	0.611115	0.647203	
2790.000000	0.576710	0.588772	0.603062	0.642797	0.710133	0.524559	0.607672	0.595917	0.647203	
2800.000000	0.647882	0.570988	0.591677	0.639563	0.645352	0.600730	0.616032	0.620146	0.647203	
2810.000000	0.661696	0.538252	0.605658	0.631490	0.734692	0.588953	0.626790	0.618574	0.647203	
2820.000000	0.665992	0.563072	0.598509	0.638564	0.752526	0.596989	0.635942	0.618536	0.647203	
2830.000000	0.653607	0.529326	0.597518	0.621442	0.709963	0.591172	0.617171	0.609480	0.647203	
2840.000000	0.661395	0.555981	0.610536	0.637696	0.742266	0.590395	0.633045	0.624116	0.647203	
2850.000000	0.668819	0.564150	0.607100	0.641138	0.742379	0.597518	0.636851	0.624119	0.647203	
2860.000000	0.654830	0.585833	0.598128	0.628872	0.749317	0.593571	0.635092	0.613500	0.647203	
2870.000000	0.650752	0.521454	0.609706	0.640396	0.754457	0.592366	0.628188	0.625051	0.647203	
2880.000000	0.633728	0.601553	0.605424	0.616393	0.729175	0.587696	0.628995	0.610909	0.647203	
2890.000000	0.654956	0.610303	0.613419	0.645487	0.751324	0.589489	0.644163	0.629453	0.647203	
2900.000000	0.635327	0.622226	0.595132	0.618976	0.726407	0.591343	0.631568	0.620601	0.647203	
2910.000000	0.646198	0.573672	0.607544	0.611384	0.734264	0.591099	0.627360	0.609464	0.647203	
2920.000000	0.653174	0.555714	0.604524	0.649910	0.769825	0.588455	0.636934	0.627217	0.647203	
2930.000000	0.669771	0.576523	0.619496	0.654835	0.756269	0.593067	0.644993	0.637165	0.647203	
2940.000000	0.662770	0.592509	0.605360	0.643993	0.770712	0.594246	0.644932	0.624676	0.647203	
2950.000000	0.662492	0.592658	0.608045	0.626852	0.752406	0.594204	0.639443	0.617449	0.647203	
2960.000000	0.663996	0.600134	0.599123	0.621316	0.747600	0.596850	0.638170	0.610725	0.647203	
2970.000000	0.671466	0.579505	0.621967	0.644651	0.762698	0.600558	0.646807	0.633309	0.647203	
2980.000000	0.642441	0.551567	0.613614	0.636579	0.742222	0.599255	0.630946	0.625097	0.647203	
2990.000000	0.631953	0.551412	0.571726	0.547927	0.685568	0.595977	0.597427	0.583851	0.647203	
3000.000000	0.658754	0.573498	0.579774	0.606987	0.723626	0.595132	0.622962	0.601060	0.647203	
3010.000000	0.669415	0.567120	0.611544	0.643789	0.757634	0.594888	0.640732	0.627666	0.647203	
3020.000000	0.673225	0.575135	0.618081	0.638114	0.756011	0.603128	0.643949	0.628098	0.647203	
3030.000000	0.673806	0.580887	0.619960	0.648232	0.762339	0.596093	0.646886	0.634096	0.647203	
3040.000000	0.649489	0.597543	0.592297	0.613584	0.725111	0.599116	0.629523	0.606350	0.647203	
3050.000000	0.670277	0.596130	0.618327	0.655339	0.774430	0.588499	0.650500	0.636833	0.650500	
3060.000000	0.660525	0.546118	0.611519	0.649521	0.769385	0.589530	0.637766	0.630520	0.650500	
3070.000000	0.673031	0.595280	0.620945	0.650266	0.726023	0.611475	0.646170	0.635606	0.650500	
3080.000000	0.677889	0.585957	0.619015	0.642783	0.767441	0.601671	0.649126	0.630899	0.650500	
3090.000000	0.667790	0.558782	0.601945	0.639443	0.743813	0.601345	0.635520	0.620694	0.650500	
3100.000000	0.670020	0.563887	0.607584	0.640338	0.752104	0.600897	0.639138	0.623961	0.650500	
3110.000000	0.662536	0.599892	0.609791	0.647347	0.756533	0.602119	0.646370	0.628569	0.650500	
3120.000000	0.663902	0.565688	0.622950	0.645870	0.763679	0.594473	0.642760	0.634410	0.650500	
3130.000000	0.647449	0.622914	0.583515	0.587529	0.725551	0.590403	0.626227	0.606659	0.650500	
3140.000000	0.648791	0.598956	0.610546	0.639316	0.757112	0.598891	0.642269	0.624931	0.650500	
3150.000000	0.656255	0.614565	0.606343	0.643191	0.765547	0.596316	0.647036	0.628878	0.650500	
3160.000000	0.642864	0.607436	0.592656	0.617535	0.730936	0.590483	0.630318	0.612485	0.650500	
3170.000000	0.645313	0.549652	0.609353	0.639796	0.462174	0.581275	0.581261	0.595314	0.650500	
3180.000000	0.663502	0.553724	0.611471	0.620977	0.758080	0.592189	0.633324	0.616224	0.650500	
3190.000000	0.651680	0.542883	0.617166	0.630947	0.758099	0.595192	0.632661	0.624056	0.650500	
3200.000000	0.656050	0.569345	0.601087	0.606173	0.725690	0.595000	0.625557	0.603630	0.650500	
3210.000000	0.677672	0.567430	0.605637	0.629660	0.747355	0.598618	0.637729	0.617649	0.650500	
3220.000000	0.673928	0.567820	0.618929	0.638256	0.755627	0.593091	0.641275	0.628593	0.650500	
3230.000000	0.669683	0.579957	0.609399	0.634638	0.730993	0.599927	0.637433	0.622019	0.650500	
3240.000000	0.666749	0.580912	0.609763	0.639912	0.734578	0.600525	0.638740	0.624838	0.650500	
3250.000000	0.662979	0.583881	0.604455	0.635529	0.734100	0.593336	0.635713	0.619992	0.650500	
3260.000000	0.648806	0.567361	0.597516	0.630456	0.731509	0.588776	0.627404	0.613986	0.650500	
3270.000000	0.642915	0.550941	0.616021	0.644127	0.759571	0.591487	0.634177	0.629468	0.650500	
3280.000000	0.659876	0.593569	0.599024	0.633653	0.760314	0.589071	0.639251	0.616338	0.650500	
3290.000000	0.642213	0.598404	0.598919	0.633482	0.749060	0.593230	0.635885	0.616200	0.650500	
3300.000000	0.658969	0.581848	0.619097	0.642784	0.765038	0.599901	0.644606	0.630941	0.650500	
3310.000000	0.663623	0.579641	0.621283	0.630867	0.759320	0.603251	0.642997	0.626075	0.650500	
3320.000000	0.629988	0.594350	0.625183	0.649237	0.762890	0.593763	0.642569	0.627586	0.650500	
3330.000000	0.658063	0.588827	0.618640	0.651786	0.722343	0.584803	0.637410	0.635213	0.650500	
3340.000000	0.664921	0.571700	0.610463	0.633639	0.751264	0.590174	0.637027	0.622051	0.650500	
3350.000000	0.661376	0.579883	0.605769	0.638321	0.735566	0.602147	0.637177	0.622045	0.650500	
3360.000000	0.656654	0.574062	0.617832	0.645064	0.680517	0.588410	0.627090	0.631448	0.650500	
3370.000000	0.653114	0.626968	0.607446	0.653334	0.751620	0.602842	0.649221	0.640041	0.650500	
3380.000000	0.653409	0.572903	0.610558	0.647724	0.730483	0.604857	0.636656	0.629141	0.650500	
3390.000000	0.653073	0.562266	0.613803	0.646003	0.748298	0.591532	0.635829	0.629903	0.650500	
3400.000000	0.640858	0.569419	0.598099	0.621203	0.728697	0.587937	0.624369	0.609651	0.650500	
3410.000000	0.665497	0.560053	0.611394	0.641838	0.760534	0.598415	0.639622	0.626616	0.650500	
3420.000000	0.655244	0.534899	0.614000	0.641779	0.764459	0.589436	0.633303	0.627889	0.650500	
3430.000000	0.658735	0.566518	0.616474	0.646586	0.726898	0.599264	0.635746	0.631530	0.650500	
3440.000000	0.647166	0.581594	0.600686	0.636760	0.759018	0.594303	0.636588	0.618723	0.650500	
3450.000000	0.633925	0.577626	0.567890	0.622987	0.734472	0.586263	0.620527	0.604625	0.650500	
3460.000000	0.644312	0.559074	0.612456	0.630366	0.730672	0.586096	0.627163	0.621411	0.650500	
3470.000000	0.649559	0.585158	0.559645	0.626329	0.761125	0.586345	0.628027	0.606337	0.650500	
3480.000000	0.651515	0.599266	0.601558	0.625865	0.757483	0.594431	0.638353	0.613711	0.650500	
3490.000000	0.657154	0.593092	0.588414	0.616987	0.722066	0.598924	0.629440	0.607955	0.650500	
3500.000000	0.663474	0.583968	0.607078	0.608784	0.748915	0.603463	0.635947	0.607931	0.650500	
3510.000000	0.658276	0.602390	0.596226	0.617058	0.722997	0.611235	0.634697	0.614146	0.650500	
3520.000000	0.638265	0.585635	0.615353	0.648706	0.762188	0.591076	0.640204	0.626809	0.650500	
3530.000000	0.656618	0.618606	0.613344	0.646517	0.757514	0.600392	0.648832	0.632561	0.650500	
3540.000000	0.668000	0.562285	0.605206	0.639360	0.752092	0.606469	0.638902	0.622914	0.650500	
3550.000000	0.669130	0.594301	0.613482	0.630371	0.755061	0.597692	0.643340	0.621927	0.650500	
3560.000000	0.647191	0.496628	0.557511	0.630412	0.739705	0.589625	0.610179	0.610019	0.650500	
3570.000000	0.655583	0.589590	0.607590	0.626459	0.757401	0.602383	0.639834	0.617024	0.650500	
3580.000000	0.667411	0.579926	0.609052	0.634955	0.753004	0.603710	0.641343	0.622004	0.650500	
3590.000000	0.667711	0.568384	0.615467	0.625300	0.760483	0.598084	0.639238	0.620383	0.650500	
3600.000000	0.662440	0.578259	0.607229	0.640445	0.757231	0.603197	0.641467	0.623837	0.650500	
3610.000000	0.656381	0.595944	0.606920	0.639415	0.754614	0.601828	0.642517	0.623168	0.650500	
3620.000000	0.651725	0.616232	0.598614	0.633093	0.748758	0.599485	0.641318	0.624663	0.650500	
3630.000000	0.659149	0.558376	0.618600	0.634150	0.749519	0.597302	0.636183	0.626375	0.650500	
3640.000000	0.676957	0.549193	0.613209	0.639714	0.742976	0.604089	0.637690	0.626461	0.650500	
3650.000000	0.660536	0.541575	0.606714	0.625858	0.749947	0.599562	0.630698	0.616286	0.650500	
3660.000000	0.676281	0.592485	0.598996	0.631777	0.742373	0.593461	0.639229	0.615387	0.650500	
3670.000000	0.629028	0.568799	0.604891	0.626605	0.748525	0.572330	0.625030	0.615748	0.650500	
3680.000000	0.633488	0.553588	0.580040	0.620584	0.753589	0.557603	0.616482	0.600312	0.650500	
3690.000000	0.642642	0.539101	0.599149	0.631693	0.755992	0.583750	0.625388	0.615421	0.650500	
3700.000000	0.655141	0.568768	0.585566	0.617417	0.740894	0.589592	0.626230	0.603504	0.650500	
3710.000000	0.662405	0.583397	0.600840	0.648381	0.765415	0.583477	0.640652	0.624610	0.650500	
3720.000000	0.657777	0.608384	0.607654	0.652792	0.756986	0.593565	0.646193	0.630588	0.650500	
3730.000000	0.648379	0.510352	0.616346	0.656676	0.761748	0.590992	0.630749	0.632363	0.650500	
3740.000000	0.659053	0.631989	0.598382	0.645871	0.741460	0.595977	0.645455	0.638930	0.650500	
3750.000000	0.658406	0.614781	0.584434	0.623690	0.719468	0.592720	0.632250	0.619236	0.650500	
3760.000000	0.671094	0.572097	0.630608	0.646968	0.759842	0.592327	0.645489	0.638788	0.650500	
3770.000000	0.670225	0.587079	0.617808	0.638987	0.753230	0.602220	0.644925	0.628398	0.650500	
3780.000000	0.662588	0.591003	0.591596	0.617884	0.741347	0.595569	0.633331	0.606726	0.650500	
3790.000000	0.642138	0.547445	0.626842	0.645727	0.760660	0.597202	0.636669	0.634490	0.650500	
3800.000000	0.663715	0.569364	0.624989	0.638506	0.756357	0.597619	0.641758	0.631747	0.650500	
3810.000000	0.671418	0.587191	0.614170	0.641721	0.752733	0.602425	0.644943	0.627946	0.650500	
3820.000000	0.650443	0.560636	0.616695	0.649955	0.759458	0.591565	0.638125	0.633325	0.650500	
3830.000000	0.661408	0.571744	0.619264	0.643419	0.757288	0.588102	0.640204	0.631342	0.650500	
3840.000000	0.663011	0.597800	0.603276	0.625917	0.730792	0.592273	0.635511	0.614596	0.650500	
3850.000000	0.663527	0.594338	0.605359	0.619105	0.731565	0.599829	0.635621	0.612232	0.650500	
3860.000000	0.676044	0.572054	0.621426	0.628178	0.748563	0.600882	0.641191	0.624802	0.650500	
3870.000000	0.668160	0.604467	0.630937	0.648184	0.768378	0.597837	0.652994	0.639561	0.652994	
3880.000000	0.669352	0.597592	0.556453	0.644202	0.767466	0.594188	0.638209	0.620897	0.652994	
3890.000000	0.656661	0.619840	0.605582	0.633331	0.739837	0.598262	0.642252	0.626586	0.652994	
3900.000000	0.678045	0.595392	0.621537	0.653842	0.757917	0.599295	0.651005	0.637690	0.652994	
3910.000000	0.674984	0.572227	0.616696	0.654231	0.752173	0.599259	0.644928	0.635464	0.652994	
3920.000000	0.673217	0.592968	0.613918	0.645682	0.748833	0.589808	0.644071	0.629800	0.652994	
3930.000000	0.674132	0.603571	0.616928	0.645873	0.763679	0.598494	0.650446	0.631401	0.652994	
3940.000000	0.675018	0.615972	0.617991	0.654557	0.762119	0.598691	0.654058	0.636274	0.654058	
3950.000000	0.668923	0.603177	0.607037	0.640183	0.754734	0.596766	0.645137	0.623610	0.654058	
3960.000000	0.671868	0.577695	0.601469	0.636579	0.756476	0.599387	0.640579	0.619024	0.654058	
3970.000000	0.656684	0.547848	0.613542	0.642443	0.766151	0.601091	0.637960	0.627992	0.654058	
3980.000000	0.660228	0.580639	0.608317	0.645506	0.756206	0.600568	0.641911	0.626911	0.654058	
3990.000000	0.650283	0.596973	0.604126	0.640130	0.761056	0.597445	0.641669	0.622128	0.654058	
4000.000000	0.657092	0.583577	0.617271	0.641935	0.758665	0.593651	0.642032	0.629603	0.654058	
4010.000000	0.661737	0.605905	0.603145	0.643924	0.749953	0.599813	0.644079	0.624914	0.654058	
4020.000000	0.668285	0.585269	0.608037	0.648076	0.752975	0.601502	0.644024	0.628057	0.654058	
4030.000000	0.674926	0.571050	0.627820	0.650817	0.748575	0.598395	0.645264	0.639318	0.654058	
4040.000000	0.673300	0.546453	0.632105	0.647544	0.764629	0.601089	0.644187	0.639824	0.654058	
4050.000000	0.672711	0.536969	0.622540	0.635672	0.749097	0.595315	0.635384	0.629106	0.654058	
4060.000000	0.682661	0.567873	0.628270	0.641980	0.753067	0.605106	0.646493	0.635125	0.654058	
4070.000000	0.672288	0.552751	0.619488	0.636084	0.749663	0.598329	0.638101	0.627786	0.654058	
4080.000000	0.672707	0.589863	0.609305	0.648666	0.768240	0.599173	0.647992	0.628985	0.654058	
4090.000000	0.659964	0.570696	0.619720	0.644985	0.764918	0.597668	0.642992	0.632353	0.654058	
4100.000000	0.666907	0.592169	0.605594	0.637178	0.681014	0.603642	0.631084	0.621386	0.654058	
4110.000000	0.677544	0.577850	0.622460	0.651582	0.765881	0.604431	0.649958	0.637021	0.654058	
4120.000000	0.667127	0.585114	0.625161	0.647523	0.762773	0.596217	0.647319	0.636342	0.654058	
4130.000000	0.664357	0.581488	0.603769	0.632922	0.748890	0.594517	0.637657	0.618346	0.654058	
4140.000000	0.657060	0.611412	0.584260	0.630000	0.737117	0.597673	0.636254	0.620706	0.654058	
4150.000000	0.673212	0.620782	0.608567	0.641337	0.754520	0.598095	0.649419	0.631060	0.654058	
4160.000000	0.675846	0.601994	0.618353	0.632783	0.758540	0.602073	0.648265	0.625568	0.654058	
4170.000000	0.678869	0.588127	0.621016	0.621231	0.756017	0.601907	0.644528	0.621123	0.654058	
4180.000000	0.668010	0.613697	0.609006	0.621361	0.742310	0.595736	0.641687	0.617529	0.654058	
4190.000000	0.673545	0.610380	0.617101	0.641224	0.744908	0.605536	0.648782	0.629162	0.654058	
4200.000000	0.666103	0.586171	0.621839	0.643348	0.749796	0.610367	0.646271	0.632593	0.654058	
4210.000000	0.620999	0.544699	0.623726	0.634238	0.739825	0.598278	0.626961	0.622363	0.654058	
4220.000000	0.666574	0.621507	0.610140	0.653949	0.757860	0.602921	0.652159	0.637728	0.654058	
4230.000000	0.646630	0.649513	0.601008	0.635196	0.729489	0.559949	0.636964	0.640913	0.654058	
4240.000000	0.649579	0.645583	0.600821	0.587421	0.746462	0.597310	0.637863	0.623202	0.654058	
4250.000000	0.649736	0.604039	0.596969	0.588287	0.749078	0.599149	0.631210	0.601594	0.654058	
4260.000000	0.668467	0.590792	0.610496	0.635793	0.758206	0.606096	0.644975	0.623145	0.654058	
4270.000000	0.665547	0.578321	0.599048	0.627868	0.743329	0.609286	0.637233	0.618577	0.654058	
4280.000000	0.658252	0.591264	0.586569	0.630560	0.732245	0.607207	0.634349	0.618884	0.654058	
4290.000000	0.641159	0.561615	0.626338	0.642459	0.765824	0.584050	0.636907	0.633748	0.654058	
4300.000000	0.670295	0.610108	0.625583	0.649639	0.774694	0.594012	0.654055	0.637611	0.654058	
4310.000000	0.664805	0.582932	0.609724	0.618459	0.763880	0.599413	0.639869	0.614091	0.654058	
4320.000000	0.669668	0.586639	0.598764	0.633581	0.757124	0.595852	0.640272	0.616173	0.654058	
4330.000000	0.657674	0.603289	0.604324	0.618772	0.728489	0.599702	0.635375	0.611548	0.654058	
4340.000000	0.673618	0.607764	0.606643	0.624532	0.754910	0.597048	0.644086	0.616148	0.654058	
4350.000000	0.673242	0.614846	0.619989	0.650919	0.767315	0.598558	0.654145	0.635454	0.654145	
4360.000000	0.658363	0.590067	0.618210	0.634375	0.760729	0.587013	0.641459	0.626292	0.654145	
4370.000000	0.676823	0.552348	0.627878	0.632638	0.750431	0.601874	0.640332	0.630258	0.654145	
4380.000000	0.674593	0.536566	0.619492	0.632226	0.742052	0.600915	0.634307	0.625859	0.654145	
4390.000000	0.675615	0.555534	0.607145	0.640798	0.728024	0.613031	0.636691	0.626915	0.654145	
4400.000000	0.669719	0.571924	0.624631	0.648726	0.570518	0.572348	0.609644	0.598489	0.654145	
4410.000000	0.678351	0.582815	0.625841	0.647719	0.760509	0.606993	0.650371	0.636780	0.654145	
4420.000000	0.674258	0.614013	0.614479	0.640377	0.757344	0.602218	0.650448	0.627428	0.654145	
4430.000000	0.639116	0.585722	0.614243	0.625217	0.754935	0.576531	0.632627	0.619730	0.654145	
4440.000000	0.628134	0.565805	0.612367	0.622404	0.750097	0.586165	0.627495	0.617385	0.654145	
4450.000000	0.665565	0.603202	0.617299	0.622584	0.739108	0.596043	0.640633	0.619942	0.654145	
4460.000000	0.669451	0.599657	0.604289	0.632411	0.753778	0.602439	0.643671	0.618350	0.654145	
4470.000000	0.640589	0.609072	0.586989	0.611014	0.709315	0.601376	0.626392	0.610043	0.654145	
4480.000000	0.647784	0.608298	0.592739	0.624930	0.737793	0.590683	0.633704	0.616614	0.654145	
4490.000000	0.640333	0.577918	0.601172	0.638365	0.747921	0.574295	0.630000	0.619768	0.654145	
4500.000000	0.669839	0.595646	0.615581	0.625802	0.753866	0.605153	0.644314	0.620691	0.654145	
4510.000000	0.655393	0.613536	0.613664	0.635032	0.729540	0.612291	0.643242	0.624348	0.654145	
4520.000000	0.659157	0.611564	0.606866	0.629346	0.716958	0.610811	0.639117	0.620455	0.654145	
4530.000000	0.664549	0.604194	0.619070	0.648548	0.751557	0.604584	0.648750	0.633809	0.654145	
4540.000000	0.623677	0.587631	0.620527	0.644141	0.751985	0.597438	0.637567	0.622102	0.654145	
4550.000000	0.672903	0.625480	0.620736	0.641989	0.755891	0.601235	0.653039	0.633734	0.654145	
4560.000000	0.672044	0.622672	0.616740	0.640632	0.758867	0.608329	0.653214	0.631652	0.654145	
4570.000000	0.675790	0.609314	0.597839	0.627509	0.733471	0.594866	0.639798	0.618412	0.654145	
4580.000000	0.675479	0.588710	0.611685	0.646355	0.747198	0.607140	0.646094	0.629020	0.654145	
4590.000000	0.672026	0.613269	0.615416	0.650715	0.761609	0.613485	0.654420	0.633066	0.654420	
4600.000000	0.659693	0.574465	0.600189	0.647800	0.748613	0.609467	0.640038	0.628633	0.654420	
4610.000000	0.668010	0.597158	0.602055	0.633461	0.752771	0.603097	0.642759	0.618279	0.654420	
4620.000000	0.674399	0.613901	0.614856	0.653662	0.772366	0.612189	0.656896	0.634259	0.656896	
4630.000000	0.665601	0.626689	0.609048	0.650199	0.772738	0.612205	0.656080	0.638444	0.656896	
4640.000000	0.677196	0.602626	0.617132	0.655742	0.778965	0.616693	0.658059	0.636437	0.658059	
4650.000000	0.660960	0.575655	0.626320	0.647453	0.781230	0.616138	0.651293	0.636887	0.658059	
4660.000000	0.674254	0.608632	0.627008	0.647220	0.770020	0.615084	0.657036	0.637114	0.658059	
4670.000000	0.678899	0.623621	0.631391	0.660900	0.774650	0.612179	0.663607	0.646145	0.663607	
4680.000000	0.676040	0.609234	0.623384	0.646639	0.771442	0.611074	0.656302	0.635011	0.663607	
4690.000000	0.665659	0.620732	0.627465	0.647530	0.776474	0.602119	0.656663	0.637498	0.663607	
4700.000000	0.664531	0.603816	0.626958	0.643678	0.770234	0.591213	0.650072	0.635318	0.663607	
4710.000000	0.648655	0.624154	0.605539	0.634578	0.736346	0.610661	0.643322	0.629366	0.663607	
4720.000000	0.672638	0.589131	0.613082	0.636593	0.735264	0.613812	0.643420	0.625202	0.663607	
4730.000000	0.655393	0.554604	0.601897	0.614227	0.711737	0.584828	0.620448	0.608062	0.663607	
4740.000000	0.659161	0.581513	0.596967	0.626635	0.742577	0.583097	0.631659	0.611801	0.663607	
4750.000000	0.666657	0.598516	0.574316	0.615400	0.745505	0.588748	0.631524	0.606958	0.663607	
4760.000000	0.664829	0.604634	0.601885	0.612430	0.731339	0.605823	0.636823	0.609127	0.663607	
4770.000000	0.681995	0.596464	0.621176	0.627968	0.748418	0.592091	0.644686	0.624572	0.663607	
4780.000000	0.679710	0.612420	0.632847	0.648036	0.765887	0.602269	0.656861	0.640442	0.663607	
4790.000000	0.662396	0.616040	0.616076	0.634365	0.749531	0.605002	0.647235	0.625221	0.663607	
4800.000000	0.664771	0.597673	0.621370	0.652850	0.764390	0.580406	0.646910	0.637110	0.663607	
4810.000000	0.670376	0.568861	0.615311	0.625770	0.761710	0.581614	0.637274	0.620540	0.663607	
4820.000000	0.672259	0.579691	0.625173	0.643145	0.764962	0.603593	0.648137	0.634159	0.663607	
4830.000000	0.674249	0.628611	0.609111	0.631092	0.747002	0.608021	0.649681	0.629852	0.663607	
4840.000000	0.680647	0.629317	0.626701	0.650090	0.769825	0.551680	0.651377	0.639704	0.663607	
4850.000000	0.687048	0.588735	0.634160	0.635832	0.769102	0.598369	0.652207	0.634996	0.663607	
4860.000000	0.674695	0.601907	0.594783	0.608678	0.733308	0.610778	0.637358	0.609728	0.663607	
4870.000000	0.673818	0.566010	0.622544	0.646563	0.751161	0.601023	0.643520	0.634553	0.663607	
4880.000000	0.665966	0.577757	0.628700	0.654791	0.766139	0.598656	0.648668	0.641745	0.663607	
4890.000000	0.671759	0.606277	0.619441	0.648050	0.766220	0.607044	0.653132	0.633745	0.663607	
4900.000000	0.680472	0.600394	0.614406	0.645598	0.618560	0.605880	0.627552	0.616483	0.663607	
4910.000000	0.682507	0.596725	0.628292	0.653805	0.771209	0.614749	0.657881	0.641048	0.663607	
4920.000000	0.674345	0.578438	0.631694	0.650190	0.761175	0.597862	0.648951	0.640942	0.663607	
4930.000000	0.668017	0.594103	0.625532	0.650562	0.753167	0.605419	0.649467	0.638047	0.663607	
4940.000000	0.679962	0.595962	0.629274	0.630620	0.774581	0.612024	0.653737	0.629947	0.663607	
4950.000000	0.661914	0.567808	0.634163	0.650282	0.772631	0.596336	0.647189	0.642223	0.663607	
4960.000000	0.671540	0.613219	0.626325	0.648693	0.768447	0.596488	0.654119	0.637509	0.663607	
4970.000000	0.668704	0.588071	0.622015	0.646133	0.771907	0.605320	0.650358	0.634074	0.663607	
4980.000000	0.678944	0.610151	0.616762	0.643153	0.742300	0.603494	0.649134	0.629957	0.663607	
4990.000000	0.687850	0.579188	0.632637	0.650131	0.773077	0.613602	0.656081	0.641384	0.663607	
5000.000000	0.667588	0.621873	0.626546	0.653054	0.774857	0.616536	0.660076	0.639800	0.663607	
