Epoch	AUC-12	AUC-13	AUC-14	AUC-15	AUC-16	AUC-Avg	AUC-Mid	AUC-Best	
1.000000	0.374127	0.347421	0.275765	0.480651	0.469013	0.389395	0.374127	0.389395	
10.000000	0.497856	0.718111	0.683884	0.407340	0.487733	0.558985	0.497856	0.558985	
20.000000	0.444026	0.506098	0.659228	0.472919	0.412324	0.498919	0.472919	0.558985	
30.000000	0.647037	0.496056	0.723116	0.520778	0.533281	0.584054	0.533281	0.584054	
40.000000	0.431058	0.310862	0.533853	0.479776	0.489481	0.449006	0.479776	0.584054	
50.000000	0.353894	0.712724	0.536132	0.556803	0.488146	0.529540	0.536132	0.584054	
60.000000	0.283251	0.344229	0.361503	0.404218	0.571990	0.393038	0.361503	0.584054	
70.000000	0.659722	0.403784	0.348459	0.508103	0.584687	0.500951	0.508103	0.584054	
80.000000	0.595240	0.416029	0.560600	0.542322	0.373767	0.497592	0.542322	0.584054	
90.000000	0.539906	0.685488	0.559186	0.642455	0.577276	0.600862	0.577276	0.600862	
100.000000	0.567319	0.572087	0.679695	0.599074	0.390480	0.561731	0.572087	0.600862	
110.000000	0.377696	0.511256	0.488944	0.653372	0.589132	0.524080	0.511256	0.600862	
120.000000	0.673740	0.707038	0.697654	0.652784	0.441012	0.634445	0.673740	0.634445	
130.000000	0.582901	0.485846	0.466848	0.360195	0.697433	0.518645	0.485846	0.634445	
140.000000	0.684719	0.602596	0.492821	0.453175	0.647974	0.576257	0.602596	0.634445	
150.000000	0.573344	0.744095	0.798558	0.582966	0.506511	0.641095	0.582966	0.641095	
160.000000	0.376087	0.551163	0.777624	0.657628	0.424564	0.557413	0.551163	0.641095	
170.000000	0.619719	0.631502	0.780582	0.489066	0.551147	0.614403	0.619719	0.641095	
180.000000	0.366435	0.330767	0.419497	0.431788	0.561464	0.421990	0.419497	0.641095	
190.000000	0.604505	0.448990	0.508479	0.512744	0.562370	0.527417	0.512744	0.641095	
200.000000	0.556728	0.504158	0.507477	0.541169	0.662854	0.554477	0.541169	0.641095	
210.000000	0.699486	0.720589	0.668085	0.542337	0.458433	0.617786	0.668085	0.641095	
220.000000	0.643659	0.542636	0.672795	0.573589	0.549162	0.596368	0.573589	0.641095	
230.000000	0.644295	0.639547	0.326482	0.621692	0.592378	0.564879	0.621692	0.641095	
240.000000	0.604907	0.375370	0.779205	0.596467	0.480792	0.567348	0.596467	0.641095	
250.000000	0.367914	0.436439	0.255076	0.456140	0.447406	0.392595	0.436439	0.641095	
260.000000	0.557977	0.676111	0.572826	0.543919	0.531527	0.576472	0.557977	0.641095	
270.000000	0.395713	0.541238	0.378201	0.462324	0.459722	0.447440	0.459722	0.641095	
280.000000	0.683303	0.680511	0.725476	0.571908	0.472584	0.626756	0.680511	0.641095	
290.000000	0.721707	0.707923	0.675618	0.685037	0.527909	0.663639	0.685037	0.663639	
300.000000	0.723690	0.762640	0.714342	0.702436	0.460310	0.672683	0.714342	0.672683	
310.000000	0.513806	0.456396	0.523078	0.439266	0.538872	0.494284	0.513806	0.672683	
320.000000	0.409357	0.619986	0.501852	0.546771	0.381189	0.491831	0.501852	0.672683	
330.000000	0.549001	0.608346	0.533042	0.541630	0.373149	0.521033	0.541630	0.672683	
340.000000	0.563163	0.644083	0.651515	0.458165	0.617473	0.586880	0.617473	0.672683	
350.000000	0.495021	0.499918	0.588547	0.493399	0.548202	0.525017	0.499918	0.672683	
360.000000	0.388572	0.425554	0.384015	0.285789	0.633239	0.423434	0.388572	0.672683	
370.000000	0.685831	0.581419	0.636008	0.613429	0.545710	0.612479	0.613429	0.672683	
380.000000	0.457462	0.523191	0.383414	0.386306	0.588207	0.467716	0.457462	0.672683	
390.000000	0.575023	0.556034	0.668097	0.544042	0.615317	0.591703	0.575023	0.672683	
400.000000	0.612749	0.592591	0.555351	0.441775	0.576671	0.555827	0.576671	0.672683	
410.000000	0.655212	0.569588	0.440169	0.417208	0.580135	0.532463	0.569588	0.672683	
420.000000	0.603601	0.648793	0.514969	0.488586	0.541873	0.559564	0.541873	0.672683	
430.000000	0.480023	0.489181	0.328542	0.406040	0.338149	0.408387	0.406040	0.672683	
440.000000	0.430127	0.653559	0.571690	0.468583	0.606540	0.546100	0.571690	0.672683	
450.000000	0.598385	0.538401	0.657535	0.710129	0.476131	0.596116	0.598385	0.672683	
460.000000	0.429218	0.453568	0.540096	0.623423	0.595145	0.528290	0.540096	0.672683	
470.000000	0.557975	0.543808	0.655161	0.579083	0.414173	0.550040	0.557975	0.672683	
480.000000	0.529488	0.628730	0.512414	0.495138	0.557716	0.544697	0.529488	0.672683	
490.000000	0.514902	0.567164	0.522438	0.369325	0.605467	0.515859	0.522438	0.672683	
500.000000	0.447011	0.465010	0.320163	0.445460	0.406429	0.416815	0.445460	0.672683	
510.000000	0.506717	0.619124	0.493656	0.455507	0.672450	0.549491	0.506717	0.672683	
520.000000	0.621389	0.665769	0.666768	0.466357	0.496682	0.583393	0.621389	0.672683	
530.000000	0.596566	0.645328	0.630119	0.449081	0.701801	0.604579	0.630119	0.672683	
540.000000	0.684199	0.611397	0.497555	0.662325	0.389769	0.569049	0.611397	0.672683	
550.000000	0.581966	0.446856	0.680124	0.666332	0.522469	0.579549	0.581966	0.672683	
560.000000	0.615649	0.464747	0.656736	0.712723	0.621413	0.614254	0.621413	0.672683	
570.000000	0.594828	0.425578	0.561172	0.636775	0.608548	0.565380	0.594828	0.672683	
580.000000	0.542472	0.451743	0.547024	0.335524	0.505894	0.476531	0.505894	0.672683	
590.000000	0.430149	0.493489	0.354932	0.470358	0.493728	0.448531	0.470358	0.672683	
600.000000	0.573477	0.529524	0.532233	0.401829	0.526069	0.512627	0.529524	0.672683	
610.000000	0.574282	0.580638	0.496644	0.508737	0.531577	0.538376	0.531577	0.672683	
620.000000	0.443955	0.520032	0.441447	0.513935	0.535739	0.491022	0.513935	0.672683	
630.000000	0.487299	0.432315	0.432487	0.396680	0.584648	0.466686	0.432487	0.672683	
640.000000	0.532193	0.514364	0.514126	0.427307	0.691139	0.535826	0.514364	0.672683	
650.000000	0.624857	0.537964	0.691872	0.462413	0.641095	0.591640	0.624857	0.672683	
660.000000	0.703405	0.720591	0.578249	0.497476	0.551560	0.610256	0.578249	0.672683	
670.000000	0.737346	0.660906	0.650830	0.352531	0.397383	0.559799	0.650830	0.672683	
680.000000	0.728466	0.529240	0.689060	0.474486	0.408813	0.566013	0.529240	0.672683	
690.000000	0.696082	0.597489	0.753975	0.472962	0.440382	0.592178	0.597489	0.672683	
700.000000	0.692777	0.714047	0.765702	0.528290	0.596167	0.659396	0.692777	0.672683	
710.000000	0.600986	0.668928	0.754944	0.563232	0.569435	0.631505	0.600986	0.672683	
720.000000	0.313792	0.411000	0.503708	0.353817	0.421563	0.400776	0.411000	0.672683	
730.000000	0.516742	0.441032	0.713433	0.523809	0.450472	0.529097	0.516742	0.672683	
740.000000	0.726407	0.753112	0.748429	0.568614	0.419410	0.643194	0.726407	0.672683	
750.000000	0.702629	0.770302	0.781706	0.637107	0.444361	0.667221	0.702629	0.672683	
760.000000	0.598088	0.759289	0.694065	0.550970	0.430022	0.606487	0.598088	0.672683	
770.000000	0.617834	0.619177	0.467935	0.539929	0.462755	0.541526	0.539929	0.672683	
780.000000	0.368885	0.393564	0.371584	0.490279	0.406113	0.406085	0.393564	0.672683	
790.000000	0.370541	0.342107	0.246589	0.462981	0.528969	0.390238	0.370541	0.672683	
800.000000	0.631676	0.581211	0.441061	0.544796	0.478367	0.535422	0.544796	0.672683	
810.000000	0.758724	0.747101	0.729995	0.536262	0.427798	0.639976	0.729995	0.672683	
820.000000	0.722491	0.717944	0.679993	0.548315	0.429564	0.619661	0.679993	0.672683	
830.000000	0.424082	0.356222	0.397877	0.480743	0.594876	0.450760	0.424082	0.672683	
840.000000	0.621524	0.495077	0.367544	0.562975	0.527460	0.514916	0.527460	0.672683	
850.000000	0.699477	0.706695	0.746468	0.546653	0.412153	0.622289	0.699477	0.672683	
860.000000	0.301996	0.363697	0.397838	0.414103	0.490060	0.393539	0.397838	0.672683	
870.000000	0.720394	0.283059	0.316912	0.575997	0.547494	0.488771	0.547494	0.672683	
880.000000	0.556066	0.610079	0.629076	0.456212	0.408012	0.531889	0.556066	0.672683	
890.000000	0.345753	0.592609	0.754937	0.558615	0.468730	0.544129	0.558615	0.672683	
900.000000	0.698318	0.668183	0.636589	0.468484	0.480606	0.590436	0.636589	0.672683	
910.000000	0.711008	0.756307	0.732909	0.445641	0.388162	0.606805	0.711008	0.672683	
920.000000	0.719252	0.742490	0.725747	0.580774	0.506537	0.654960	0.719252	0.672683	
930.000000	0.744018	0.720671	0.758058	0.556008	0.443094	0.644370	0.720671	0.672683	
940.000000	0.756458	0.720523	0.755112	0.534321	0.595715	0.672426	0.720523	0.672683	
950.000000	0.743724	0.679578	0.767626	0.552828	0.491746	0.647100	0.679578	0.672683	
960.000000	0.709267	0.694377	0.784754	0.606516	0.464436	0.651870	0.694377	0.672683	
970.000000	0.224298	0.371728	0.229894	0.425563	0.553832	0.361063	0.371728	0.672683	
980.000000	0.508991	0.553439	0.406734	0.611759	0.444219	0.505028	0.508991	0.672683	
990.000000	0.615841	0.641483	0.797613	0.609093	0.384393	0.609684	0.615841	0.672683	
1000.000000	0.622273	0.592284	0.629080	0.582370	0.506331	0.586468	0.592284	0.672683	
1010.000000	0.380828	0.332676	0.434952	0.466202	0.407962	0.404524	0.407962	0.672683	
1020.000000	0.653377	0.650312	0.670205	0.568997	0.412171	0.591012	0.650312	0.672683	
1030.000000	0.671547	0.637912	0.670967	0.609623	0.459045	0.609819	0.637912	0.672683	
1040.000000	0.633038	0.569548	0.678628	0.628600	0.497967	0.601556	0.628600	0.672683	
1050.000000	0.707233	0.631406	0.691090	0.605115	0.484342	0.623837	0.631406	0.672683	
1060.000000	0.680946	0.696289	0.758229	0.579643	0.492181	0.641457	0.680946	0.672683	
1070.000000	0.459257	0.551889	0.673733	0.585994	0.415216	0.537218	0.551889	0.672683	
1080.000000	0.688826	0.727523	0.742098	0.599898	0.518313	0.655331	0.688826	0.672683	
1090.000000	0.684315	0.711970	0.735933	0.595077	0.498454	0.645150	0.684315	0.672683	
1100.000000	0.727516	0.740503	0.729875	0.567775	0.512353	0.655604	0.727516	0.672683	
1110.000000	0.705834	0.700200	0.750782	0.574522	0.498079	0.645883	0.700200	0.672683	
1120.000000	0.541523	0.611728	0.615367	0.574369	0.458676	0.560333	0.574369	0.672683	
1130.000000	0.300683	0.476621	0.253823	0.407221	0.448377	0.377345	0.407221	0.672683	
1140.000000	0.274430	0.378556	0.393937	0.373098	0.422410	0.368486	0.378556	0.672683	
1150.000000	0.578286	0.626931	0.734013	0.491210	0.488805	0.583849	0.578286	0.672683	
1160.000000	0.613313	0.520922	0.676375	0.428453	0.489540	0.545721	0.520922	0.672683	
1170.000000	0.556342	0.472757	0.571502	0.562711	0.460694	0.524801	0.556342	0.672683	
1180.000000	0.713675	0.700089	0.707082	0.594987	0.411890	0.625545	0.700089	0.672683	
1190.000000	0.735880	0.701233	0.734262	0.549437	0.495078	0.643178	0.701233	0.672683	
1200.000000	0.694238	0.650622	0.527846	0.584066	0.445427	0.580440	0.584066	0.672683	
1210.000000	0.681091	0.682624	0.606925	0.617910	0.540402	0.625790	0.617910	0.672683	
1220.000000	0.705594	0.627697	0.732215	0.581258	0.398762	0.609105	0.627697	0.672683	
1230.000000	0.452507	0.638356	0.595721	0.592390	0.433384	0.542472	0.592390	0.672683	
1240.000000	0.694202	0.659682	0.779549	0.581060	0.378669	0.618633	0.659682	0.672683	
1250.000000	0.735216	0.714373	0.767533	0.588874	0.424504	0.646100	0.714373	0.672683	
1260.000000	0.708621	0.692937	0.745222	0.603965	0.453726	0.640894	0.692937	0.672683	
1270.000000	0.699242	0.655226	0.715849	0.570309	0.528249	0.633775	0.655226	0.672683	
1280.000000	0.665699	0.675984	0.694908	0.581835	0.481451	0.619975	0.665699	0.672683	
1290.000000	0.252537	0.321975	0.344368	0.424158	0.584790	0.385566	0.344368	0.672683	
1300.000000	0.241078	0.330680	0.449170	0.385123	0.568853	0.394981	0.385123	0.672683	
1310.000000	0.609063	0.661472	0.701772	0.590899	0.486197	0.609881	0.609063	0.672683	
1320.000000	0.721445	0.687222	0.728036	0.587953	0.471441	0.639219	0.687222	0.672683	
1330.000000	0.723933	0.584802	0.744030	0.563030	0.474802	0.618120	0.584802	0.672683	
1340.000000	0.718154	0.658005	0.717688	0.605777	0.475180	0.634961	0.658005	0.672683	
1350.000000	0.729430	0.665123	0.671395	0.599908	0.475112	0.628193	0.665123	0.672683	
1360.000000	0.680575	0.652518	0.634335	0.591819	0.500577	0.611965	0.634335	0.672683	
1370.000000	0.640334	0.390343	0.305138	0.445738	0.505049	0.457321	0.445738	0.672683	
1380.000000	0.392200	0.510599	0.276193	0.400093	0.619925	0.439802	0.400093	0.672683	
1390.000000	0.418943	0.391257	0.378975	0.420808	0.522034	0.426404	0.418943	0.672683	
1400.000000	0.481416	0.408578	0.426576	0.520076	0.688499	0.505029	0.481416	0.672683	
1410.000000	0.405735	0.440427	0.402066	0.487264	0.667402	0.480579	0.440427	0.672683	
1420.000000	0.431370	0.475374	0.446777	0.489497	0.564495	0.481503	0.475374	0.672683	
1430.000000	0.459142	0.486101	0.463995	0.484492	0.529569	0.484660	0.484492	0.672683	
1440.000000	0.467459	0.509417	0.465757	0.470295	0.318324	0.446250	0.467459	0.672683	
1450.000000	0.525850	0.415901	0.485708	0.551202	0.349194	0.465571	0.485708	0.672683	
1460.000000	0.573433	0.417159	0.462803	0.537529	0.590830	0.516351	0.537529	0.672683	
1470.000000	0.524401	0.413872	0.379344	0.590945	0.538525	0.489418	0.524401	0.672683	
1480.000000	0.485991	0.507498	0.541042	0.490615	0.518862	0.508802	0.507498	0.672683	
1490.000000	0.462059	0.566525	0.511085	0.504292	0.540644	0.516921	0.511085	0.672683	
1500.000000	0.458199	0.529752	0.480141	0.480493	0.477732	0.485264	0.480141	0.672683	
1510.000000	0.551833	0.527774	0.510027	0.517224	0.469424	0.515256	0.517224	0.672683	
1520.000000	0.415737	0.552203	0.528352	0.498583	0.416117	0.482198	0.498583	0.672683	
1530.000000	0.477941	0.504411	0.482098	0.488222	0.503150	0.491164	0.488222	0.672683	
1540.000000	0.427489	0.558257	0.439673	0.463184	0.531867	0.484094	0.463184	0.672683	
1550.000000	0.390677	0.519720	0.417345	0.415704	0.505492	0.449788	0.417345	0.672683	
1560.000000	0.419554	0.529846	0.400312	0.464707	0.371097	0.437103	0.419554	0.672683	
1570.000000	0.546897	0.481018	0.551750	0.534842	0.583201	0.539542	0.546897	0.672683	
1580.000000	0.579308	0.424610	0.472740	0.523089	0.523238	0.504597	0.523089	0.672683	
1590.000000	0.531267	0.422407	0.549994	0.519456	0.576733	0.519971	0.531267	0.672683	
1600.000000	0.528517	0.464500	0.444852	0.508139	0.533494	0.495900	0.508139	0.672683	
1610.000000	0.411364	0.520152	0.474066	0.502284	0.394816	0.460536	0.474066	0.672683	
1620.000000	0.391452	0.489582	0.486094	0.484902	0.527326	0.475871	0.486094	0.672683	
1630.000000	0.416160	0.489345	0.458787	0.494787	0.535948	0.479006	0.489345	0.672683	
1640.000000	0.594773	0.511658	0.464867	0.486023	0.508809	0.513226	0.508809	0.672683	
1650.000000	0.494437	0.586773	0.501114	0.509304	0.542738	0.526873	0.509304	0.672683	
1660.000000	0.511474	0.582857	0.507304	0.529353	0.461971	0.518592	0.511474	0.672683	
1670.000000	0.570250	0.599791	0.583192	0.527115	0.461786	0.548427	0.570250	0.672683	
1680.000000	0.623863	0.657427	0.666773	0.525022	0.466222	0.587862	0.623863	0.672683	
1690.000000	0.666811	0.660913	0.679247	0.518068	0.394125	0.583833	0.660913	0.672683	
1700.000000	0.655521	0.513067	0.713325	0.528021	0.419803	0.565947	0.528021	0.672683	
1710.000000	0.575197	0.689068	0.711455	0.495468	0.502609	0.594759	0.575197	0.672683	
1720.000000	0.590117	0.624255	0.660151	0.514155	0.441599	0.566055	0.590117	0.672683	
1730.000000	0.665468	0.679886	0.621183	0.532638	0.455035	0.590842	0.621183	0.672683	
1740.000000	0.639050	0.416578	0.703709	0.492348	0.417041	0.533745	0.492348	0.672683	
1750.000000	0.657344	0.664707	0.657562	0.518075	0.618504	0.623238	0.657344	0.672683	
1760.000000	0.675140	0.465544	0.674639	0.560734	0.611673	0.597546	0.611673	0.672683	
1770.000000	0.674965	0.600658	0.703064	0.539055	0.492541	0.602057	0.600658	0.672683	
1780.000000	0.652312	0.661089	0.682871	0.526992	0.485451	0.601743	0.652312	0.672683	
1790.000000	0.536740	0.621270	0.590464	0.539640	0.466172	0.550857	0.539640	0.672683	
1800.000000	0.484127	0.579656	0.540707	0.503745	0.447298	0.511107	0.503745	0.672683	
1810.000000	0.443439	0.583987	0.480874	0.443982	0.453304	0.481117	0.453304	0.672683	
1820.000000	0.458174	0.542270	0.521460	0.490841	0.465307	0.495610	0.490841	0.672683	
1830.000000	0.406617	0.477889	0.420435	0.402961	0.536427	0.448866	0.420435	0.672683	
1840.000000	0.452850	0.492260	0.535668	0.586289	0.571603	0.527734	0.535668	0.672683	
1850.000000	0.470229	0.513067	0.598961	0.523862	0.593662	0.539956	0.523862	0.672683	
1860.000000	0.394073	0.513862	0.354126	0.486303	0.573537	0.464380	0.486303	0.672683	
1870.000000	0.615754	0.480515	0.653009	0.369329	0.530823	0.529886	0.530823	0.672683	
1880.000000	0.586644	0.498364	0.693676	0.573710	0.393452	0.549169	0.573710	0.672683	
1890.000000	0.441981	0.508661	0.307217	0.503418	0.598920	0.472039	0.503418	0.672683	
1900.000000	0.374643	0.481758	0.357780	0.495780	0.522209	0.446434	0.481758	0.672683	
1910.000000	0.394893	0.477962	0.344751	0.349147	0.488563	0.411063	0.394893	0.672683	
1920.000000	0.377169	0.447266	0.362470	0.428114	0.479218	0.418847	0.428114	0.672683	
1930.000000	0.532207	0.600120	0.434986	0.549859	0.624125	0.548259	0.549859	0.672683	
1940.000000	0.677576	0.599642	0.722085	0.619050	0.608282	0.645327	0.619050	0.672683	
1950.000000	0.642737	0.589518	0.703360	0.596854	0.529390	0.612372	0.596854	0.672683	
1960.000000	0.700107	0.572597	0.713951	0.634561	0.575853	0.639414	0.634561	0.672683	
1970.000000	0.565322	0.500120	0.717324	0.617103	0.403092	0.560592	0.565322	0.672683	
1980.000000	0.711792	0.600345	0.699079	0.628253	0.534253	0.634745	0.628253	0.672683	
1990.000000	0.658276	0.553431	0.683024	0.609827	0.513676	0.603647	0.609827	0.672683	
2000.000000	0.451588	0.510878	0.516580	0.538553	0.417493	0.487018	0.510878	0.672683	
2010.000000	0.479106	0.494008	0.475504	0.444924	0.393463	0.457401	0.475504	0.672683	
2020.000000	0.499665	0.498692	0.500608	0.459596	0.392867	0.470286	0.498692	0.672683	
2030.000000	0.530932	0.540466	0.480361	0.488501	0.351595	0.478371	0.488501	0.672683	
2040.000000	0.530303	0.535094	0.553617	0.539826	0.390962	0.509960	0.535094	0.672683	
2050.000000	0.589005	0.630446	0.604600	0.543524	0.539045	0.581324	0.589005	0.672683	
2060.000000	0.648163	0.643035	0.589495	0.566452	0.559836	0.601396	0.589495	0.672683	
2070.000000	0.618277	0.578761	0.608418	0.563936	0.449745	0.563827	0.578761	0.672683	
2080.000000	0.611442	0.587936	0.580987	0.480779	0.433731	0.538975	0.580987	0.672683	
2090.000000	0.627569	0.612640	0.528347	0.510803	0.399060	0.535684	0.528347	0.672683	
2100.000000	0.593142	0.549657	0.556643	0.534157	0.465827	0.539885	0.549657	0.672683	
2110.000000	0.611072	0.600881	0.568173	0.507245	0.481436	0.553761	0.568173	0.672683	
2120.000000	0.548126	0.542594	0.538909	0.437859	0.450160	0.503530	0.538909	0.672683	
2130.000000	0.429833	0.498713	0.494191	0.457077	0.450415	0.466046	0.457077	0.672683	
2140.000000	0.495300	0.524234	0.441669	0.452477	0.488447	0.480426	0.488447	0.672683	
2150.000000	0.498796	0.507160	0.468204	0.498091	0.411931	0.476836	0.498091	0.672683	
2160.000000	0.428883	0.496653	0.364549	0.470843	0.418809	0.435947	0.428883	0.672683	
2170.000000	0.358374	0.437496	0.303889	0.503573	0.394509	0.399568	0.394509	0.672683	
2180.000000	0.303154	0.401571	0.277976	0.393015	0.440969	0.363337	0.393015	0.672683	
2190.000000	0.351215	0.443193	0.297180	0.414287	0.437098	0.388595	0.414287	0.672683	
2200.000000	0.529361	0.529707	0.397313	0.434621	0.429765	0.464153	0.434621	0.672683	
2210.000000	0.563636	0.561010	0.506138	0.435807	0.443652	0.502049	0.506138	0.672683	
2220.000000	0.506077	0.677126	0.672926	0.523724	0.442544	0.564480	0.523724	0.672683	
2230.000000	0.639375	0.686755	0.693604	0.511554	0.557949	0.617848	0.639375	0.672683	
2240.000000	0.589303	0.565917	0.637891	0.542918	0.532304	0.573666	0.565917	0.672683	
2250.000000	0.633742	0.577621	0.649245	0.551248	0.612597	0.604891	0.612597	0.672683	
2260.000000	0.629440	0.611094	0.574705	0.580917	0.568965	0.593024	0.580917	0.672683	
2270.000000	0.416333	0.613053	0.505765	0.444024	0.548598	0.505555	0.505765	0.672683	
2280.000000	0.576382	0.499784	0.504182	0.506923	0.562226	0.529899	0.506923	0.672683	
2290.000000	0.528913	0.581905	0.487685	0.504164	0.613191	0.543172	0.528913	0.672683	
2300.000000	0.632036	0.484315	0.554156	0.572652	0.522333	0.553098	0.554156	0.672683	
2310.000000	0.652150	0.606413	0.645954	0.590192	0.614065	0.621755	0.614065	0.672683	
2320.000000	0.607675	0.570020	0.677274	0.604696	0.556880	0.603309	0.604696	0.672683	
2330.000000	0.647240	0.604151	0.683013	0.580846	0.607408	0.624532	0.607408	0.672683	
2340.000000	0.686512	0.537910	0.641052	0.421159	0.558351	0.568997	0.558351	0.672683	
2350.000000	0.625219	0.601637	0.630916	0.549538	0.618647	0.605192	0.618647	0.672683	
2360.000000	0.616915	0.606779	0.624812	0.536332	0.641598	0.605287	0.616915	0.672683	
2370.000000	0.685937	0.541092	0.635490	0.579761	0.630058	0.614468	0.630058	0.672683	
2380.000000	0.660360	0.589427	0.604131	0.561197	0.660509	0.615125	0.604131	0.672683	
2390.000000	0.669119	0.582676	0.554542	0.579599	0.354982	0.548184	0.579599	0.672683	
2400.000000	0.702808	0.603991	0.661580	0.590848	0.558020	0.623449	0.603991	0.672683	
2410.000000	0.680264	0.604374	0.612178	0.587905	0.561466	0.609238	0.604374	0.672683	
2420.000000	0.636248	0.522477	0.553165	0.662001	0.411370	0.557052	0.553165	0.672683	
2430.000000	0.562873	0.452847	0.502393	0.704190	0.485822	0.541625	0.502393	0.672683	
2440.000000	0.609800	0.493266	0.601506	0.635314	0.589844	0.585946	0.601506	0.672683	
2450.000000	0.639507	0.564606	0.575620	0.670843	0.531297	0.596375	0.575620	0.672683	
2460.000000	0.605239	0.516431	0.593410	0.658328	0.497961	0.574274	0.593410	0.672683	
2470.000000	0.444084	0.345100	0.458116	0.640917	0.403677	0.458379	0.444084	0.672683	
2480.000000	0.492643	0.369976	0.536184	0.568086	0.479711	0.489320	0.492643	0.672683	
2490.000000	0.511898	0.666318	0.639491	0.494110	0.407444	0.543852	0.511898	0.672683	
2500.000000	0.450733	0.512814	0.554965	0.402970	0.498767	0.484050	0.498767	0.672683	
2510.000000	0.631617	0.634675	0.576607	0.473505	0.449910	0.553263	0.576607	0.672683	
2520.000000	0.608672	0.603249	0.433020	0.608550	0.567825	0.564263	0.603249	0.672683	
2530.000000	0.578168	0.615910	0.650564	0.563583	0.525744	0.586794	0.578168	0.672683	
2540.000000	0.589117	0.487917	0.638966	0.590131	0.516745	0.564575	0.589117	0.672683	
2550.000000	0.654263	0.702671	0.717872	0.604705	0.476920	0.631286	0.654263	0.672683	
2560.000000	0.644801	0.723382	0.698533	0.619693	0.541926	0.645667	0.644801	0.672683	
2570.000000	0.608057	0.656589	0.700856	0.611915	0.504653	0.616414	0.611915	0.672683	
2580.000000	0.555678	0.611362	0.614992	0.649041	0.532469	0.592708	0.611362	0.672683	
2590.000000	0.535666	0.629703	0.671566	0.669997	0.476043	0.596595	0.629703	0.672683	
2600.000000	0.585894	0.633987	0.670442	0.621161	0.501460	0.602589	0.621161	0.672683	
2610.000000	0.558276	0.662626	0.668622	0.557907	0.506325	0.590751	0.558276	0.672683	
2620.000000	0.688821	0.689982	0.751859	0.595238	0.455950	0.636370	0.688821	0.672683	
2630.000000	0.706619	0.702636	0.728988	0.580092	0.433900	0.630447	0.702636	0.672683	
2640.000000	0.674619	0.584074	0.626569	0.588910	0.572368	0.609308	0.588910	0.672683	
2650.000000	0.562199	0.613391	0.699666	0.500470	0.538645	0.582874	0.562199	0.672683	
2660.000000	0.636654	0.609396	0.604643	0.504580	0.418847	0.554824	0.604643	0.672683	
2670.000000	0.667889	0.480271	0.707495	0.613458	0.595724	0.612967	0.613458	0.672683	
2680.000000	0.618011	0.463346	0.604720	0.618651	0.576485	0.576242	0.604720	0.672683	
2690.000000	0.501786	0.622649	0.384112	0.494822	0.528074	0.506289	0.501786	0.672683	
2700.000000	0.444994	0.482425	0.495559	0.549693	0.561077	0.506750	0.495559	0.672683	
2710.000000	0.641533	0.576703	0.600782	0.565415	0.498215	0.576530	0.576703	0.672683	
2720.000000	0.639187	0.655421	0.577540	0.438139	0.448950	0.551848	0.577540	0.672683	
2730.000000	0.499278	0.605163	0.581500	0.448916	0.476837	0.522339	0.499278	0.672683	
2740.000000	0.497152	0.532418	0.572641	0.534079	0.466414	0.520541	0.532418	0.672683	
2750.000000	0.615523	0.484450	0.553830	0.570119	0.519081	0.548601	0.553830	0.672683	
2760.000000	0.609374	0.511501	0.518282	0.570048	0.476571	0.537155	0.518282	0.672683	
2770.000000	0.607138	0.508447	0.572249	0.547048	0.502725	0.547521	0.547048	0.672683	
2780.000000	0.598774	0.530252	0.587267	0.492639	0.494766	0.540740	0.530252	0.672683	
2790.000000	0.582119	0.573134	0.635238	0.543999	0.525969	0.572092	0.573134	0.672683	
2800.000000	0.582378	0.587360	0.651753	0.499784	0.545597	0.573375	0.582378	0.672683	
2810.000000	0.578946	0.606796	0.653136	0.490735	0.536644	0.573251	0.578946	0.672683	
2820.000000	0.526349	0.609923	0.657723	0.486600	0.603754	0.576870	0.603754	0.672683	
2830.000000	0.578055	0.576839	0.596166	0.464429	0.575324	0.558163	0.576839	0.672683	
2840.000000	0.523057	0.572538	0.496095	0.453446	0.589548	0.526937	0.523057	0.672683	
2850.000000	0.506452	0.628037	0.532404	0.475075	0.376312	0.503656	0.506452	0.672683	
2860.000000	0.524346	0.499434	0.439687	0.464383	0.604490	0.506468	0.499434	0.672683	
2870.000000	0.491276	0.535178	0.399843	0.425788	0.580853	0.486588	0.491276	0.672683	
2880.000000	0.392789	0.410680	0.299401	0.410217	0.558925	0.414402	0.410217	0.672683	
2890.000000	0.406348	0.385473	0.358623	0.535104	0.562178	0.449545	0.406348	0.672683	
2900.000000	0.618289	0.568423	0.589697	0.585027	0.627743	0.597836	0.589697	0.672683	
2910.000000	0.609424	0.673975	0.644743	0.531982	0.581792	0.608383	0.609424	0.672683	
2920.000000	0.641446	0.635843	0.680494	0.548118	0.556711	0.612522	0.635843	0.672683	
2930.000000	0.591660	0.630117	0.577494	0.500200	0.621576	0.584209	0.591660	0.672683	
2940.000000	0.495703	0.575085	0.562167	0.476889	0.372863	0.496541	0.495703	0.672683	
2950.000000	0.618600	0.588112	0.580708	0.534401	0.615902	0.587545	0.588112	0.672683	
2960.000000	0.615047	0.608989	0.524099	0.512315	0.482665	0.548623	0.524099	0.672683	
2970.000000	0.568796	0.601076	0.456994	0.447414	0.449742	0.504805	0.456994	0.672683	
2980.000000	0.575645	0.574119	0.451757	0.482203	0.448507	0.506446	0.482203	0.672683	
2990.000000	0.420911	0.459036	0.292835	0.396648	0.424230	0.398732	0.420911	0.672683	
3000.000000	0.462327	0.461351	0.329204	0.431105	0.552065	0.447211	0.461351	0.672683	
3010.000000	0.575706	0.597595	0.477068	0.518690	0.452613	0.524334	0.518690	0.672683	
3020.000000	0.620525	0.593764	0.576597	0.493121	0.473899	0.551581	0.576597	0.672683	
3030.000000	0.564605	0.611710	0.612954	0.542420	0.537271	0.573792	0.564605	0.672683	
3040.000000	0.663178	0.656577	0.707099	0.623246	0.498179	0.629656	0.656577	0.672683	
3050.000000	0.685975	0.710084	0.738534	0.628585	0.478754	0.648386	0.685975	0.672683	
3060.000000	0.676048	0.675009	0.694698	0.686897	0.499121	0.646355	0.676048	0.672683	
3070.000000	0.678263	0.677495	0.665230	0.665106	0.534150	0.644048	0.665230	0.672683	
3080.000000	0.595949	0.562165	0.594141	0.560947	0.497724	0.562185	0.562165	0.672683	
3090.000000	0.548701	0.477955	0.567068	0.533745	0.532135	0.531921	0.533745	0.672683	
3100.000000	0.539178	0.497699	0.531978	0.565276	0.515066	0.529839	0.531978	0.672683	
3110.000000	0.557666	0.541271	0.587570	0.572540	0.534974	0.558804	0.557666	0.672683	
3120.000000	0.593386	0.557984	0.551499	0.553659	0.506142	0.552534	0.553659	0.672683	
3130.000000	0.563862	0.508355	0.545668	0.512283	0.546760	0.535386	0.545668	0.672683	
3140.000000	0.573329	0.571291	0.474179	0.452777	0.596731	0.533661	0.571291	0.672683	
3150.000000	0.590005	0.566135	0.655430	0.507487	0.571801	0.578171	0.571801	0.672683	
3160.000000	0.639538	0.556027	0.586754	0.565544	0.396946	0.548962	0.565544	0.672683	
3170.000000	0.638934	0.687722	0.637011	0.532253	0.567627	0.612709	0.637011	0.672683	
3180.000000	0.652244	0.720513	0.732100	0.561379	0.440238	0.621295	0.652244	0.672683	
3190.000000	0.640473	0.670894	0.667086	0.564582	0.420949	0.592797	0.640473	0.672683	
3200.000000	0.649297	0.692793	0.696923	0.557336	0.537142	0.626698	0.649297	0.672683	
3210.000000	0.624400	0.688192	0.681056	0.510067	0.485913	0.597926	0.624400	0.672683	
3220.000000	0.683072	0.639749	0.730920	0.557689	0.458916	0.614069	0.639749	0.672683	
3230.000000	0.717786	0.728265	0.728299	0.613097	0.420638	0.641617	0.717786	0.672683	
3240.000000	0.668046	0.687192	0.663131	0.643615	0.471985	0.626794	0.663131	0.672683	
3250.000000	0.682257	0.717387	0.611432	0.627723	0.502671	0.628294	0.627723	0.672683	
3260.000000	0.696790	0.652353	0.728191	0.677501	0.432473	0.637461	0.677501	0.672683	
3270.000000	0.692744	0.688258	0.638194	0.497316	0.394538	0.582210	0.638194	0.672683	
3280.000000	0.693281	0.645321	0.629847	0.767872	0.450324	0.637329	0.645321	0.672683	
3290.000000	0.678584	0.615322	0.727288	0.439659	0.525818	0.597334	0.615322	0.672683	
3300.000000	0.663242	0.600338	0.675027	0.502502	0.516892	0.591600	0.600338	0.672683	
3310.000000	0.734759	0.318343	0.712683	0.690409	0.477186	0.586676	0.690409	0.672683	
3320.000000	0.734509	0.625273	0.708321	0.700573	0.459707	0.645677	0.700573	0.672683	
3330.000000	0.696139	0.677870	0.750896	0.629627	0.498395	0.650585	0.677870	0.672683	
3340.000000	0.721619	0.701325	0.685263	0.672954	0.529330	0.662098	0.685263	0.672683	
3350.000000	0.754377	0.691060	0.747824	0.705516	0.560808	0.691917	0.705516	0.691917	
3360.000000	0.700681	0.519320	0.703021	0.715514	0.514240	0.630555	0.700681	0.691917	
3370.000000	0.644735	0.564195	0.621066	0.753610	0.465924	0.609906	0.621066	0.691917	
3380.000000	0.582746	0.559638	0.606630	0.661991	0.491974	0.580596	0.582746	0.691917	
3390.000000	0.649970	0.596202	0.652183	0.630707	0.527865	0.611385	0.630707	0.691917	
3400.000000	0.711418	0.694085	0.580117	0.589826	0.480887	0.611267	0.589826	0.691917	
3410.000000	0.729142	0.671098	0.644069	0.660867	0.495152	0.640066	0.660867	0.691917	
3420.000000	0.745356	0.702484	0.706453	0.644160	0.450297	0.649750	0.702484	0.691917	
3430.000000	0.754875	0.768060	0.737860	0.606717	0.486587	0.670820	0.737860	0.691917	
3440.000000	0.692506	0.760333	0.779940	0.560412	0.340894	0.626817	0.692506	0.691917	
3450.000000	0.699758	0.734274	0.743967	0.591810	0.536383	0.661238	0.699758	0.691917	
3460.000000	0.677114	0.692704	0.779456	0.636564	0.546687	0.666505	0.677114	0.691917	
3470.000000	0.650168	0.716238	0.538631	0.715853	0.518588	0.627896	0.650168	0.691917	
3480.000000	0.713550	0.750576	0.756671	0.506233	0.559498	0.657305	0.713550	0.691917	
3490.000000	0.633099	0.746495	0.767736	0.610328	0.444841	0.640500	0.633099	0.691917	
3500.000000	0.663381	0.691427	0.729907	0.592154	0.457926	0.626959	0.663381	0.691917	
3510.000000	0.636924	0.728169	0.733467	0.660421	0.492739	0.650344	0.660421	0.691917	
3520.000000	0.581544	0.658623	0.720891	0.551648	0.589513	0.620444	0.589513	0.691917	
3530.000000	0.627371	0.652166	0.704366	0.564477	0.560459	0.621768	0.627371	0.691917	
3540.000000	0.574304	0.642385	0.657877	0.551927	0.592902	0.603879	0.592902	0.691917	
3550.000000	0.577471	0.610354	0.557664	0.515202	0.605024	0.573143	0.577471	0.691917	
3560.000000	0.569041	0.591880	0.492733	0.458089	0.615548	0.545458	0.569041	0.691917	
3570.000000	0.590686	0.665219	0.600342	0.413851	0.615805	0.577181	0.600342	0.691917	
3580.000000	0.641500	0.689887	0.631562	0.486429	0.612455	0.612367	0.631562	0.691917	
3590.000000	0.624857	0.662818	0.597990	0.523913	0.576330	0.597182	0.597990	0.691917	
3600.000000	0.652381	0.687452	0.672189	0.569106	0.584455	0.633116	0.652381	0.691917	
3610.000000	0.669833	0.654980	0.615099	0.587130	0.571962	0.619801	0.615099	0.691917	
3620.000000	0.624353	0.629945	0.597304	0.637652	0.560474	0.609945	0.624353	0.691917	
3630.000000	0.676188	0.682639	0.616090	0.701293	0.533447	0.641931	0.676188	0.691917	
3640.000000	0.637302	0.638262	0.538795	0.640236	0.568091	0.604537	0.637302	0.691917	
3650.000000	0.544043	0.632038	0.513315	0.607860	0.548486	0.569148	0.548486	0.691917	
3660.000000	0.518262	0.515228	0.525530	0.499456	0.591949	0.530085	0.518262	0.691917	
3670.000000	0.478171	0.535451	0.518291	0.498235	0.370033	0.480036	0.498235	0.691917	
3680.000000	0.489754	0.506784	0.589440	0.490703	0.652263	0.545789	0.506784	0.691917	
3690.000000	0.549559	0.556919	0.549382	0.495671	0.359599	0.502226	0.549382	0.691917	
3700.000000	0.572014	0.582964	0.622241	0.490093	0.454110	0.544284	0.572014	0.691917	
3710.000000	0.556538	0.561314	0.633215	0.451878	0.503847	0.541358	0.556538	0.691917	
3720.000000	0.557638	0.569442	0.552224	0.421707	0.588683	0.537939	0.557638	0.691917	
3730.000000	0.585714	0.547424	0.558038	0.387681	0.603193	0.536410	0.558038	0.691917	
3740.000000	0.570308	0.557998	0.601131	0.397464	0.614721	0.548325	0.570308	0.691917	
3750.000000	0.628497	0.553150	0.610742	0.416484	0.612055	0.564186	0.610742	0.691917	
3760.000000	0.506658	0.592366	0.604847	0.436276	0.595426	0.547114	0.592366	0.691917	
3770.000000	0.657604	0.566863	0.695153	0.434257	0.590895	0.588954	0.590895	0.691917	
3780.000000	0.579513	0.642112	0.706303	0.440225	0.525020	0.578635	0.579513	0.691917	
3790.000000	0.529766	0.606545	0.646279	0.509288	0.549444	0.568265	0.549444	0.691917	
3800.000000	0.604849	0.634704	0.669363	0.466500	0.564319	0.587947	0.604849	0.691917	
3810.000000	0.620600	0.620520	0.658031	0.473997	0.566168	0.587863	0.620520	0.691917	
3820.000000	0.661373	0.671043	0.716918	0.515580	0.581710	0.629325	0.661373	0.691917	
3830.000000	0.662773	0.717730	0.701535	0.503239	0.559402	0.628936	0.662773	0.691917	
3840.000000	0.701565	0.695665	0.728131	0.602514	0.592304	0.664036	0.695665	0.691917	
3850.000000	0.702670	0.699232	0.778022	0.639255	0.555311	0.674898	0.699232	0.691917	
3860.000000	0.710409	0.714679	0.729726	0.671735	0.521583	0.669626	0.710409	0.691917	
3870.000000	0.650340	0.584255	0.587979	0.714570	0.494360	0.606301	0.587979	0.691917	
3880.000000	0.635344	0.626062	0.578888	0.697073	0.434815	0.594436	0.626062	0.691917	
3890.000000	0.685423	0.644720	0.651013	0.641319	0.488031	0.622101	0.644720	0.691917	
3900.000000	0.651438	0.642556	0.630254	0.637022	0.461349	0.604524	0.637022	0.691917	
3910.000000	0.745224	0.652936	0.735302	0.570251	0.416483	0.624039	0.652936	0.691917	
3920.000000	0.749138	0.716945	0.775238	0.571591	0.474897	0.657562	0.716945	0.691917	
3930.000000	0.410784	0.399528	0.736416	0.580374	0.575338	0.540488	0.575338	0.691917	
3940.000000	0.756832	0.762769	0.746944	0.576789	0.494004	0.667468	0.746944	0.691917	
3950.000000	0.726936	0.770046	0.621359	0.572509	0.547142	0.647598	0.621359	0.691917	
3960.000000	0.751093	0.673750	0.787710	0.594474	0.459548	0.653315	0.673750	0.691917	
3970.000000	0.737972	0.763411	0.788936	0.569367	0.468671	0.665672	0.737972	0.691917	
3980.000000	0.730180	0.770997	0.802236	0.609071	0.415691	0.665635	0.730180	0.691917	
3990.000000	0.572963	0.636677	0.603393	0.513371	0.557308	0.576742	0.572963	0.691917	
4000.000000	0.630997	0.731635	0.553061	0.608904	0.377872	0.580494	0.608904	0.691917	
4010.000000	0.570702	0.678533	0.578529	0.553944	0.374153	0.551172	0.570702	0.691917	
4020.000000	0.559400	0.274265	0.368082	0.493689	0.393184	0.417724	0.393184	0.691917	
4030.000000	0.264975	0.399170	0.261972	0.434925	0.435506	0.359309	0.399170	0.691917	
4040.000000	0.422728	0.619437	0.396739	0.571058	0.506428	0.503278	0.506428	0.691917	
4050.000000	0.415419	0.533099	0.511686	0.526330	0.642847	0.525876	0.526330	0.691917	
4060.000000	0.659536	0.708317	0.766446	0.590165	0.498480	0.644589	0.659536	0.691917	
4070.000000	0.709651	0.757552	0.803281	0.540208	0.450073	0.652153	0.709651	0.691917	
4080.000000	0.728869	0.746660	0.801990	0.574776	0.402371	0.650933	0.728869	0.691917	
4090.000000	0.680672	0.715767	0.720623	0.578863	0.601820	0.659549	0.680672	0.691917	
4100.000000	0.682363	0.657601	0.749985	0.594598	0.513858	0.639681	0.657601	0.691917	
4110.000000	0.703358	0.762346	0.773139	0.595499	0.457486	0.658366	0.703358	0.691917	
4120.000000	0.717579	0.747332	0.792756	0.599791	0.480489	0.667589	0.717579	0.691917	
4130.000000	0.718747	0.729411	0.803646	0.595959	0.508460	0.671245	0.718747	0.691917	
4140.000000	0.730298	0.773894	0.645683	0.586197	0.510884	0.649391	0.645683	0.691917	
4150.000000	0.739428	0.770488	0.801274	0.517741	0.653140	0.696414	0.739428	0.696414	
4160.000000	0.730423	0.737283	0.788870	0.598687	0.472773	0.665607	0.730423	0.696414	
4170.000000	0.737120	0.726375	0.797407	0.581324	0.475688	0.663583	0.726375	0.696414	
4180.000000	0.381249	0.773668	0.761937	0.497895	0.514327	0.585815	0.514327	0.696414	
4190.000000	0.531293	0.464883	0.484026	0.521934	0.514376	0.503302	0.514376	0.696414	
4200.000000	0.692819	0.765482	0.660056	0.531301	0.549777	0.639887	0.660056	0.696414	
4210.000000	0.487421	0.601482	0.803270	0.603289	0.509465	0.600985	0.601482	0.696414	
4220.000000	0.732888	0.751862	0.775462	0.558343	0.604762	0.684663	0.732888	0.696414	
4230.000000	0.753301	0.631650	0.731988	0.634189	0.480813	0.646388	0.634189	0.696414	
4240.000000	0.597205	0.765827	0.803871	0.643686	0.527510	0.667620	0.643686	0.696414	
4250.000000	0.690258	0.769829	0.563288	0.646625	0.470591	0.628118	0.646625	0.696414	
4260.000000	0.752750	0.557352	0.520826	0.679967	0.611532	0.624485	0.611532	0.696414	
4270.000000	0.562583	0.674544	0.779400	0.609202	0.598692	0.644884	0.609202	0.696414	
4280.000000	0.516012	0.706820	0.675547	0.599089	0.609496	0.621393	0.609496	0.696414	
4290.000000	0.729305	0.730520	0.766979	0.642392	0.497426	0.673324	0.729305	0.696414	
4300.000000	0.702868	0.727018	0.778491	0.574764	0.561540	0.668936	0.702868	0.696414	
4310.000000	0.684976	0.711919	0.736077	0.576409	0.601802	0.662237	0.684976	0.696414	
4320.000000	0.687914	0.703826	0.748842	0.560988	0.563995	0.653113	0.687914	0.696414	
4330.000000	0.672989	0.673713	0.728363	0.551967	0.576420	0.640690	0.672989	0.696414	
4340.000000	0.685824	0.682103	0.720033	0.535397	0.586875	0.642047	0.682103	0.696414	
4350.000000	0.698064	0.698053	0.757436	0.629866	0.597877	0.676259	0.698053	0.696414	
4360.000000	0.731863	0.706596	0.757484	0.670879	0.558596	0.685084	0.706596	0.696414	
4370.000000	0.675276	0.649396	0.687755	0.670544	0.412236	0.619041	0.670544	0.696414	
4380.000000	0.640586	0.648109	0.689949	0.694496	0.516280	0.637884	0.648109	0.696414	
4390.000000	0.639517	0.571197	0.661680	0.695576	0.544047	0.622403	0.639517	0.696414	
4400.000000	0.638105	0.607688	0.597340	0.603052	0.444565	0.578150	0.603052	0.696414	
4410.000000	0.629032	0.631781	0.563336	0.454776	0.548843	0.565554	0.563336	0.696414	
4420.000000	0.593214	0.637955	0.603312	0.595396	0.517146	0.589404	0.595396	0.696414	
4430.000000	0.550303	0.631138	0.691235	0.485311	0.560400	0.583678	0.560400	0.696414	
4440.000000	0.632479	0.529228	0.691598	0.457440	0.520122	0.566174	0.529228	0.696414	
4450.000000	0.678769	0.667326	0.694945	0.634861	0.501629	0.635506	0.667326	0.696414	
4460.000000	0.700462	0.698163	0.695182	0.591088	0.471376	0.631254	0.695182	0.696414	
4470.000000	0.667549	0.640565	0.692270	0.539554	0.517737	0.611535	0.640565	0.696414	
4480.000000	0.630289	0.655471	0.629769	0.443224	0.568859	0.585522	0.629769	0.696414	
4490.000000	0.572449	0.618799	0.619066	0.458526	0.463092	0.546386	0.572449	0.696414	
4500.000000	0.635256	0.634469	0.612407	0.431093	0.506670	0.563979	0.612407	0.696414	
4510.000000	0.595292	0.644721	0.583212	0.509344	0.490255	0.564565	0.583212	0.696414	
4520.000000	0.646779	0.611984	0.660098	0.503919	0.509518	0.586460	0.611984	0.696414	
4530.000000	0.602909	0.584339	0.603603	0.585555	0.559591	0.587200	0.585555	0.696414	
4540.000000	0.562979	0.566149	0.540052	0.597970	0.427198	0.538870	0.562979	0.696414	
4550.000000	0.559470	0.576722	0.525475	0.613354	0.486687	0.552341	0.559470	0.696414	
4560.000000	0.630839	0.601571	0.554552	0.570123	0.509618	0.573341	0.570123	0.696414	
4570.000000	0.601747	0.598599	0.482716	0.531226	0.507542	0.544366	0.531226	0.696414	
4580.000000	0.601382	0.568338	0.466416	0.481993	0.517595	0.527145	0.517595	0.696414	
4590.000000	0.595984	0.609173	0.477127	0.489330	0.504219	0.535167	0.504219	0.696414	
4600.000000	0.613426	0.606164	0.600545	0.513415	0.532874	0.573285	0.600545	0.696414	
4610.000000	0.689582	0.722924	0.720241	0.587154	0.515002	0.646981	0.689582	0.696414	
4620.000000	0.672567	0.723248	0.703093	0.600193	0.552021	0.650224	0.672567	0.696414	
4630.000000	0.672546	0.658113	0.565561	0.577245	0.411838	0.577061	0.577245	0.696414	
4640.000000	0.610688	0.625085	0.587880	0.570256	0.550146	0.588811	0.587880	0.696414	
4650.000000	0.563759	0.529209	0.522646	0.566942	0.602154	0.556942	0.563759	0.696414	
4660.000000	0.521284	0.503065	0.486607	0.500228	0.513245	0.504886	0.503065	0.696414	
4670.000000	0.534652	0.486915	0.458194	0.530791	0.608043	0.523719	0.530791	0.696414	
4680.000000	0.517724	0.475561	0.439632	0.520599	0.614210	0.513545	0.517724	0.696414	
4690.000000	0.528729	0.507951	0.506278	0.523644	0.572781	0.527877	0.523644	0.696414	
4700.000000	0.587484	0.518379	0.518430	0.535666	0.477131	0.527418	0.518430	0.696414	
4710.000000	0.583271	0.560958	0.541235	0.608266	0.539575	0.566661	0.560958	0.696414	
4720.000000	0.589716	0.558844	0.543055	0.610868	0.503605	0.561218	0.558844	0.696414	
4730.000000	0.573256	0.532846	0.503403	0.589613	0.564606	0.552745	0.564606	0.696414	
4740.000000	0.574377	0.499417	0.513725	0.522096	0.550146	0.531952	0.522096	0.696414	
4750.000000	0.483213	0.409565	0.445145	0.455347	0.509989	0.460652	0.455347	0.696414	
4760.000000	0.447673	0.350315	0.343242	0.467767	0.559505	0.433700	0.447673	0.696414	
4770.000000	0.487037	0.320636	0.371496	0.470913	0.574689	0.444954	0.470913	0.696414	
4780.000000	0.566348	0.510150	0.428789	0.472713	0.571922	0.509984	0.510150	0.696414	
4790.000000	0.566447	0.337445	0.460324	0.529493	0.562425	0.491227	0.529493	0.696414	
4800.000000	0.412036	0.320107	0.440523	0.542700	0.611685	0.465410	0.440523	0.696414	
4810.000000	0.545091	0.285052	0.456942	0.407382	0.619576	0.462809	0.456942	0.696414	
4820.000000	0.427849	0.321549	0.454146	0.520352	0.546141	0.454008	0.454146	0.696414	
4830.000000	0.457438	0.339547	0.457038	0.519977	0.608397	0.476480	0.457438	0.696414	
4840.000000	0.474374	0.368904	0.461845	0.522367	0.615625	0.488623	0.474374	0.696414	
4850.000000	0.493639	0.458425	0.479433	0.559683	0.599383	0.518112	0.493639	0.696414	
4860.000000	0.555892	0.514256	0.498793	0.576542	0.622477	0.553592	0.555892	0.696414	
4870.000000	0.522441	0.490886	0.509492	0.553290	0.548911	0.525004	0.522441	0.696414	
4880.000000	0.494845	0.452389	0.473870	0.561267	0.608719	0.518218	0.494845	0.696414	
4890.000000	0.534240	0.430485	0.459745	0.530121	0.574931	0.505904	0.530121	0.696414	
4900.000000	0.554533	0.459541	0.436916	0.477189	0.550426	0.495721	0.477189	0.696414	
4910.000000	0.566706	0.507375	0.505312	0.510694	0.542298	0.526477	0.510694	0.696414	
4920.000000	0.626808	0.532554	0.605311	0.564409	0.530852	0.571987	0.564409	0.696414	
4930.000000	0.624657	0.603892	0.640666	0.574146	0.490237	0.586720	0.603892	0.696414	
4940.000000	0.651956	0.611003	0.650422	0.499295	0.492328	0.581001	0.611003	0.696414	
4950.000000	0.615122	0.627478	0.655581	0.527447	0.578569	0.600839	0.615122	0.696414	
4960.000000	0.621175	0.586905	0.685201	0.542441	0.589120	0.604968	0.589120	0.696414	
4970.000000	0.644700	0.634654	0.677651	0.570646	0.538624	0.613255	0.634654	0.696414	
4980.000000	0.640662	0.587950	0.658659	0.568987	0.554659	0.602183	0.587950	0.696414	
4990.000000	0.648276	0.633874	0.680022	0.559882	0.563118	0.617034	0.633874	0.696414	
5000.000000	0.644997	0.611801	0.682086	0.540038	0.546353	0.605055	0.611801	0.696414	
