Epoch	AUC-21	AUC-22	AUC-23	AUC-24	AUC-25	AUC-26	AUC-Avg	AUC-Mid	AUC-Best	
1.000000	0.532982	0.500539	0.554180	0.482365	0.519589	0.529092	0.519791	0.524340	0.519791	
10.000000	0.554020	0.538860	0.588602	0.534402	0.484104	0.515351	0.535890	0.536631	0.535890	
20.000000	0.598333	0.459603	0.481856	0.497907	0.490929	0.519233	0.507977	0.494418	0.535890	
30.000000	0.486756	0.509050	0.559096	0.516951	0.563246	0.517119	0.525370	0.517035	0.535890	
40.000000	0.497730	0.437480	0.536472	0.489635	0.580338	0.553172	0.515804	0.517101	0.535890	
50.000000	0.618295	0.548065	0.572069	0.543157	0.674056	0.545866	0.583585	0.560067	0.583585	
60.000000	0.591044	0.564677	0.543453	0.518744	0.485009	0.455503	0.526405	0.531098	0.583585	
70.000000	0.451835	0.535574	0.471715	0.575715	0.626750	0.538534	0.533354	0.537054	0.583585	
80.000000	0.381671	0.560760	0.534671	0.489847	0.510191	0.525291	0.500405	0.517741	0.583585	
90.000000	0.522104	0.532754	0.511710	0.562770	0.576268	0.570108	0.545952	0.547762	0.583585	
100.000000	0.570823	0.545368	0.513985	0.466806	0.372812	0.497341	0.494523	0.505663	0.583585	
110.000000	0.541291	0.547643	0.461336	0.477053	0.565819	0.484817	0.512993	0.513054	0.583585	
120.000000	0.509130	0.550005	0.512786	0.548931	0.567341	0.540818	0.538169	0.544874	0.583585	
130.000000	0.487298	0.613932	0.490404	0.505727	0.474101	0.522589	0.515675	0.498066	0.583585	
140.000000	0.465740	0.507011	0.464326	0.485684	0.610005	0.498340	0.505184	0.492012	0.583585	
150.000000	0.521410	0.461097	0.538143	0.576686	0.507102	0.510728	0.519194	0.516069	0.583585	
160.000000	0.520956	0.488489	0.524004	0.454671	0.516312	0.511481	0.502652	0.513897	0.583585	
170.000000	0.487293	0.480363	0.501652	0.462638	0.673402	0.504773	0.518353	0.494473	0.583585	
180.000000	0.553428	0.556600	0.538798	0.478855	0.504051	0.506861	0.523099	0.522830	0.583585	
190.000000	0.568967	0.462008	0.535008	0.598035	0.621793	0.475946	0.543626	0.551988	0.583585	
200.000000	0.526054	0.615978	0.478846	0.520411	0.628424	0.483814	0.542254	0.523233	0.583585	
210.000000	0.494237	0.460830	0.518598	0.600639	0.599399	0.497346	0.528508	0.507972	0.583585	
220.000000	0.532658	0.503837	0.471295	0.454643	0.524628	0.477952	0.494169	0.490894	0.583585	
230.000000	0.475190	0.524634	0.555454	0.531954	0.612074	0.495950	0.532543	0.528294	0.583585	
240.000000	0.519142	0.525061	0.479995	0.561699	0.547752	0.533254	0.527817	0.529158	0.583585	
250.000000	0.561846	0.558237	0.553225	0.485466	0.552080	0.481008	0.531977	0.552653	0.583585	
260.000000	0.566250	0.602998	0.541354	0.487823	0.404036	0.461748	0.510702	0.514589	0.583585	
270.000000	0.503877	0.494000	0.486994	0.490390	0.658682	0.553386	0.531221	0.498938	0.583585	
280.000000	0.573790	0.570083	0.552775	0.584875	0.630066	0.543031	0.575770	0.571936	0.583585	
290.000000	0.582121	0.620559	0.471858	0.546342	0.381987	0.485485	0.514725	0.515914	0.583585	
300.000000	0.559441	0.599923	0.575236	0.516988	0.519426	0.509453	0.546744	0.539433	0.583585	
310.000000	0.547238	0.498841	0.575209	0.554112	0.667608	0.502110	0.557520	0.550675	0.583585	
320.000000	0.568766	0.489481	0.514270	0.471793	0.634947	0.546296	0.537592	0.530283	0.583585	
330.000000	0.479353	0.518336	0.565312	0.562676	0.649321	0.519881	0.549146	0.541278	0.583585	
340.000000	0.524200	0.550324	0.548448	0.520303	0.685977	0.526881	0.559355	0.537664	0.583585	
350.000000	0.535079	0.514976	0.514629	0.560998	0.496188	0.536254	0.526354	0.525028	0.583585	
360.000000	0.571979	0.560847	0.553152	0.581241	0.670684	0.514749	0.575442	0.566413	0.583585	
370.000000	0.540318	0.556216	0.559824	0.453167	0.653876	0.514795	0.546366	0.548267	0.583585	
380.000000	0.574166	0.498032	0.568948	0.530303	0.633790	0.521457	0.554449	0.549625	0.583585	
390.000000	0.500192	0.564405	0.527199	0.530626	0.583851	0.524576	0.538475	0.528913	0.583585	
400.000000	0.552474	0.546112	0.538787	0.564223	0.666589	0.542326	0.568418	0.549293	0.583585	
410.000000	0.555203	0.547262	0.558111	0.532904	0.671024	0.539244	0.567291	0.551233	0.583585	
420.000000	0.584748	0.523282	0.554242	0.563515	0.596008	0.534658	0.559409	0.558878	0.583585	
430.000000	0.606280	0.554871	0.545034	0.562383	0.686052	0.538469	0.582181	0.558627	0.583585	
440.000000	0.582025	0.560158	0.529016	0.596991	0.594939	0.468787	0.555319	0.571092	0.583585	
450.000000	0.576908	0.583385	0.566684	0.571408	0.612345	0.557178	0.577985	0.574158	0.583585	
460.000000	0.543101	0.577465	0.543477	0.589344	0.550168	0.539389	0.557157	0.546822	0.583585	
470.000000	0.539804	0.564770	0.564606	0.589751	0.683259	0.562879	0.584178	0.564688	0.584178	
480.000000	0.606071	0.562471	0.553946	0.595255	0.641301	0.515703	0.579125	0.578863	0.584178	
490.000000	0.589421	0.547011	0.576660	0.610497	0.662028	0.513285	0.583150	0.583040	0.584178	
500.000000	0.600811	0.565173	0.555704	0.559886	0.676604	0.548685	0.584477	0.562530	0.584477	
510.000000	0.572472	0.595454	0.484723	0.548581	0.604104	0.548153	0.558914	0.560527	0.584477	
520.000000	0.570389	0.508027	0.566112	0.592939	0.692777	0.533532	0.577296	0.568251	0.584477	
530.000000	0.575380	0.561516	0.567812	0.577888	0.441497	0.543408	0.544584	0.564664	0.584477	
540.000000	0.523510	0.507848	0.555470	0.552442	0.687990	0.461409	0.548111	0.537976	0.584477	
550.000000	0.574533	0.472100	0.561858	0.579291	0.666036	0.540882	0.565783	0.568196	0.584477	
560.000000	0.567590	0.570343	0.536392	0.588497	0.675075	0.550168	0.581344	0.568966	0.584477	
570.000000	0.564419	0.529785	0.579125	0.588620	0.694696	0.548175	0.584137	0.571772	0.584477	
580.000000	0.581506	0.553854	0.571621	0.551475	0.633312	0.553631	0.574233	0.562738	0.584477	
590.000000	0.611330	0.535853	0.536531	0.546641	0.519922	0.542126	0.548734	0.539328	0.584477	
600.000000	0.589084	0.521305	0.543572	0.541223	0.656857	0.546235	0.566379	0.544903	0.584477	
610.000000	0.601323	0.548114	0.438702	0.573763	0.666463	0.506940	0.555884	0.560938	0.584477	
620.000000	0.585970	0.601256	0.547099	0.580279	0.680108	0.543252	0.589660	0.583125	0.589660	
630.000000	0.545744	0.605056	0.572047	0.575125	0.684631	0.533036	0.585940	0.573586	0.589660	
640.000000	0.575816	0.569627	0.549391	0.599076	0.678334	0.536790	0.584839	0.572721	0.589660	
650.000000	0.591747	0.586614	0.539021	0.513715	0.664073	0.551964	0.574522	0.569289	0.589660	
660.000000	0.546984	0.556941	0.539688	0.582287	0.651599	0.549367	0.571144	0.553154	0.589660	
670.000000	0.590631	0.467305	0.579923	0.573342	0.690091	0.538662	0.573325	0.576632	0.589660	
680.000000	0.589658	0.538785	0.540449	0.599055	0.711800	0.553051	0.588800	0.571354	0.589660	
690.000000	0.604946	0.506400	0.578302	0.574711	0.674245	0.525375	0.577330	0.576507	0.589660	
700.000000	0.516338	0.482104	0.566456	0.492260	0.595222	0.529987	0.530395	0.523163	0.589660	
710.000000	0.533562	0.556024	0.543033	0.470755	0.632072	0.531405	0.544475	0.538298	0.589660	
720.000000	0.508554	0.570678	0.547720	0.593512	0.677164	0.555417	0.575507	0.563047	0.589660	
730.000000	0.570266	0.521032	0.565591	0.548227	0.673037	0.552375	0.571755	0.558983	0.589660	
740.000000	0.512284	0.570380	0.562157	0.548227	0.657939	0.563091	0.569013	0.562624	0.589660	
750.000000	0.602665	0.533343	0.579709	0.581396	0.652743	0.546082	0.582656	0.580553	0.589660	
760.000000	0.606433	0.580056	0.590617	0.553180	0.678548	0.533455	0.590381	0.585337	0.590381	
770.000000	0.565677	0.522229	0.571456	0.538272	0.511273	0.541093	0.541667	0.539683	0.590381	
780.000000	0.589780	0.525365	0.582814	0.574082	0.674685	0.552925	0.583275	0.578448	0.590381	
790.000000	0.578773	0.575184	0.566049	0.582564	0.654756	0.499738	0.576177	0.576979	0.590381	
800.000000	0.600317	0.542002	0.559293	0.572978	0.658896	0.570966	0.584075	0.571972	0.590381	
810.000000	0.584989	0.567160	0.579445	0.580562	0.675339	0.562451	0.591658	0.580004	0.591658	
820.000000	0.554881	0.575457	0.472684	0.596672	0.692981	0.519017	0.568615	0.565169	0.591658	
830.000000	0.610522	0.566326	0.573701	0.593425	0.655958	0.556250	0.592697	0.583563	0.592697	
840.000000	0.595198	0.559458	0.591021	0.576173	0.696187	0.555705	0.595624	0.583597	0.595624	
850.000000	0.595449	0.533578	0.592988	0.605987	0.679516	0.515985	0.587251	0.594219	0.595624	
860.000000	0.598244	0.528155	0.591213	0.592175	0.674547	0.560108	0.590740	0.591694	0.595624	
870.000000	0.590803	0.575488	0.570670	0.527890	0.670854	0.551378	0.581180	0.573079	0.595624	
880.000000	0.588939	0.545815	0.572471	0.590480	0.663507	0.549561	0.585129	0.580705	0.595624	
890.000000	0.587238	0.544308	0.511342	0.535912	0.672905	0.552247	0.567325	0.548277	0.595624	
900.000000	0.606860	0.508579	0.592941	0.594571	0.694960	0.547634	0.590924	0.593756	0.595624	
910.000000	0.601794	0.536647	0.587680	0.580751	0.679343	0.552519	0.589789	0.584215	0.595624	
920.000000	0.578651	0.557016	0.559381	0.571552	0.638237	0.566488	0.578554	0.569020	0.595624	
930.000000	0.562334	0.557474	0.584646	0.573346	0.661550	0.557665	0.582836	0.567840	0.595624	
940.000000	0.557960	0.592621	0.591265	0.579046	0.610703	0.554910	0.581084	0.585155	0.595624	
950.000000	0.548761	0.554226	0.578716	0.587883	0.688852	0.566415	0.587476	0.572566	0.595624	
960.000000	0.605375	0.566153	0.579842	0.560705	0.663010	0.550580	0.587611	0.572997	0.595624	
970.000000	0.591808	0.526834	0.575868	0.527520	0.641653	0.538986	0.567112	0.557427	0.595624	
980.000000	0.602432	0.529859	0.579119	0.543962	0.667696	0.555205	0.579712	0.567162	0.595624	
990.000000	0.564336	0.543273	0.552726	0.519586	0.607665	0.555949	0.557256	0.554337	0.595624	
1000.000000	0.580373	0.508492	0.551690	0.543342	0.632403	0.555994	0.562049	0.553842	0.595624	
1010.000000	0.594595	0.547959	0.585606	0.587586	0.697187	0.547524	0.593410	0.586596	0.595624	
1020.000000	0.565424	0.543069	0.590042	0.595860	0.703220	0.574070	0.595281	0.582056	0.595624	
1030.000000	0.572246	0.563016	0.582485	0.571216	0.628877	0.561338	0.579863	0.571731	0.595624	
1040.000000	0.587303	0.574381	0.574121	0.576689	0.617390	0.556738	0.581104	0.575535	0.595624	
1050.000000	0.593976	0.525979	0.583759	0.597299	0.640584	0.508580	0.575029	0.588868	0.595624	
1060.000000	0.608064	0.519445	0.576611	0.569708	0.708466	0.554052	0.589391	0.573159	0.595624	
1070.000000	0.584677	0.591759	0.553094	0.531339	0.621133	0.566753	0.574793	0.575715	0.595624	
1080.000000	0.614435	0.551964	0.571779	0.579444	0.678762	0.475289	0.578612	0.575612	0.595624	
1090.000000	0.515316	0.569153	0.551155	0.571255	0.684190	0.563525	0.575766	0.566339	0.595624	
1100.000000	0.579603	0.588071	0.564412	0.567536	0.641754	0.568075	0.584909	0.573839	0.595624	
1110.000000	0.586244	0.565365	0.572729	0.579423	0.666105	0.562921	0.588798	0.576076	0.595624	
1120.000000	0.604230	0.568043	0.581760	0.563670	0.632852	0.557939	0.584749	0.574901	0.595624	
1130.000000	0.584249	0.576976	0.578088	0.553279	0.666205	0.561199	0.586666	0.577532	0.595624	
1140.000000	0.594368	0.538289	0.572021	0.479998	0.591919	0.552421	0.554836	0.562221	0.595624	
1150.000000	0.554205	0.593067	0.468800	0.498951	0.499969	0.560315	0.529218	0.527087	0.595624	
1160.000000	0.601323	0.570371	0.569861	0.554468	0.665029	0.570172	0.588537	0.570271	0.595624	
1170.000000	0.554138	0.552881	0.578419	0.592622	0.523609	0.519872	0.553590	0.553510	0.595624	
1180.000000	0.472303	0.531124	0.580406	0.568012	0.693129	0.553770	0.566457	0.560891	0.595624	
1190.000000	0.600413	0.554034	0.587950	0.580540	0.676598	0.568430	0.594661	0.584245	0.595624	
1200.000000	0.577732	0.607107	0.523872	0.567533	0.648642	0.548374	0.578877	0.572632	0.595624	
1210.000000	0.515350	0.601640	0.536009	0.521804	0.642257	0.541677	0.559789	0.538843	0.595624	
1220.000000	0.573639	0.596526	0.551965	0.545496	0.629738	0.552817	0.575030	0.563228	0.595624	
1230.000000	0.559872	0.604777	0.560947	0.555165	0.634274	0.549146	0.577363	0.560409	0.595624	
1240.000000	0.594153	0.581085	0.564101	0.548988	0.659034	0.558873	0.584373	0.572593	0.595624	
1250.000000	0.599932	0.531384	0.574910	0.575914	0.677711	0.557632	0.586247	0.575412	0.595624	
1260.000000	0.574832	0.566859	0.566968	0.560773	0.676868	0.558821	0.584187	0.566914	0.595624	
1270.000000	0.578474	0.562024	0.540142	0.563673	0.666375	0.554773	0.577577	0.562848	0.595624	
1280.000000	0.595003	0.542151	0.577539	0.569809	0.669370	0.552335	0.584368	0.573674	0.595624	
1290.000000	0.584206	0.586236	0.567214	0.557799	0.665979	0.560836	0.587045	0.575710	0.595624	
1300.000000	0.593281	0.579567	0.575266	0.570189	0.674522	0.563712	0.592756	0.577416	0.595624	
1310.000000	0.593547	0.556879	0.582229	0.572724	0.684637	0.555259	0.590879	0.577477	0.595624	
1320.000000	0.617890	0.531644	0.578748	0.540880	0.645666	0.554780	0.578268	0.566764	0.595624	
1330.000000	0.536669	0.539157	0.563957	0.531098	0.628669	0.531340	0.555148	0.537913	0.595624	
1340.000000	0.611121	0.469713	0.541685	0.527238	0.684725	0.562544	0.566171	0.552115	0.595624	
1350.000000	0.611071	0.550594	0.587868	0.566330	0.669225	0.570106	0.592532	0.578987	0.595624	
1360.000000	0.597114	0.577372	0.578738	0.584480	0.680800	0.581368	0.599979	0.582924	0.599979	
1370.000000	0.589086	0.554812	0.568502	0.558832	0.657707	0.579182	0.584687	0.573842	0.599979	
1380.000000	0.604982	0.543131	0.580741	0.573934	0.667715	0.578011	0.591419	0.579376	0.599979	
1390.000000	0.618575	0.504860	0.587699	0.552828	0.657468	0.572569	0.582333	0.580134	0.599979	
1400.000000	0.585926	0.558925	0.583050	0.585317	0.628348	0.573499	0.585844	0.584183	0.599979	
1410.000000	0.577942	0.592342	0.553534	0.558611	0.648837	0.573567	0.584139	0.575754	0.599979	
1420.000000	0.606378	0.593594	0.547816	0.521219	0.709048	0.553201	0.588543	0.573398	0.599979	
1430.000000	0.573087	0.580589	0.580521	0.561347	0.658946	0.576894	0.588564	0.578708	0.599979	
1440.000000	0.618408	0.544271	0.563681	0.543925	0.651466	0.579416	0.583528	0.571548	0.599979	
1450.000000	0.606463	0.545331	0.573798	0.568970	0.678837	0.567835	0.590206	0.571384	0.599979	
1460.000000	0.608988	0.554821	0.487658	0.584846	0.709026	0.574151	0.586582	0.579499	0.599979	
1470.000000	0.622484	0.565483	0.567727	0.560803	0.656027	0.584861	0.592898	0.576294	0.599979	
1480.000000	0.613556	0.556836	0.557832	0.570936	0.665356	0.581235	0.590958	0.576085	0.599979	
1490.000000	0.628322	0.555633	0.582871	0.530182	0.538046	0.563366	0.566404	0.559500	0.599979	
1500.000000	0.567916	0.555354	0.583951	0.590001	0.447140	0.579793	0.554026	0.573855	0.599979	
1510.000000	0.619603	0.558014	0.588531	0.604250	0.694060	0.579200	0.607276	0.596391	0.607276	
1520.000000	0.605770	0.539622	0.584050	0.609733	0.708390	0.565190	0.602126	0.594910	0.607276	
1530.000000	0.614740	0.535627	0.582885	0.606877	0.708164	0.543340	0.598606	0.594881	0.607276	
1540.000000	0.598246	0.577707	0.585170	0.607736	0.693431	0.578809	0.606850	0.591708	0.607276	
1550.000000	0.599031	0.566853	0.584686	0.535045	0.693765	0.563317	0.590449	0.575770	0.607276	
1560.000000	0.588834	0.555962	0.573547	0.615525	0.698319	0.573931	0.601020	0.581382	0.607276	
1570.000000	0.613197	0.560183	0.594243	0.609846	0.683807	0.560406	0.603614	0.602044	0.607276	
1580.000000	0.564575	0.528278	0.588859	0.613073	0.689147	0.540287	0.587370	0.576717	0.607276	
1590.000000	0.571194	0.567020	0.574034	0.548995	0.653995	0.562423	0.579610	0.569107	0.607276	
1600.000000	0.537706	0.571676	0.569305	0.529680	0.632009	0.560800	0.566863	0.565053	0.607276	
1610.000000	0.622731	0.573603	0.565514	0.578101	0.662733	0.557630	0.593385	0.575852	0.607276	
1620.000000	0.612849	0.546081	0.588920	0.618934	0.693589	0.576045	0.606070	0.600884	0.607276	
1630.000000	0.609722	0.559036	0.591035	0.617421	0.707095	0.560618	0.607488	0.600378	0.607488	
1640.000000	0.624154	0.570132	0.594173	0.597262	0.701043	0.542903	0.604945	0.595718	0.607488	
1650.000000	0.595565	0.566636	0.590520	0.568947	0.678038	0.556098	0.592634	0.579733	0.607488	
1660.000000	0.614510	0.544122	0.594933	0.592199	0.677774	0.555516	0.596509	0.593566	0.607488	
1670.000000	0.603717	0.538953	0.580981	0.590781	0.675377	0.545437	0.589208	0.585881	0.607488	
1680.000000	0.610016	0.569661	0.575776	0.598502	0.707415	0.535719	0.599515	0.587139	0.607488	
1690.000000	0.622341	0.577186	0.585219	0.588752	0.709237	0.560678	0.607235	0.586986	0.607488	
1700.000000	0.612886	0.581191	0.586680	0.590350	0.690563	0.561004	0.603779	0.588515	0.607488	
1710.000000	0.555726	0.571998	0.587775	0.610581	0.624442	0.568531	0.586509	0.579887	0.607488	
1720.000000	0.607573	0.571604	0.586630	0.561445	0.702521	0.565472	0.599208	0.579117	0.607488	
1730.000000	0.619217	0.589206	0.573477	0.556313	0.671527	0.568471	0.596369	0.581342	0.607488	
1740.000000	0.618106	0.578209	0.576113	0.581993	0.677705	0.546010	0.596356	0.580101	0.607488	
1750.000000	0.618212	0.546713	0.587482	0.576511	0.669766	0.576752	0.595906	0.582117	0.607488	
1760.000000	0.622736	0.567244	0.592832	0.597126	0.585735	0.567061	0.588789	0.589284	0.607488	
1770.000000	0.594073	0.562365	0.586731	0.610116	0.703031	0.553732	0.601675	0.590402	0.607488	
1780.000000	0.614172	0.581048	0.589184	0.589446	0.696375	0.573338	0.607260	0.589315	0.607488	
1790.000000	0.618359	0.579486	0.492548	0.586698	0.673449	0.564149	0.585781	0.583092	0.607488	
1800.000000	0.620789	0.571725	0.576955	0.595310	0.693180	0.579636	0.606266	0.587473	0.607488	
1810.000000	0.612759	0.583745	0.592170	0.587454	0.712851	0.569261	0.609707	0.589812	0.609707	
1820.000000	0.618959	0.574180	0.593650	0.616276	0.696077	0.580604	0.613291	0.604963	0.613291	
1830.000000	0.613340	0.574701	0.577510	0.569701	0.657034	0.573996	0.594380	0.576105	0.613291	
1840.000000	0.600237	0.581017	0.564549	0.557311	0.619076	0.573697	0.582648	0.577357	0.613291	
1850.000000	0.591606	0.554815	0.597667	0.581438	0.665601	0.577150	0.594713	0.586522	0.613291	
1860.000000	0.623845	0.560047	0.603728	0.609918	0.703676	0.565655	0.611145	0.606823	0.613291	
1870.000000	0.618718	0.576796	0.594300	0.630609	0.721010	0.568909	0.618390	0.606509	0.618390	
1880.000000	0.622648	0.592119	0.595686	0.607636	0.697778	0.581376	0.616207	0.601661	0.618390	
1890.000000	0.632826	0.579771	0.596052	0.590559	0.671842	0.590970	0.610337	0.593511	0.618390	
1900.000000	0.634894	0.577502	0.581523	0.570344	0.647950	0.588490	0.600117	0.585006	0.618390	
1910.000000	0.602271	0.581339	0.599575	0.611257	0.701804	0.579646	0.612649	0.600923	0.618390	
1920.000000	0.618259	0.588964	0.549720	0.566909	0.525829	0.577529	0.571202	0.572219	0.618390	
1930.000000	0.635521	0.560109	0.599373	0.601861	0.710013	0.576642	0.613920	0.600617	0.618390	
1940.000000	0.624675	0.577515	0.604366	0.593182	0.701823	0.570191	0.611959	0.598774	0.618390	
1950.000000	0.626807	0.581054	0.571532	0.562278	0.671672	0.581064	0.599068	0.581059	0.618390	
1960.000000	0.633486	0.571626	0.585003	0.584826	0.668646	0.582585	0.604362	0.584915	0.618390	
1970.000000	0.628265	0.599173	0.597199	0.581674	0.685291	0.584568	0.612695	0.598186	0.618390	
1980.000000	0.623657	0.585617	0.599529	0.594282	0.668885	0.575035	0.607834	0.596905	0.618390	
1990.000000	0.625277	0.571031	0.597558	0.609864	0.691991	0.574297	0.611670	0.603711	0.618390	
2000.000000	0.629084	0.592850	0.587522	0.617505	0.701726	0.572788	0.616912	0.605178	0.618390	
2010.000000	0.628124	0.578110	0.596161	0.587376	0.678535	0.589140	0.609574	0.592650	0.618390	
2020.000000	0.621442	0.585552	0.590710	0.598835	0.673779	0.592132	0.610408	0.595483	0.618390	
2030.000000	0.625104	0.592578	0.594336	0.613295	0.699005	0.575626	0.616657	0.603815	0.618390	
2040.000000	0.616395	0.594716	0.592064	0.612455	0.688311	0.588036	0.615329	0.603586	0.618390	
2050.000000	0.605321	0.575277	0.604398	0.593843	0.716008	0.581402	0.612708	0.599120	0.618390	
2060.000000	0.620316	0.546763	0.601267	0.619466	0.705163	0.552802	0.607630	0.610367	0.618390	
2070.000000	0.624545	0.592987	0.598955	0.606422	0.712284	0.561814	0.616168	0.602688	0.618390	
2080.000000	0.618967	0.561900	0.601281	0.601059	0.703276	0.569065	0.609258	0.601170	0.618390	
2090.000000	0.626004	0.424283	0.586981	0.603390	0.695237	0.564396	0.583382	0.595185	0.618390	
2100.000000	0.627807	0.590662	0.567568	0.610940	0.695407	0.586144	0.613088	0.600801	0.618390	
2110.000000	0.626544	0.586621	0.588679	0.597306	0.668728	0.530000	0.599646	0.592992	0.618390	
2120.000000	0.600484	0.586472	0.593759	0.613168	0.712593	0.578563	0.614173	0.597122	0.618390	
2130.000000	0.618242	0.477127	0.597791	0.577378	0.667445	0.581854	0.586639	0.589823	0.618390	
2140.000000	0.634025	0.548849	0.596418	0.612194	0.713392	0.590110	0.615831	0.604306	0.618390	
2150.000000	0.622151	0.555726	0.594045	0.609490	0.712385	0.547974	0.606962	0.601767	0.618390	
2160.000000	0.633407	0.558181	0.601770	0.602640	0.703402	0.566448	0.610975	0.602205	0.618390	
2170.000000	0.603845	0.545381	0.595551	0.596679	0.675622	0.564244	0.596887	0.596115	0.618390	
2180.000000	0.625437	0.549404	0.584193	0.598849	0.683958	0.576162	0.603000	0.591521	0.618390	
2190.000000	0.617804	0.577670	0.592630	0.596654	0.630588	0.566638	0.596997	0.594642	0.618390	
2200.000000	0.611875	0.562471	0.569921	0.554360	0.675799	0.533307	0.584622	0.566196	0.618390	
2210.000000	0.634840	0.555621	0.601098	0.485994	0.723450	0.590494	0.598583	0.595796	0.618390	
2220.000000	0.629376	0.565713	0.597021	0.598800	0.620774	0.595730	0.601236	0.597911	0.618390	
2230.000000	0.633008	0.572915	0.591431	0.606102	0.696193	0.585622	0.614212	0.598767	0.618390	
2240.000000	0.629709	0.544953	0.604934	0.590702	0.697677	0.592520	0.610082	0.598727	0.618390	
2250.000000	0.645842	0.563902	0.603058	0.610126	0.724551	0.593254	0.623456	0.606592	0.623456	
2260.000000	0.645761	0.562198	0.602125	0.616778	0.695803	0.586030	0.618116	0.609452	0.623456	
2270.000000	0.637354	0.583149	0.596289	0.560397	0.611112	0.594034	0.597056	0.595161	0.623456	
2280.000000	0.641218	0.577881	0.595612	0.586008	0.698401	0.591082	0.615034	0.593347	0.623456	
2290.000000	0.623711	0.570572	0.595871	0.609591	0.711328	0.583349	0.615737	0.602731	0.623456	
2300.000000	0.631510	0.538420	0.508088	0.613248	0.716952	0.573582	0.596967	0.593415	0.623456	
2310.000000	0.626595	0.557505	0.600780	0.584641	0.709605	0.568772	0.607983	0.592710	0.623456	
2320.000000	0.633535	0.562170	0.595663	0.500254	0.707743	0.577921	0.596214	0.586792	0.623456	
2330.000000	0.622181	0.552962	0.573866	0.572467	0.655706	0.549597	0.587796	0.573166	0.623456	
2340.000000	0.587270	0.564361	0.585618	0.598813	0.677396	0.590395	0.600642	0.588832	0.623456	
2350.000000	0.634183	0.560109	0.601679	0.622813	0.702823	0.589539	0.618525	0.612246	0.623456	
2360.000000	0.633381	0.566103	0.592959	0.620921	0.594272	0.587503	0.599190	0.593615	0.623456	
2370.000000	0.638354	0.471306	0.581590	0.550506	0.707019	0.592249	0.590171	0.586919	0.623456	
2380.000000	0.640623	0.571378	0.590876	0.599145	0.697728	0.583545	0.613883	0.595011	0.623456	
2390.000000	0.636573	0.575277	0.587557	0.611117	0.700150	0.588765	0.616573	0.599941	0.623456	
2400.000000	0.623755	0.564417	0.581470	0.595222	0.696967	0.568056	0.604981	0.588346	0.623456	
2410.000000	0.642627	0.562117	0.590407	0.615377	0.711152	0.586878	0.618093	0.602892	0.623456	
2420.000000	0.642812	0.577000	0.603758	0.621803	0.722010	0.591119	0.626417	0.612780	0.626417	
2430.000000	0.646352	0.575376	0.603230	0.621719	0.714813	0.591453	0.625491	0.612475	0.626417	
2440.000000	0.641124	0.544079	0.607883	0.632786	0.720733	0.581559	0.621361	0.620334	0.626417	
2450.000000	0.629184	0.542133	0.605070	0.618115	0.714323	0.574001	0.613804	0.611593	0.626417	
2460.000000	0.634710	0.558900	0.609492	0.620521	0.578564	0.571279	0.595578	0.594028	0.626417	
2470.000000	0.651461	0.551493	0.608006	0.612728	0.705635	0.591348	0.620112	0.610367	0.626417	
2480.000000	0.645964	0.562917	0.612771	0.607304	0.714499	0.581911	0.620894	0.610037	0.626417	
2490.000000	0.642936	0.562204	0.600478	0.593156	0.699131	0.584738	0.613774	0.596817	0.626417	
2500.000000	0.654919	0.593972	0.616655	0.622353	0.731421	0.587061	0.634397	0.619504	0.634397	
2510.000000	0.646500	0.594735	0.526630	0.621588	0.730395	0.593552	0.618900	0.608161	0.634397	
2520.000000	0.636855	0.551939	0.605345	0.631978	0.712788	0.576248	0.619192	0.618661	0.634397	
2530.000000	0.646472	0.567107	0.602561	0.613799	0.708114	0.583483	0.620256	0.608180	0.634397	
2540.000000	0.639851	0.556135	0.598220	0.615800	0.721318	0.594674	0.621000	0.607010	0.634397	
2550.000000	0.643792	0.598783	0.602150	0.633618	0.724935	0.594691	0.632995	0.617884	0.634397	
2560.000000	0.616402	0.541587	0.599070	0.620699	0.722727	0.577293	0.612963	0.607736	0.634397	
2570.000000	0.639535	0.554053	0.595654	0.611442	0.740372	0.592906	0.622327	0.603548	0.634397	
2580.000000	0.633185	0.572512	0.599809	0.621874	0.706547	0.593710	0.621273	0.610841	0.634397	
2590.000000	0.638159	0.571056	0.592035	0.598414	0.706302	0.583243	0.614868	0.595225	0.634397	
2600.000000	0.629022	0.578048	0.572148	0.616278	0.712461	0.588079	0.616006	0.602178	0.634397	
2610.000000	0.632142	0.587383	0.596565	0.598916	0.720714	0.585730	0.620242	0.597741	0.634397	
2620.000000	0.634950	0.588480	0.596906	0.623459	0.730030	0.581248	0.625846	0.610182	0.634397	
2630.000000	0.633026	0.556669	0.600605	0.598435	0.726514	0.574376	0.614937	0.599520	0.634397	
2640.000000	0.631550	0.587092	0.591177	0.596362	0.712102	0.581219	0.616584	0.593769	0.634397	
2650.000000	0.631298	0.587129	0.579495	0.587193	0.692095	0.593111	0.611720	0.590152	0.634397	
2660.000000	0.648446	0.607681	0.598703	0.633098	0.711495	0.594906	0.632388	0.620389	0.634397	
2670.000000	0.635959	0.546676	0.600899	0.620860	0.730880	0.588523	0.620633	0.610880	0.634397	
2680.000000	0.642838	0.595807	0.588435	0.619142	0.721827	0.598441	0.627749	0.608792	0.634397	
2690.000000	0.626013	0.589385	0.577269	0.581653	0.674943	0.585637	0.605817	0.587511	0.634397	
2700.000000	0.635476	0.597307	0.589890	0.601234	0.712693	0.586887	0.620581	0.599271	0.634397	
2710.000000	0.627950	0.605074	0.583608	0.600704	0.692469	0.585725	0.615922	0.602889	0.634397	
2720.000000	0.615984	0.577509	0.581700	0.599256	0.705764	0.577997	0.609702	0.590478	0.634397	
2730.000000	0.618937	0.574031	0.592858	0.629627	0.712788	0.582405	0.618441	0.605898	0.634397	
2740.000000	0.629084	0.579852	0.594978	0.612094	0.709045	0.587782	0.618806	0.603536	0.634397	
2750.000000	0.628680	0.598528	0.583224	0.608153	0.671653	0.592541	0.613797	0.603340	0.634397	
2760.000000	0.639345	0.568105	0.595574	0.616832	0.697149	0.590130	0.617856	0.606203	0.634397	
2770.000000	0.650748	0.567039	0.595216	0.585090	0.709617	0.570104	0.612969	0.590153	0.634397	
2780.000000	0.655707	0.547569	0.606666	0.604438	0.727829	0.582407	0.620769	0.605552	0.634397	
2790.000000	0.636673	0.589007	0.595598	0.599120	0.725344	0.581178	0.621153	0.597359	0.634397	
2800.000000	0.636134	0.598311	0.583892	0.590547	0.692790	0.585023	0.614449	0.594429	0.634397	
2810.000000	0.642930	0.575153	0.602680	0.622707	0.742027	0.584092	0.628265	0.612693	0.634397	
2820.000000	0.641411	0.567616	0.604485	0.623253	0.741479	0.585117	0.627227	0.613869	0.634397	
2830.000000	0.643164	0.575891	0.602741	0.633128	0.680951	0.589671	0.620924	0.617935	0.634397	
2840.000000	0.639588	0.588164	0.593070	0.621135	0.737975	0.589890	0.628304	0.607103	0.634397	
2850.000000	0.651433	0.589267	0.580032	0.616485	0.732924	0.585732	0.625979	0.602876	0.634397	
2860.000000	0.638319	0.566927	0.604449	0.633933	0.735937	0.587081	0.627774	0.619191	0.634397	
2870.000000	0.650430	0.573734	0.569451	0.619043	0.712240	0.591686	0.619431	0.605365	0.634397	
2880.000000	0.654817	0.554778	0.608305	0.615216	0.738208	0.589788	0.626852	0.611760	0.634397	
2890.000000	0.650120	0.601144	0.575819	0.587019	0.677629	0.590247	0.613663	0.595696	0.634397	
2900.000000	0.636932	0.606785	0.583050	0.589881	0.685581	0.590053	0.615380	0.598419	0.634397	
2910.000000	0.631040	0.571285	0.605085	0.508450	0.745323	0.586387	0.607928	0.595736	0.634397	
2920.000000	0.650039	0.577292	0.606369	0.562324	0.739624	0.582627	0.619712	0.594498	0.634397	
2930.000000	0.648177	0.586900	0.604041	0.621423	0.728187	0.582204	0.628489	0.612732	0.634397	
2940.000000	0.641654	0.558665	0.603999	0.616766	0.726281	0.556465	0.617305	0.610382	0.634397	
2950.000000	0.645737	0.573554	0.606434	0.622925	0.724243	0.569594	0.623748	0.614679	0.634397	
2960.000000	0.635082	0.588226	0.585842	0.603820	0.700697	0.587434	0.616850	0.596023	0.634397	
2970.000000	0.626655	0.581377	0.605028	0.621797	0.739315	0.571675	0.624308	0.613412	0.634397	
2980.000000	0.625474	0.555051	0.601081	0.619566	0.706289	0.547443	0.609151	0.610323	0.634397	
2990.000000	0.643200	0.580180	0.603334	0.630930	0.728200	0.582250	0.628016	0.617132	0.634397	
3000.000000	0.643973	0.604126	0.601904	0.629097	0.738057	0.591047	0.634701	0.616612	0.634701	
3010.000000	0.646088	0.597004	0.479215	0.625409	0.746996	0.587497	0.613701	0.611206	0.634701	
3020.000000	0.640702	0.577267	0.604366	0.622393	0.751651	0.551027	0.624568	0.613379	0.634701	
3030.000000	0.660523	0.580887	0.599141	0.608893	0.738699	0.598801	0.631157	0.604017	0.634701	
3040.000000	0.664398	0.575119	0.599503	0.604554	0.702666	0.596651	0.623815	0.602029	0.634701	
3050.000000	0.650622	0.554152	0.601467	0.633540	0.729143	0.589427	0.626392	0.617503	0.634701	
3060.000000	0.645990	0.566146	0.604901	0.632908	0.743033	0.581455	0.629072	0.618904	0.634701	
3070.000000	0.650172	0.568458	0.601866	0.619443	0.739013	0.590448	0.628233	0.610655	0.634701	
3080.000000	0.650121	0.582647	0.608735	0.638300	0.753658	0.572692	0.634359	0.623518	0.634701	
3090.000000	0.633573	0.615947	0.599937	0.610063	0.723369	0.580430	0.627220	0.613005	0.634701	
3100.000000	0.646079	0.537465	0.600449	0.618050	0.728061	0.587649	0.619625	0.609249	0.634701	
3110.000000	0.655007	0.581761	0.617394	0.639044	0.743171	0.572004	0.634730	0.628219	0.634730	
3120.000000	0.664268	0.569060	0.596369	0.632520	0.733239	0.594610	0.631677	0.614444	0.634730	
3130.000000	0.663107	0.565347	0.597736	0.634966	0.723173	0.594857	0.629864	0.616351	0.634730	
3140.000000	0.617617	0.579765	0.604449	0.642906	0.742869	0.588344	0.629325	0.611033	0.634730	
3150.000000	0.664839	0.589695	0.597744	0.636195	0.739504	0.594290	0.637045	0.616970	0.637045	
3160.000000	0.668234	0.595640	0.603528	0.642327	0.752035	0.593111	0.642479	0.622928	0.642479	
3170.000000	0.651601	0.608149	0.595252	0.610581	0.732264	0.583020	0.630145	0.609365	0.642479	
3180.000000	0.663073	0.608924	0.604832	0.619265	0.733496	0.583915	0.635584	0.614094	0.642479	
3190.000000	0.653618	0.615352	0.595295	0.620574	0.735899	0.594569	0.635885	0.617963	0.642479	
3200.000000	0.667451	0.598243	0.618745	0.641515	0.757414	0.593336	0.646117	0.630130	0.646117	
3210.000000	0.663960	0.605564	0.608291	0.641775	0.753425	0.594281	0.644549	0.625033	0.646117	
3220.000000	0.659170	0.610095	0.604027	0.654270	0.741039	0.596563	0.644194	0.632183	0.646117	
3230.000000	0.656287	0.553842	0.606819	0.655429	0.752702	0.591845	0.636154	0.631124	0.646117	
3240.000000	0.629395	0.552875	0.590268	0.617517	0.742637	0.568430	0.616854	0.603893	0.646117	
3250.000000	0.650496	0.575804	0.579941	0.608659	0.728521	0.579169	0.620432	0.594300	0.646117	
3260.000000	0.647618	0.592993	0.601221	0.616922	0.733899	0.584425	0.629513	0.609072	0.646117	
3270.000000	0.612521	0.561398	0.588858	0.614994	0.716380	0.475660	0.594969	0.600690	0.646117	
3280.000000	0.641673	0.588549	0.608099	0.628851	0.753123	0.592132	0.635404	0.618475	0.646117	
3290.000000	0.654510	0.602644	0.586796	0.647208	0.692242	0.592460	0.629310	0.624926	0.646117	
3300.000000	0.658051	0.600552	0.590776	0.645464	0.734553	0.590767	0.636694	0.623008	0.646117	
3310.000000	0.648469	0.581215	0.609260	0.645258	0.741618	0.589594	0.635902	0.627259	0.646117	
3320.000000	0.659021	0.612816	0.608723	0.626073	0.710202	0.577828	0.632444	0.619445	0.646117	
3330.000000	0.643606	0.622871	0.584260	0.615203	0.735170	0.595147	0.632709	0.619037	0.646117	
3340.000000	0.634192	0.631326	0.592093	0.539902	0.729609	0.571925	0.616508	0.611709	0.646117	
3350.000000	0.617278	0.588573	0.597728	0.607778	0.722268	0.570573	0.617366	0.602753	0.646117	
3360.000000	0.647530	0.559638	0.594972	0.636329	0.739718	0.573682	0.625311	0.615651	0.646117	
3370.000000	0.637296	0.579759	0.609694	0.633547	0.751576	0.573779	0.630942	0.621620	0.646117	
3380.000000	0.650172	0.586181	0.615058	0.624949	0.742196	0.560304	0.629810	0.620003	0.646117	
3390.000000	0.667498	0.595714	0.605731	0.628136	0.724211	0.587654	0.634824	0.616934	0.646117	
3400.000000	0.660050	0.615724	0.593571	0.636213	0.731175	0.596014	0.638791	0.625968	0.646117	
3410.000000	0.668024	0.572711	0.615184	0.635365	0.760238	0.594914	0.641073	0.625275	0.646117	
3420.000000	0.637619	0.632404	0.590464	0.632610	0.746134	0.591490	0.638454	0.632507	0.646117	
3430.000000	0.639733	0.574106	0.604371	0.589309	0.733559	0.590516	0.621932	0.597443	0.646117	
3440.000000	0.650809	0.550110	0.608398	0.625293	0.744316	0.589083	0.628002	0.616846	0.646117	
3450.000000	0.628584	0.594134	0.600332	0.620058	0.731936	0.589962	0.627501	0.610195	0.646117	
3460.000000	0.664364	0.596625	0.599097	0.622032	0.760018	0.598082	0.640036	0.610564	0.646117	
3470.000000	0.662960	0.611093	0.600472	0.633001	0.757760	0.595018	0.643384	0.622047	0.646117	
3480.000000	0.666198	0.616021	0.618899	0.648353	0.756017	0.595328	0.650136	0.633626	0.650136	
3490.000000	0.656343	0.597041	0.617838	0.642621	0.735767	0.596065	0.640946	0.630229	0.650136	
3500.000000	0.654708	0.625983	0.603787	0.621102	0.741473	0.584063	0.638519	0.623542	0.650136	
3510.000000	0.645023	0.587644	0.612569	0.628275	0.748072	0.588078	0.634943	0.620422	0.650136	
3520.000000	0.656639	0.627321	0.609957	0.635911	0.751437	0.581036	0.643717	0.631616	0.650136	
3530.000000	0.647263	0.597763	0.621476	0.644772	0.750764	0.585767	0.641301	0.633124	0.650136	
3540.000000	0.652323	0.581029	0.619464	0.636422	0.756935	0.586861	0.638839	0.627943	0.650136	
3550.000000	0.581873	0.585065	0.599860	0.630084	0.760751	0.585258	0.623815	0.592559	0.650136	
3560.000000	0.608640	0.580968	0.613271	0.634560	0.744109	0.575820	0.626228	0.610956	0.650136	
3570.000000	0.656240	0.603314	0.576178	0.637176	0.714776	0.597171	0.630809	0.620245	0.650136	
3580.000000	0.646713	0.580614	0.598409	0.632001	0.762805	0.587105	0.634608	0.615205	0.650136	
3590.000000	0.635690	0.569190	0.611344	0.635869	0.758609	0.572578	0.630547	0.623517	0.650136	
3600.000000	0.625324	0.546955	0.613708	0.639781	0.738680	0.577688	0.623689	0.619516	0.650136	
3610.000000	0.635980	0.555652	0.577123	0.604188	0.720311	0.584519	0.612962	0.594354	0.650136	
3620.000000	0.651616	0.585604	0.573463	0.590845	0.736541	0.578302	0.619395	0.588225	0.650136	
3630.000000	0.638212	0.571403	0.601434	0.627656	0.763100	0.585340	0.631191	0.614545	0.650136	
3640.000000	0.645125	0.582740	0.592705	0.600040	0.714989	0.587222	0.620470	0.596373	0.650136	
3650.000000	0.631964	0.576895	0.553675	0.572911	0.606457	0.580150	0.587009	0.578522	0.650136	
3660.000000	0.651903	0.607442	0.583458	0.610586	0.735579	0.591872	0.630140	0.609014	0.650136	
3670.000000	0.655867	0.609339	0.598465	0.620362	0.748821	0.585979	0.636472	0.614850	0.650136	
3680.000000	0.663871	0.602440	0.607386	0.626922	0.710114	0.588787	0.633253	0.617154	0.650136	
3690.000000	0.666914	0.589739	0.618986	0.630129	0.762893	0.595776	0.644073	0.624557	0.650136	
3700.000000	0.675082	0.608763	0.621836	0.636910	0.726696	0.590487	0.643296	0.629373	0.650136	
3710.000000	0.673587	0.591084	0.623612	0.634352	0.761905	0.587498	0.645339	0.628982	0.650136	
3720.000000	0.664248	0.597152	0.619985	0.638215	0.763509	0.590992	0.645684	0.629100	0.650136	
3730.000000	0.656731	0.605186	0.608430	0.635263	0.766359	0.574118	0.641014	0.621846	0.650136	
3740.000000	0.657740	0.611068	0.606381	0.632776	0.761993	0.592873	0.643805	0.621922	0.650136	
3750.000000	0.641322	0.583348	0.596387	0.620477	0.735220	0.587518	0.627379	0.608432	0.650136	
3760.000000	0.646860	0.604231	0.589911	0.609212	0.749651	0.580637	0.630084	0.606722	0.650136	
3770.000000	0.648885	0.573758	0.584918	0.602675	0.722444	0.587425	0.620018	0.595050	0.650136	
3780.000000	0.653457	0.611316	0.587264	0.625351	0.730018	0.587176	0.632430	0.618334	0.650136	
3790.000000	0.646964	0.592466	0.612105	0.636753	0.752501	0.590624	0.638569	0.624429	0.650136	
3800.000000	0.659819	0.608620	0.611947	0.641414	0.757112	0.587126	0.644339	0.626680	0.650136	
3810.000000	0.659718	0.613598	0.610471	0.646858	0.754803	0.596775	0.647037	0.630228	0.650136	
3820.000000	0.646598	0.594722	0.617968	0.647508	0.770360	0.585220	0.643729	0.632283	0.650136	
3830.000000	0.648880	0.631096	0.604347	0.642559	0.764126	0.585161	0.646028	0.636828	0.650136	
3840.000000	0.660424	0.615215	0.612183	0.628351	0.759269	0.593280	0.644787	0.621783	0.650136	
3850.000000	0.656720	0.605440	0.598885	0.617033	0.736422	0.592149	0.634442	0.611236	0.650136	
3860.000000	0.654557	0.586807	0.617575	0.624120	0.761559	0.580289	0.637484	0.620848	0.650136	
3870.000000	0.651996	0.635243	0.607200	0.623817	0.753884	0.579815	0.641993	0.629530	0.650136	
3880.000000	0.652436	0.587929	0.609888	0.631305	0.759722	0.589982	0.638544	0.620597	0.650136	
3890.000000	0.656514	0.561342	0.612684	0.635080	0.769190	0.584118	0.636488	0.623882	0.650136	
3900.000000	0.656848	0.546769	0.609961	0.632651	0.758540	0.572588	0.629560	0.621306	0.650136	
3910.000000	0.658848	0.597707	0.603555	0.632887	0.760615	0.579566	0.638863	0.618221	0.650136	
3920.000000	0.659409	0.558751	0.599909	0.627532	0.754161	0.584094	0.630643	0.613721	0.650136	
3930.000000	0.649760	0.596687	0.600243	0.620528	0.744574	0.578668	0.631743	0.610385	0.650136	
3940.000000	0.632030	0.604851	0.579311	0.602254	0.718003	0.582394	0.619807	0.603552	0.650136	
3950.000000	0.653068	0.613405	0.598162	0.626989	0.548023	0.583999	0.603941	0.605784	0.650136	
3960.000000	0.660108	0.628183	0.611140	0.638398	0.755162	0.589835	0.647138	0.633291	0.650136	
3970.000000	0.658419	0.576982	0.604639	0.639219	0.745461	0.567081	0.631967	0.621929	0.650136	
3980.000000	0.641756	0.571936	0.603361	0.634057	0.748110	0.585516	0.630789	0.618709	0.650136	
3990.000000	0.641835	0.600469	0.593637	0.610024	0.735975	0.585431	0.627895	0.605246	0.650136	
4000.000000	0.655052	0.613077	0.609593	0.628124	0.747883	0.582738	0.639411	0.620601	0.650136	
4010.000000	0.643765	0.588858	0.609305	0.627447	0.763258	0.584387	0.636170	0.618376	0.650136	
4020.000000	0.659043	0.586050	0.603825	0.620803	0.760074	0.583832	0.635605	0.612314	0.650136	
4030.000000	0.644906	0.593768	0.612591	0.599980	0.747330	0.587468	0.631007	0.606285	0.650136	
4040.000000	0.658878	0.582108	0.615222	0.621028	0.754929	0.586724	0.636481	0.618125	0.650136	
4050.000000	0.657316	0.587334	0.612894	0.609732	0.740731	0.585298	0.632217	0.611313	0.650136	
4060.000000	0.643600	0.557078	0.613605	0.627935	0.747418	0.579612	0.628208	0.620770	0.650136	
4070.000000	0.652707	0.569754	0.623192	0.641837	0.754174	0.591739	0.638901	0.632515	0.650136	
4080.000000	0.660083	0.593321	0.597683	0.612235	0.726350	0.594272	0.630658	0.604959	0.650136	
4090.000000	0.660651	0.615550	0.606884	0.635480	0.702540	0.590333	0.635240	0.625515	0.650136	
4100.000000	0.658547	0.609023	0.614406	0.640165	0.752321	0.583825	0.643048	0.627285	0.650136	
4110.000000	0.667208	0.632057	0.611547	0.636211	0.755092	0.592657	0.649129	0.634134	0.650136	
4120.000000	0.667145	0.620435	0.601130	0.631652	0.740913	0.595860	0.642856	0.626043	0.650136	
4130.000000	0.672641	0.603140	0.616231	0.640506	0.769712	0.597003	0.649872	0.628368	0.650136	
4140.000000	0.671420	0.602322	0.615323	0.642846	0.767164	0.598591	0.649611	0.629084	0.650136	
4150.000000	0.668488	0.600171	0.620418	0.638811	0.765711	0.584750	0.646392	0.629615	0.650136	
4160.000000	0.659607	0.587334	0.612440	0.632348	0.760565	0.588450	0.640124	0.622394	0.650136	
4170.000000	0.651945	0.616158	0.599824	0.604104	0.732100	0.577066	0.630200	0.610131	0.650136	
4180.000000	0.660670	0.611403	0.614111	0.623482	0.742882	0.585602	0.639692	0.618796	0.650136	
4190.000000	0.646868	0.587210	0.603332	0.614821	0.722582	0.585833	0.626774	0.609076	0.650136	
4200.000000	0.659396	0.613362	0.604709	0.624828	0.734516	0.593605	0.638403	0.619095	0.650136	
4210.000000	0.658673	0.600921	0.611802	0.632612	0.745518	0.587951	0.639580	0.622207	0.650136	
4220.000000	0.639951	0.616982	0.598586	0.635124	0.732641	0.587676	0.635160	0.626053	0.650136	
4230.000000	0.636682	0.578587	0.608327	0.634132	0.752155	0.580847	0.631788	0.621229	0.650136	
4240.000000	0.658581	0.583357	0.615222	0.647810	0.758558	0.583990	0.641253	0.631516	0.650136	
4250.000000	0.667372	0.604430	0.615834	0.648925	0.761974	0.595456	0.648999	0.632380	0.650136	
4260.000000	0.648614	0.581941	0.610478	0.626477	0.760641	0.591402	0.636592	0.618478	0.650136	
4270.000000	0.662810	0.599092	0.609348	0.639554	0.759785	0.574557	0.640858	0.624451	0.650136	
4280.000000	0.620964	0.598194	0.596928	0.637500	0.755526	0.574264	0.630563	0.609579	0.650136	
4290.000000	0.655743	0.638876	0.583490	0.620968	0.731433	0.586962	0.636245	0.629922	0.650136	
4300.000000	0.665563	0.606915	0.616326	0.641546	0.757269	0.584513	0.645355	0.628936	0.650136	
4310.000000	0.662610	0.590566	0.588484	0.634622	0.737629	0.569074	0.630498	0.612594	0.650136	
4320.000000	0.669971	0.591753	0.608981	0.641890	0.775933	0.582571	0.645183	0.625435	0.650136	
4330.000000	0.658118	0.589379	0.612087	0.640852	0.773926	0.587275	0.643606	0.626470	0.650136	
4340.000000	0.669971	0.607399	0.612038	0.634981	0.762566	0.598170	0.647521	0.623509	0.650136	
4350.000000	0.671575	0.597908	0.611630	0.649517	0.765711	0.600549	0.649482	0.630573	0.650136	
4360.000000	0.656646	0.607802	0.614315	0.659526	0.768284	0.595800	0.650395	0.635480	0.650395	
4370.000000	0.646122	0.598535	0.614972	0.650966	0.755935	0.567121	0.638942	0.630547	0.650395	
4380.000000	0.660643	0.606153	0.616206	0.631037	0.754778	0.600256	0.644845	0.623621	0.650395	
4390.000000	0.662637	0.604113	0.605063	0.614542	0.743216	0.596832	0.637734	0.609802	0.650395	
4400.000000	0.662646	0.605843	0.612636	0.620126	0.731962	0.598214	0.638571	0.616381	0.650395	
4410.000000	0.667178	0.618882	0.619935	0.641682	0.749569	0.593179	0.648404	0.630809	0.650395	
4420.000000	0.652922	0.588015	0.621133	0.631539	0.761528	0.593029	0.641361	0.626336	0.650395	
4430.000000	0.671804	0.610529	0.624943	0.640583	0.756313	0.596232	0.650067	0.632763	0.650395	
4440.000000	0.666950	0.607417	0.611037	0.625999	0.751884	0.597543	0.643472	0.618518	0.650395	
4450.000000	0.643079	0.618061	0.598866	0.613570	0.733610	0.596391	0.633929	0.615815	0.650395	
4460.000000	0.655493	0.545598	0.614416	0.623734	0.755086	0.584997	0.629887	0.619075	0.650395	
4470.000000	0.661590	0.560214	0.614715	0.600336	0.771857	0.578452	0.631194	0.607526	0.650395	
4480.000000	0.667146	0.589863	0.610074	0.618178	0.754124	0.585022	0.637401	0.614126	0.650395	
4490.000000	0.666576	0.593346	0.599719	0.633028	0.748805	0.581667	0.637190	0.616374	0.650395	
4500.000000	0.653693	0.581172	0.605796	0.610649	0.744738	0.594448	0.631749	0.608222	0.650395	
4510.000000	0.617772	0.563580	0.613616	0.601813	0.725998	0.578538	0.616886	0.607715	0.650395	
4520.000000	0.653507	0.611180	0.614002	0.610956	0.729301	0.585249	0.634032	0.612591	0.650395	
4530.000000	0.651665	0.599210	0.605590	0.602266	0.728590	0.591422	0.629791	0.603928	0.650395	
4540.000000	0.652937	0.597202	0.602691	0.614505	0.741643	0.590450	0.633238	0.608598	0.650395	
4550.000000	0.654448	0.608787	0.599254	0.610119	0.749645	0.590289	0.635424	0.609453	0.650395	
4560.000000	0.643149	0.622610	0.600027	0.615684	0.739567	0.584583	0.634270	0.619147	0.650395	
4570.000000	0.654055	0.603649	0.592412	0.617607	0.724092	0.587251	0.629844	0.610628	0.650395	
4580.000000	0.660659	0.609915	0.592796	0.615978	0.722733	0.579839	0.630320	0.612947	0.650395	
4590.000000	0.674181	0.600035	0.599371	0.611678	0.731804	0.600578	0.636274	0.606128	0.650395	
4600.000000	0.675465	0.579994	0.615484	0.631055	0.747418	0.595516	0.640822	0.623269	0.650395	
4610.000000	0.668936	0.555447	0.616003	0.633882	0.754205	0.584837	0.635552	0.624942	0.650395	
4620.000000	0.646388	0.566531	0.607202	0.621754	0.748009	0.593578	0.630577	0.614478	0.650395	
4630.000000	0.660269	0.576167	0.606160	0.651724	0.766296	0.595849	0.642744	0.628942	0.650395	
4640.000000	0.660250	0.607789	0.599488	0.643470	0.760647	0.598322	0.644994	0.625630	0.650395	
4650.000000	0.637277	0.586255	0.589020	0.619105	0.750098	0.584877	0.627772	0.604063	0.650395	
4660.000000	0.658910	0.605465	0.595529	0.618388	0.746002	0.595048	0.636557	0.611927	0.650395	
4670.000000	0.656061	0.645781	0.590821	0.621953	0.729426	0.605346	0.641565	0.633867	0.650395	
4680.000000	0.658982	0.621507	0.600888	0.628765	0.745751	0.603322	0.643203	0.625136	0.650395	
4690.000000	0.662283	0.627414	0.602814	0.623438	0.741561	0.596920	0.642405	0.625426	0.650395	
4700.000000	0.667859	0.606612	0.609644	0.624076	0.753903	0.602928	0.644170	0.616860	0.650395	
4710.000000	0.662957	0.580856	0.600512	0.627620	0.756596	0.589478	0.636336	0.614066	0.650395	
4720.000000	0.663493	0.572029	0.598810	0.627144	0.731534	0.586984	0.629999	0.612977	0.650395	
4730.000000	0.629088	0.556622	0.569695	0.611348	0.684807	0.568510	0.603345	0.590522	0.650395	
4740.000000	0.645455	0.574874	0.560503	0.621758	0.704902	0.590919	0.616402	0.606338	0.650395	
4750.000000	0.670999	0.630142	0.600369	0.651430	0.758137	0.595295	0.651062	0.640786	0.651062	
4760.000000	0.663548	0.629950	0.603907	0.655888	0.750113	0.604868	0.651379	0.642919	0.651379	
4770.000000	0.648827	0.673508	0.602180	0.650012	0.754287	0.605373	0.655698	0.649420	0.655698	
4780.000000	0.665249	0.617422	0.616795	0.649635	0.751047	0.609416	0.651594	0.633528	0.655698	
4790.000000	0.666080	0.632175	0.603813	0.637007	0.761735	0.614797	0.652601	0.634591	0.655698	
4800.000000	0.673628	0.634667	0.614136	0.642112	0.775707	0.602502	0.657125	0.638390	0.657125	
4810.000000	0.650176	0.617639	0.612136	0.649093	0.760213	0.588801	0.646343	0.633366	0.657125	
4820.000000	0.647854	0.631667	0.577262	0.638512	0.715543	0.604936	0.635962	0.635089	0.657125	
4830.000000	0.681876	0.648949	0.609375	0.637286	0.743996	0.613616	0.655849	0.643117	0.657125	
4840.000000	0.664129	0.647783	0.606504	0.642619	0.761515	0.598875	0.653571	0.645201	0.657125	
4850.000000	0.658816	0.640698	0.609977	0.650750	0.762301	0.596495	0.653173	0.645724	0.657125	
4860.000000	0.661850	0.611874	0.616597	0.654740	0.765050	0.593135	0.650541	0.635669	0.657125	
4870.000000	0.668877	0.626004	0.609302	0.636125	0.755111	0.602335	0.649625	0.631064	0.657125	
4880.000000	0.660568	0.611068	0.579297	0.595976	0.708309	0.591347	0.624427	0.603522	0.657125	
4890.000000	0.663508	0.597847	0.611971	0.634919	0.758974	0.597545	0.644127	0.623445	0.657125	
4900.000000	0.643037	0.580385	0.614439	0.633660	0.756753	0.588285	0.636093	0.624050	0.657125	
4910.000000	0.658758	0.605905	0.610255	0.628403	0.753400	0.598111	0.642472	0.619329	0.657125	
4920.000000	0.678252	0.630071	0.609765	0.630993	0.760905	0.609762	0.653291	0.630532	0.657125	
4930.000000	0.664214	0.625580	0.603189	0.626515	0.761591	0.604663	0.647625	0.626047	0.657125	
4940.000000	0.678191	0.622815	0.611973	0.616586	0.761745	0.607646	0.649826	0.619701	0.657125	
4950.000000	0.677360	0.615079	0.619345	0.646456	0.774052	0.606311	0.656434	0.632901	0.657125	
4960.000000	0.666288	0.636049	0.604931	0.620190	0.742939	0.606786	0.646197	0.628120	0.657125	
4970.000000	0.681705	0.601727	0.603952	0.635152	0.757244	0.606587	0.647728	0.620870	0.657125	
4980.000000	0.685275	0.621544	0.610804	0.638525	0.763541	0.603990	0.653946	0.630034	0.657125	
4990.000000	0.679317	0.617937	0.601342	0.638659	0.749758	0.604921	0.648656	0.628298	0.657125	
5000.000000	0.678895	0.601879	0.608994	0.633676	0.755111	0.605533	0.647348	0.621335	0.657125	
