Epoch	AUC-9	AUC-10	AUC-11	AUC-Avg	AUC-Mid	AUC-Best	
1.000000	0.554752	0.354277	0.639496	0.516175	0.554752	0.516175	
10.000000	0.501311	0.696459	0.536084	0.577951	0.536084	0.577951	
20.000000	0.536938	0.717534	0.667363	0.640612	0.667363	0.640612	
30.000000	0.518505	0.505683	0.617998	0.547395	0.518505	0.640612	
40.000000	0.465513	0.542450	0.649823	0.552595	0.542450	0.640612	
50.000000	0.462089	0.681173	0.681648	0.608303	0.681173	0.640612	
60.000000	0.444806	0.556410	0.639573	0.546930	0.556410	0.640612	
70.000000	0.567814	0.676407	0.621903	0.622041	0.621903	0.640612	
80.000000	0.546120	0.631416	0.687437	0.621658	0.631416	0.640612	
90.000000	0.503671	0.476020	0.608089	0.529260	0.503671	0.640612	
100.000000	0.520356	0.535703	0.583521	0.546527	0.535703	0.640612	
110.000000	0.469412	0.572290	0.611983	0.551228	0.572290	0.640612	
120.000000	0.493657	0.674434	0.556947	0.575013	0.556947	0.640612	
130.000000	0.524884	0.658860	0.559527	0.581090	0.559527	0.640612	
140.000000	0.479310	0.675211	0.644253	0.599591	0.644253	0.640612	
150.000000	0.518018	0.664417	0.595767	0.592734	0.595767	0.640612	
160.000000	0.541106	0.537214	0.610779	0.563033	0.541106	0.640612	
170.000000	0.455832	0.502900	0.477233	0.478655	0.477233	0.640612	
180.000000	0.575573	0.606060	0.641489	0.607708	0.606060	0.640612	
190.000000	0.502128	0.444899	0.664403	0.537143	0.502128	0.640612	
200.000000	0.448643	0.441651	0.461773	0.450689	0.448643	0.640612	
210.000000	0.492074	0.518974	0.645432	0.552160	0.518974	0.640612	
220.000000	0.493645	0.583146	0.561041	0.545944	0.561041	0.640612	
230.000000	0.506857	0.695973	0.573485	0.592105	0.573485	0.640612	
240.000000	0.543860	0.717739	0.635962	0.632520	0.635962	0.640612	
250.000000	0.548777	0.535349	0.486878	0.523668	0.535349	0.640612	
260.000000	0.503138	0.667717	0.655141	0.608665	0.655141	0.640612	
270.000000	0.525116	0.683624	0.658496	0.622412	0.658496	0.640612	
280.000000	0.588522	0.684376	0.705344	0.659414	0.684376	0.659414	
290.000000	0.591360	0.673832	0.697068	0.654086	0.673832	0.659414	
300.000000	0.588631	0.705752	0.696226	0.663536	0.696226	0.663536	
310.000000	0.549365	0.702222	0.644569	0.632052	0.644569	0.663536	
320.000000	0.538120	0.684362	0.638205	0.620229	0.638205	0.663536	
330.000000	0.563686	0.685767	0.669776	0.639743	0.669776	0.663536	
340.000000	0.590431	0.705305	0.706213	0.667316	0.705305	0.667316	
350.000000	0.518938	0.705848	0.686167	0.636984	0.686167	0.667316	
360.000000	0.562824	0.644954	0.693501	0.633760	0.644954	0.667316	
370.000000	0.581469	0.693206	0.670673	0.648450	0.670673	0.667316	
380.000000	0.532429	0.634952	0.505127	0.557503	0.532429	0.667316	
390.000000	0.562256	0.638616	0.649530	0.616800	0.638616	0.667316	
400.000000	0.557102	0.701322	0.639054	0.632492	0.639054	0.667316	
410.000000	0.588844	0.711592	0.686806	0.662414	0.686806	0.667316	
420.000000	0.585175	0.677567	0.715399	0.659380	0.677567	0.667316	
430.000000	0.582303	0.705444	0.666386	0.651378	0.666386	0.667316	
440.000000	0.579092	0.719406	0.711507	0.670002	0.711507	0.670002	
450.000000	0.564224	0.697392	0.705612	0.655743	0.697392	0.670002	
460.000000	0.547038	0.654755	0.716620	0.639471	0.654755	0.670002	
470.000000	0.545600	0.634057	0.654263	0.611307	0.634057	0.670002	
480.000000	0.555100	0.673369	0.686913	0.638461	0.673369	0.670002	
490.000000	0.558975	0.647694	0.709137	0.638602	0.647694	0.670002	
500.000000	0.574518	0.693697	0.692705	0.653640	0.692705	0.670002	
510.000000	0.583023	0.478624	0.711509	0.591052	0.583023	0.670002	
520.000000	0.590975	0.696715	0.670895	0.652862	0.670895	0.670002	
530.000000	0.564709	0.693213	0.643638	0.633853	0.643638	0.670002	
540.000000	0.569447	0.718426	0.660838	0.649571	0.660838	0.670002	
550.000000	0.585512	0.716832	0.705652	0.669332	0.705652	0.670002	
560.000000	0.595898	0.686893	0.708635	0.663808	0.686893	0.670002	
570.000000	0.525236	0.602916	0.671979	0.600043	0.602916	0.670002	
580.000000	0.543583	0.695029	0.695162	0.644591	0.695029	0.670002	
590.000000	0.593104	0.686874	0.698548	0.659508	0.686874	0.670002	
600.000000	0.587768	0.699834	0.719291	0.668964	0.699834	0.670002	
610.000000	0.548621	0.694469	0.701351	0.648147	0.694469	0.670002	
620.000000	0.582779	0.701868	0.713785	0.666144	0.701868	0.670002	
630.000000	0.590303	0.696003	0.710707	0.665671	0.696003	0.670002	
640.000000	0.596587	0.706333	0.726634	0.676518	0.706333	0.676518	
650.000000	0.569982	0.713257	0.656599	0.646613	0.656599	0.676518	
660.000000	0.588802	0.704679	0.697633	0.663705	0.697633	0.676518	
670.000000	0.522333	0.717083	0.706525	0.648647	0.706525	0.676518	
680.000000	0.588145	0.687147	0.714838	0.663377	0.687147	0.676518	
690.000000	0.595733	0.728392	0.698026	0.674051	0.698026	0.676518	
700.000000	0.589089	0.722481	0.645521	0.652364	0.645521	0.676518	
710.000000	0.546611	0.554629	0.566666	0.555969	0.554629	0.676518	
720.000000	0.576861	0.713378	0.707253	0.665831	0.707253	0.676518	
730.000000	0.593805	0.706536	0.698352	0.666231	0.698352	0.676518	
740.000000	0.583869	0.701753	0.702810	0.662810	0.701753	0.676518	
750.000000	0.491696	0.706170	0.682233	0.626700	0.682233	0.676518	
760.000000	0.597479	0.726158	0.660789	0.661475	0.660789	0.676518	
770.000000	0.590501	0.723072	0.716161	0.676578	0.716161	0.676578	
780.000000	0.590618	0.708380	0.700302	0.666434	0.700302	0.676578	
790.000000	0.570439	0.739632	0.696793	0.668954	0.696793	0.676578	
800.000000	0.548805	0.687313	0.680251	0.638790	0.680251	0.676578	
810.000000	0.497788	0.706890	0.688316	0.630998	0.688316	0.676578	
820.000000	0.595222	0.721621	0.701536	0.672793	0.701536	0.676578	
830.000000	0.595863	0.721601	0.705539	0.674334	0.705539	0.676578	
840.000000	0.596085	0.721678	0.710078	0.675947	0.710078	0.676578	
850.000000	0.596646	0.732943	0.717436	0.682342	0.717436	0.682342	
860.000000	0.527407	0.732644	0.706701	0.655584	0.706701	0.682342	
870.000000	0.581101	0.695180	0.717259	0.664513	0.695180	0.682342	
880.000000	0.589700	0.697160	0.700955	0.662605	0.697160	0.682342	
890.000000	0.569625	0.699141	0.704716	0.657827	0.699141	0.682342	
900.000000	0.592347	0.720901	0.706207	0.673152	0.706207	0.682342	
910.000000	0.600131	0.722950	0.712728	0.678603	0.712728	0.682342	
920.000000	0.518247	0.731541	0.701548	0.650445	0.701548	0.682342	
930.000000	0.599870	0.738020	0.707756	0.681882	0.707756	0.682342	
940.000000	0.599584	0.735993	0.692824	0.676133	0.692824	0.682342	
950.000000	0.604135	0.735451	0.715646	0.685078	0.715646	0.685078	
960.000000	0.602566	0.738385	0.703690	0.681547	0.703690	0.685078	
970.000000	0.604574	0.745706	0.720414	0.690231	0.720414	0.690231	
980.000000	0.599970	0.739326	0.720562	0.686619	0.720562	0.690231	
990.000000	0.594857	0.728809	0.722179	0.681948	0.722179	0.690231	
1000.000000	0.598088	0.722727	0.712393	0.677736	0.712393	0.690231	
1010.000000	0.593660	0.738766	0.710166	0.680864	0.710166	0.690231	
1020.000000	0.581482	0.683187	0.707321	0.657330	0.683187	0.690231	
1030.000000	0.595385	0.717392	0.725654	0.679477	0.717392	0.690231	
1040.000000	0.603284	0.667708	0.707337	0.659443	0.667708	0.690231	
1050.000000	0.544260	0.697738	0.722241	0.654746	0.697738	0.690231	
1060.000000	0.510418	0.713700	0.713264	0.645794	0.713264	0.690231	
1070.000000	0.602123	0.699171	0.711690	0.670995	0.699171	0.690231	
1080.000000	0.591861	0.653256	0.692745	0.645954	0.653256	0.690231	
1090.000000	0.566477	0.731816	0.691549	0.663280	0.691549	0.690231	
1100.000000	0.596863	0.742790	0.726564	0.688739	0.726564	0.690231	
1110.000000	0.579917	0.694758	0.678989	0.651221	0.678989	0.690231	
1120.000000	0.592559	0.616652	0.710754	0.639988	0.616652	0.690231	
1130.000000	0.587590	0.728618	0.729795	0.682001	0.728618	0.690231	
1140.000000	0.596675	0.734370	0.730955	0.687333	0.730955	0.690231	
1150.000000	0.593848	0.719391	0.738748	0.683996	0.719391	0.690231	
1160.000000	0.570446	0.739716	0.727516	0.679226	0.727516	0.690231	
1170.000000	0.539618	0.734717	0.714431	0.662922	0.714431	0.690231	
1180.000000	0.596278	0.742659	0.731754	0.690230	0.731754	0.690231	
1190.000000	0.599987	0.749209	0.725756	0.691651	0.725756	0.691651	
1200.000000	0.606395	0.751382	0.726970	0.694916	0.726970	0.694916	
1210.000000	0.607710	0.691585	0.715174	0.671490	0.691585	0.694916	
1220.000000	0.602184	0.699744	0.713109	0.671679	0.699744	0.694916	
1230.000000	0.607222	0.744892	0.723697	0.691937	0.723697	0.694916	
1240.000000	0.554567	0.743761	0.705218	0.667848	0.705218	0.694916	
1250.000000	0.589900	0.731916	0.722032	0.681282	0.722032	0.694916	
1260.000000	0.601683	0.713906	0.714125	0.676572	0.713906	0.694916	
1270.000000	0.586969	0.714410	0.710422	0.670600	0.710422	0.694916	
1280.000000	0.603312	0.732583	0.726261	0.687385	0.726261	0.694916	
1290.000000	0.593884	0.746212	0.735179	0.691758	0.735179	0.694916	
1300.000000	0.587083	0.738348	0.740362	0.688598	0.738348	0.694916	
1310.000000	0.604928	0.717491	0.702297	0.674905	0.702297	0.694916	
1320.000000	0.613011	0.746034	0.741368	0.700138	0.741368	0.700138	
1330.000000	0.621498	0.757064	0.735507	0.704690	0.735507	0.704690	
1340.000000	0.616520	0.771483	0.714183	0.700729	0.714183	0.704690	
1350.000000	0.621143	0.763158	0.670470	0.684924	0.670470	0.704690	
1360.000000	0.628446	0.723171	0.715005	0.688874	0.715005	0.704690	
1370.000000	0.591414	0.611758	0.726079	0.643083	0.611758	0.704690	
1380.000000	0.625949	0.733372	0.712200	0.690507	0.712200	0.704690	
1390.000000	0.625406	0.754335	0.743385	0.707709	0.743385	0.707709	
1400.000000	0.607263	0.742623	0.734734	0.694873	0.734734	0.707709	
1410.000000	0.613947	0.750623	0.728269	0.697613	0.728269	0.707709	
1420.000000	0.617889	0.753463	0.720468	0.697273	0.720468	0.707709	
1430.000000	0.603498	0.740876	0.731498	0.691957	0.731498	0.707709	
1440.000000	0.621802	0.717133	0.700355	0.679763	0.700355	0.707709	
1450.000000	0.621388	0.725469	0.592476	0.646444	0.621388	0.707709	
1460.000000	0.611664	0.730975	0.729624	0.690754	0.729624	0.707709	
1470.000000	0.605198	0.716837	0.714061	0.678698	0.714061	0.707709	
1480.000000	0.609303	0.737484	0.711466	0.686084	0.711466	0.707709	
1490.000000	0.606382	0.754207	0.737109	0.699233	0.737109	0.707709	
1500.000000	0.594338	0.756183	0.738117	0.696213	0.738117	0.707709	
1510.000000	0.606868	0.765769	0.739676	0.704104	0.739676	0.707709	
1520.000000	0.606293	0.754884	0.727792	0.696323	0.727792	0.707709	
1530.000000	0.608485	0.742943	0.706124	0.685851	0.706124	0.707709	
1540.000000	0.606263	0.725234	0.701664	0.677721	0.701664	0.707709	
1550.000000	0.607631	0.753098	0.731047	0.697259	0.731047	0.707709	
1560.000000	0.618394	0.744098	0.735368	0.699287	0.735368	0.707709	
1570.000000	0.607480	0.753898	0.733768	0.698382	0.733768	0.707709	
1580.000000	0.606420	0.745643	0.734757	0.695607	0.734757	0.707709	
1590.000000	0.611997	0.721623	0.722935	0.685518	0.721623	0.707709	
1600.000000	0.614018	0.741575	0.706963	0.687519	0.706963	0.707709	
1610.000000	0.617325	0.748366	0.724685	0.696792	0.724685	0.707709	
1620.000000	0.617540	0.742235	0.731238	0.697005	0.731238	0.707709	
1630.000000	0.625890	0.739037	0.729353	0.698093	0.729353	0.707709	
1640.000000	0.619395	0.737116	0.609244	0.655252	0.619395	0.707709	
1650.000000	0.609215	0.743838	0.734659	0.695904	0.734659	0.707709	
1660.000000	0.606212	0.744135	0.718401	0.689582	0.718401	0.707709	
1670.000000	0.606742	0.753001	0.733071	0.697605	0.733071	0.707709	
1680.000000	0.606246	0.740031	0.743277	0.696518	0.740031	0.707709	
1690.000000	0.601555	0.710813	0.744079	0.685482	0.710813	0.707709	
1700.000000	0.604041	0.718568	0.715703	0.679437	0.715703	0.707709	
1710.000000	0.598190	0.721386	0.714695	0.678091	0.714695	0.707709	
1720.000000	0.610881	0.734434	0.731667	0.692327	0.731667	0.707709	
1730.000000	0.606549	0.711783	0.747327	0.688553	0.711783	0.707709	
1740.000000	0.609773	0.742692	0.731944	0.694803	0.731944	0.707709	
1750.000000	0.609285	0.748072	0.730304	0.695887	0.730304	0.707709	
1760.000000	0.606138	0.713856	0.712583	0.677526	0.712583	0.707709	
1770.000000	0.610574	0.723662	0.721036	0.685091	0.721036	0.707709	
1780.000000	0.613472	0.734719	0.737963	0.695384	0.734719	0.707709	
1790.000000	0.609089	0.693640	0.751136	0.684622	0.693640	0.707709	
1800.000000	0.607440	0.737526	0.742440	0.695802	0.737526	0.707709	
1810.000000	0.623891	0.762010	0.746139	0.710680	0.746139	0.710680	
1820.000000	0.629994	0.764567	0.754281	0.716281	0.754281	0.716281	
1830.000000	0.628723	0.766917	0.754870	0.716837	0.754870	0.716837	
1840.000000	0.639775	0.759005	0.737965	0.712248	0.737965	0.716837	
1850.000000	0.634007	0.767805	0.745047	0.715620	0.745047	0.716837	
1860.000000	0.641131	0.771345	0.726076	0.712851	0.726076	0.716837	
1870.000000	0.625960	0.734828	0.707676	0.689488	0.707676	0.716837	
1880.000000	0.632391	0.729427	0.717723	0.693181	0.717723	0.716837	
1890.000000	0.615234	0.724236	0.737893	0.692455	0.724236	0.716837	
1900.000000	0.622664	0.738256	0.739981	0.700300	0.738256	0.716837	
1910.000000	0.627027	0.758868	0.741081	0.708992	0.741081	0.716837	
1920.000000	0.630526	0.728451	0.731521	0.696833	0.728451	0.716837	
1930.000000	0.634750	0.733033	0.724837	0.697540	0.724837	0.716837	
1940.000000	0.631978	0.726640	0.748220	0.702279	0.726640	0.716837	
1950.000000	0.645568	0.732467	0.746738	0.708258	0.732467	0.716837	
1960.000000	0.632554	0.733953	0.736821	0.701109	0.733953	0.716837	
1970.000000	0.625403	0.743644	0.725242	0.698096	0.725242	0.716837	
1980.000000	0.644883	0.756599	0.736791	0.712758	0.736791	0.716837	
1990.000000	0.644411	0.763810	0.749898	0.719373	0.749898	0.719373	
2000.000000	0.635115	0.754974	0.735556	0.708548	0.735556	0.719373	
2010.000000	0.632848	0.748792	0.742518	0.708053	0.742518	0.719373	
2020.000000	0.628986	0.754927	0.723647	0.702520	0.723647	0.719373	
2030.000000	0.638647	0.765946	0.731703	0.712099	0.731703	0.719373	
2040.000000	0.629751	0.756458	0.735174	0.707128	0.735174	0.719373	
2050.000000	0.634228	0.751089	0.731950	0.705756	0.731950	0.719373	
2060.000000	0.639804	0.752780	0.746921	0.713168	0.746921	0.719373	
2070.000000	0.630475	0.717905	0.740987	0.696456	0.717905	0.719373	
2080.000000	0.658680	0.752923	0.734853	0.715486	0.734853	0.719373	
2090.000000	0.645674	0.742132	0.749133	0.712313	0.742132	0.719373	
2100.000000	0.637304	0.754045	0.730788	0.707379	0.730788	0.719373	
2110.000000	0.653355	0.745771	0.752824	0.717317	0.745771	0.719373	
2120.000000	0.597834	0.744381	0.755454	0.699223	0.744381	0.719373	
2130.000000	0.640688	0.740099	0.739610	0.706799	0.739610	0.719373	
2140.000000	0.643265	0.741301	0.736223	0.706929	0.736223	0.719373	
2150.000000	0.641911	0.750748	0.728825	0.707161	0.728825	0.719373	
2160.000000	0.638601	0.731770	0.748906	0.706426	0.731770	0.719373	
2170.000000	0.653411	0.759636	0.744042	0.719030	0.744042	0.719373	
2180.000000	0.654502	0.761869	0.744373	0.720248	0.744373	0.720248	
2190.000000	0.663038	0.750620	0.762057	0.725238	0.750620	0.725238	
2200.000000	0.669788	0.778611	0.756411	0.734937	0.756411	0.734937	
2210.000000	0.672156	0.780865	0.735994	0.729672	0.735994	0.734937	
2220.000000	0.669545	0.772173	0.745893	0.729204	0.745893	0.734937	
2230.000000	0.684808	0.756406	0.755704	0.732306	0.755704	0.734937	
2240.000000	0.674506	0.774875	0.742172	0.730518	0.742172	0.734937	
2250.000000	0.647854	0.763792	0.737900	0.716515	0.737900	0.734937	
2260.000000	0.662205	0.747801	0.747851	0.719286	0.747801	0.734937	
2270.000000	0.667570	0.760904	0.759528	0.729334	0.759528	0.734937	
2280.000000	0.662872	0.593612	0.750665	0.669050	0.662872	0.734937	
2290.000000	0.654716	0.746707	0.753544	0.718322	0.746707	0.734937	
2300.000000	0.654227	0.769121	0.749387	0.724245	0.749387	0.734937	
2310.000000	0.662002	0.663722	0.580947	0.635557	0.662002	0.734937	
2320.000000	0.643705	0.760487	0.733406	0.712533	0.733406	0.734937	
2330.000000	0.643907	0.743505	0.731178	0.706197	0.731178	0.734937	
2340.000000	0.667675	0.766665	0.733724	0.722688	0.733724	0.734937	
2350.000000	0.654227	0.763525	0.748268	0.722007	0.748268	0.734937	
2360.000000	0.655121	0.769458	0.764915	0.729831	0.764915	0.734937	
2370.000000	0.651628	0.774066	0.754804	0.726833	0.754804	0.734937	
2380.000000	0.644315	0.763985	0.731748	0.713349	0.731748	0.734937	
2390.000000	0.635747	0.757302	0.751501	0.714850	0.751501	0.734937	
2400.000000	0.636120	0.761533	0.744533	0.714062	0.744533	0.734937	
2410.000000	0.638261	0.762514	0.737653	0.712809	0.737653	0.734937	
2420.000000	0.641907	0.755494	0.750974	0.716125	0.750974	0.734937	
2430.000000	0.638333	0.768511	0.749501	0.718782	0.749501	0.734937	
2440.000000	0.630390	0.746219	0.740270	0.705626	0.740270	0.734937	
2450.000000	0.633383	0.705177	0.754663	0.697741	0.705177	0.734937	
2460.000000	0.633330	0.744903	0.745161	0.707798	0.744903	0.734937	
2470.000000	0.634947	0.735391	0.741171	0.703837	0.735391	0.734937	
2480.000000	0.619278	0.702430	0.697452	0.673053	0.697452	0.734937	
2490.000000	0.638514	0.733271	0.755240	0.709009	0.733271	0.734937	
2500.000000	0.656906	0.715472	0.751691	0.708023	0.715472	0.734937	
2510.000000	0.647146	0.714924	0.720677	0.694249	0.714924	0.734937	
2520.000000	0.633618	0.725368	0.721595	0.693527	0.721595	0.734937	
2530.000000	0.626378	0.724062	0.629816	0.660085	0.629816	0.734937	
2540.000000	0.647829	0.752841	0.750129	0.716933	0.750129	0.734937	
2550.000000	0.579172	0.754652	0.751866	0.695230	0.751866	0.734937	
2560.000000	0.641211	0.743178	0.743719	0.709370	0.743178	0.734937	
2570.000000	0.637900	0.736732	0.737955	0.704196	0.736732	0.734937	
2580.000000	0.638966	0.749712	0.755139	0.714606	0.749712	0.734937	
2590.000000	0.648518	0.751539	0.731668	0.710575	0.731668	0.734937	
2600.000000	0.667547	0.745586	0.741471	0.718202	0.741471	0.734937	
2610.000000	0.678521	0.765690	0.761639	0.735283	0.761639	0.735283	
2620.000000	0.660315	0.765567	0.769504	0.731795	0.765567	0.735283	
2630.000000	0.648071	0.741394	0.740302	0.709922	0.740302	0.735283	
2640.000000	0.666237	0.746492	0.732061	0.714930	0.732061	0.735283	
2650.000000	0.674139	0.749520	0.749212	0.724290	0.749212	0.735283	
2660.000000	0.676884	0.735767	0.750685	0.721112	0.735767	0.735283	
2670.000000	0.670154	0.748112	0.753829	0.724031	0.748112	0.735283	
2680.000000	0.655283	0.751201	0.749076	0.718520	0.749076	0.735283	
2690.000000	0.666070	0.750220	0.746016	0.720769	0.746016	0.735283	
2700.000000	0.661891	0.757864	0.741682	0.720479	0.741682	0.735283	
2710.000000	0.657309	0.768881	0.725213	0.717134	0.725213	0.735283	
2720.000000	0.652572	0.753375	0.718431	0.708126	0.718431	0.735283	
2730.000000	0.636506	0.754090	0.737882	0.709493	0.737882	0.735283	
2740.000000	0.627148	0.746646	0.650452	0.674749	0.650452	0.735283	
2750.000000	0.635636	0.748966	0.742634	0.709079	0.742634	0.735283	
2760.000000	0.657580	0.747079	0.752019	0.718893	0.747079	0.735283	
2770.000000	0.651787	0.764290	0.733248	0.716442	0.733248	0.735283	
2780.000000	0.658661	0.763547	0.755717	0.725975	0.755717	0.735283	
2790.000000	0.657787	0.764712	0.751243	0.724581	0.751243	0.735283	
2800.000000	0.658525	0.760034	0.755403	0.724654	0.755403	0.735283	
2810.000000	0.661149	0.767184	0.749406	0.725913	0.749406	0.735283	
2820.000000	0.685442	0.764602	0.755392	0.735145	0.755392	0.735283	
2830.000000	0.683798	0.772258	0.757663	0.737906	0.757663	0.737906	
2840.000000	0.662371	0.745282	0.737636	0.715096	0.737636	0.737906	
2850.000000	0.635040	0.755439	0.758667	0.716382	0.755439	0.737906	
2860.000000	0.647802	0.758815	0.758409	0.721675	0.758409	0.737906	
2870.000000	0.634535	0.757371	0.726190	0.706032	0.726190	0.737906	
2880.000000	0.643786	0.770364	0.750143	0.721431	0.750143	0.737906	
2890.000000	0.640453	0.766135	0.739367	0.715318	0.739367	0.737906	
2900.000000	0.652417	0.757666	0.717413	0.709165	0.717413	0.737906	
2910.000000	0.642243	0.763521	0.720517	0.708760	0.720517	0.737906	
2920.000000	0.640716	0.759471	0.747637	0.715941	0.747637	0.737906	
2930.000000	0.629020	0.758137	0.750536	0.712564	0.750536	0.737906	
2940.000000	0.654262	0.776117	0.731430	0.720603	0.731430	0.737906	
2950.000000	0.657077	0.768592	0.743439	0.723036	0.743439	0.737906	
2960.000000	0.657952	0.771345	0.750212	0.726503	0.750212	0.737906	
2970.000000	0.654863	0.760788	0.756471	0.724041	0.756471	0.737906	
2980.000000	0.648843	0.741443	0.756293	0.715526	0.741443	0.737906	
2990.000000	0.660867	0.753614	0.758187	0.724223	0.753614	0.737906	
3000.000000	0.662559	0.757344	0.743898	0.721267	0.743898	0.737906	
3010.000000	0.672106	0.769154	0.753088	0.731449	0.753088	0.737906	
3020.000000	0.690403	0.755083	0.682111	0.709199	0.690403	0.737906	
3030.000000	0.650540	0.738031	0.745221	0.711264	0.738031	0.737906	
3040.000000	0.547770	0.760986	0.739781	0.682846	0.739781	0.737906	
3050.000000	0.652739	0.751046	0.739650	0.714479	0.739650	0.737906	
3060.000000	0.648293	0.771861	0.734353	0.718169	0.734353	0.737906	
3070.000000	0.644194	0.766078	0.724921	0.711731	0.724921	0.737906	
3080.000000	0.640697	0.698556	0.729145	0.689466	0.698556	0.737906	
3090.000000	0.659122	0.776819	0.746389	0.727443	0.746389	0.737906	
3100.000000	0.557768	0.782879	0.739928	0.693525	0.739928	0.737906	
3110.000000	0.664136	0.778580	0.723456	0.722057	0.723456	0.737906	
3120.000000	0.650594	0.776701	0.730005	0.719100	0.730005	0.737906	
3130.000000	0.643918	0.765066	0.752350	0.720445	0.752350	0.737906	
3140.000000	0.678110	0.774244	0.755174	0.735843	0.755174	0.737906	
3150.000000	0.668250	0.781908	0.755348	0.735169	0.755348	0.737906	
3160.000000	0.671541	0.783711	0.739607	0.731620	0.739607	0.737906	
3170.000000	0.675706	0.785539	0.746887	0.736044	0.746887	0.737906	
3180.000000	0.670784	0.773576	0.751685	0.732015	0.751685	0.737906	
3190.000000	0.669946	0.765715	0.729298	0.721653	0.729298	0.737906	
3200.000000	0.668720	0.781774	0.741185	0.730560	0.741185	0.737906	
3210.000000	0.664275	0.773775	0.742486	0.726845	0.742486	0.737906	
3220.000000	0.662684	0.771284	0.731385	0.721784	0.731385	0.737906	
3230.000000	0.657355	0.747271	0.739924	0.714850	0.739924	0.737906	
3240.000000	0.665246	0.748813	0.755577	0.723212	0.748813	0.737906	
3250.000000	0.677684	0.759377	0.767301	0.734787	0.759377	0.737906	
3260.000000	0.671291	0.782848	0.751722	0.735287	0.751722	0.737906	
3270.000000	0.657452	0.779379	0.747472	0.728101	0.747472	0.737906	
3280.000000	0.664808	0.764236	0.742843	0.723963	0.742843	0.737906	
3290.000000	0.663874	0.758593	0.750411	0.724293	0.750411	0.737906	
3300.000000	0.682591	0.771790	0.757751	0.737377	0.757751	0.737906	
3310.000000	0.680448	0.774927	0.759100	0.738158	0.759100	0.738158	
3320.000000	0.674142	0.772916	0.747306	0.731454	0.747306	0.738158	
3330.000000	0.676425	0.760825	0.751554	0.729601	0.751554	0.738158	
3340.000000	0.677670	0.769544	0.749069	0.732094	0.749069	0.738158	
3350.000000	0.665277	0.772999	0.733963	0.724080	0.733963	0.738158	
3360.000000	0.649519	0.762077	0.746566	0.719387	0.746566	0.738158	
3370.000000	0.657839	0.741883	0.744436	0.714719	0.741883	0.738158	
3380.000000	0.659988	0.766281	0.747884	0.724717	0.747884	0.738158	
3390.000000	0.658188	0.770746	0.734526	0.721153	0.734526	0.738158	
3400.000000	0.668611	0.764658	0.731907	0.721726	0.731907	0.738158	
3410.000000	0.682961	0.770747	0.761579	0.738429	0.761579	0.738429	
3420.000000	0.680507	0.792080	0.746964	0.739850	0.746964	0.739850	
3430.000000	0.665160	0.772972	0.748289	0.728807	0.748289	0.739850	
3440.000000	0.653105	0.769477	0.754735	0.725772	0.754735	0.739850	
3450.000000	0.654109	0.783817	0.749022	0.728983	0.749022	0.739850	
3460.000000	0.660664	0.782175	0.740006	0.727615	0.740006	0.739850	
3470.000000	0.664168	0.773102	0.741583	0.726284	0.741583	0.739850	
3480.000000	0.686902	0.779821	0.740777	0.735833	0.740777	0.739850	
3490.000000	0.678233	0.760644	0.736963	0.725280	0.736963	0.739850	
3500.000000	0.675037	0.766259	0.744246	0.728514	0.744246	0.739850	
3510.000000	0.677040	0.754622	0.753317	0.728326	0.753317	0.739850	
3520.000000	0.683261	0.767385	0.747460	0.732702	0.747460	0.739850	
3530.000000	0.675411	0.762654	0.756437	0.731500	0.756437	0.739850	
3540.000000	0.688643	0.755420	0.757954	0.734005	0.755420	0.739850	
3550.000000	0.678958	0.770750	0.756038	0.735249	0.756038	0.739850	
3560.000000	0.660670	0.751125	0.744651	0.718815	0.744651	0.739850	
3570.000000	0.661324	0.759300	0.738100	0.719575	0.738100	0.739850	
3580.000000	0.671592	0.758929	0.742606	0.724376	0.742606	0.739850	
3590.000000	0.671965	0.759033	0.755496	0.728831	0.755496	0.739850	
3600.000000	0.694347	0.769261	0.737744	0.733784	0.737744	0.739850	
3610.000000	0.697571	0.775103	0.763266	0.745313	0.763266	0.745313	
3620.000000	0.693991	0.774062	0.746844	0.738299	0.746844	0.745313	
3630.000000	0.683295	0.770755	0.740493	0.731514	0.740493	0.745313	
3640.000000	0.680820	0.785616	0.745018	0.737151	0.745018	0.745313	
3650.000000	0.686496	0.787129	0.747858	0.740494	0.747858	0.745313	
3660.000000	0.693325	0.787566	0.743379	0.741423	0.743379	0.745313	
3670.000000	0.642336	0.782003	0.745779	0.723373	0.745779	0.745313	
3680.000000	0.698884	0.791811	0.740146	0.743614	0.740146	0.745313	
3690.000000	0.652105	0.764889	0.747855	0.721617	0.747855	0.745313	
3700.000000	0.615940	0.773219	0.727067	0.705409	0.727067	0.745313	
3710.000000	0.679865	0.768158	0.744438	0.730820	0.744438	0.745313	
3720.000000	0.680442	0.774557	0.749467	0.734822	0.749467	0.745313	
3730.000000	0.684966	0.773618	0.727340	0.728641	0.727340	0.745313	
3740.000000	0.679836	0.757616	0.750069	0.729174	0.750069	0.745313	
3750.000000	0.638038	0.752858	0.758106	0.716334	0.752858	0.745313	
3760.000000	0.654189	0.755759	0.740125	0.716691	0.740125	0.745313	
3770.000000	0.675066	0.764414	0.748164	0.729215	0.748164	0.745313	
3780.000000	0.671840	0.758122	0.752606	0.727523	0.752606	0.745313	
3790.000000	0.699815	0.758530	0.728024	0.728790	0.728024	0.745313	
3800.000000	0.674804	0.752094	0.734817	0.720572	0.734817	0.745313	
3810.000000	0.674755	0.773399	0.749869	0.732674	0.749869	0.745313	
3820.000000	0.663262	0.762010	0.755132	0.726801	0.755132	0.745313	
3830.000000	0.652610	0.750719	0.741917	0.715082	0.741917	0.745313	
3840.000000	0.656145	0.756195	0.737878	0.716739	0.737878	0.745313	
3850.000000	0.660747	0.769658	0.759662	0.730022	0.759662	0.745313	
3860.000000	0.684090	0.781761	0.751588	0.739146	0.751588	0.745313	
3870.000000	0.676613	0.780763	0.753677	0.737018	0.753677	0.745313	
3880.000000	0.702169	0.773349	0.766653	0.747390	0.766653	0.747390	
3890.000000	0.679349	0.780887	0.770734	0.743657	0.770734	0.747390	
3900.000000	0.675850	0.772428	0.760830	0.736369	0.760830	0.747390	
3910.000000	0.671999	0.779508	0.736412	0.729306	0.736412	0.747390	
3920.000000	0.690333	0.784662	0.737119	0.737371	0.737119	0.747390	
3930.000000	0.693785	0.790251	0.749435	0.744490	0.749435	0.747390	
3940.000000	0.679336	0.784603	0.735596	0.733178	0.735596	0.747390	
3950.000000	0.685829	0.797207	0.762644	0.748560	0.762644	0.748560	
3960.000000	0.688313	0.796713	0.766139	0.750388	0.766139	0.750388	
3970.000000	0.687667	0.790701	0.762154	0.746841	0.762154	0.750388	
3980.000000	0.687706	0.785349	0.752485	0.741847	0.752485	0.750388	
3990.000000	0.686720	0.794897	0.742989	0.741536	0.742989	0.750388	
4000.000000	0.683110	0.768160	0.729126	0.726799	0.729126	0.750388	
4010.000000	0.702725	0.789184	0.742966	0.744958	0.742966	0.750388	
4020.000000	0.689258	0.787371	0.722252	0.732960	0.722252	0.750388	
4030.000000	0.664731	0.769082	0.745543	0.726452	0.745543	0.750388	
4040.000000	0.685592	0.787839	0.750892	0.741441	0.750892	0.750388	
4050.000000	0.682972	0.782767	0.756826	0.740855	0.756826	0.750388	
4060.000000	0.681148	0.790578	0.742539	0.738088	0.742539	0.750388	
4070.000000	0.653885	0.782610	0.731782	0.722759	0.731782	0.750388	
4080.000000	0.674172	0.778609	0.730640	0.727807	0.730640	0.750388	
4090.000000	0.692214	0.765602	0.749567	0.735794	0.749567	0.750388	
4100.000000	0.697618	0.770752	0.749659	0.739343	0.749659	0.750388	
4110.000000	0.686730	0.779518	0.754079	0.740109	0.754079	0.750388	
4120.000000	0.693244	0.769561	0.762213	0.741673	0.762213	0.750388	
4130.000000	0.668712	0.773182	0.761932	0.734608	0.761932	0.750388	
4140.000000	0.675370	0.764353	0.746219	0.728648	0.746219	0.750388	
4150.000000	0.693559	0.762714	0.764393	0.740222	0.762714	0.750388	
4160.000000	0.701066	0.780714	0.770934	0.750905	0.770934	0.750905	
4170.000000	0.696278	0.772600	0.760442	0.743107	0.760442	0.750905	
4180.000000	0.688746	0.730263	0.761680	0.726896	0.730263	0.750905	
4190.000000	0.677133	0.767992	0.761209	0.735445	0.761209	0.750905	
4200.000000	0.674430	0.766658	0.762833	0.734640	0.762833	0.750905	
4210.000000	0.674972	0.766100	0.751799	0.730957	0.751799	0.750905	
4220.000000	0.671780	0.741445	0.752439	0.721888	0.741445	0.750905	
4230.000000	0.685523	0.706922	0.742431	0.711625	0.706922	0.750905	
4240.000000	0.709078	0.780147	0.741025	0.743417	0.741025	0.750905	
4250.000000	0.690127	0.779390	0.718921	0.729479	0.718921	0.750905	
4260.000000	0.689381	0.768063	0.709999	0.722481	0.709999	0.750905	
4270.000000	0.685857	0.768819	0.733431	0.729369	0.733431	0.750905	
4280.000000	0.686416	0.762265	0.746964	0.731882	0.746964	0.750905	
4290.000000	0.707851	0.766719	0.766700	0.747090	0.766700	0.750905	
4300.000000	0.686459	0.772267	0.748848	0.735858	0.748848	0.750905	
4310.000000	0.671265	0.775323	0.738611	0.728400	0.738611	0.750905	
4320.000000	0.686165	0.785213	0.735996	0.735791	0.735996	0.750905	
4330.000000	0.706851	0.775090	0.764445	0.748795	0.764445	0.750905	
4340.000000	0.709337	0.788070	0.753877	0.750428	0.753877	0.750905	
4350.000000	0.689669	0.782393	0.745618	0.739227	0.745618	0.750905	
4360.000000	0.697138	0.777989	0.733382	0.736170	0.733382	0.750905	
4370.000000	0.647115	0.770125	0.744613	0.720618	0.744613	0.750905	
4380.000000	0.671136	0.766407	0.727505	0.721683	0.727505	0.750905	
4390.000000	0.676634	0.771386	0.762258	0.736759	0.762258	0.750905	
4400.000000	0.660877	0.767210	0.748474	0.725520	0.748474	0.750905	
4410.000000	0.674889	0.780844	0.746805	0.734179	0.746805	0.750905	
4420.000000	0.681499	0.780635	0.742459	0.734865	0.742459	0.750905	
4430.000000	0.703127	0.785464	0.751384	0.746658	0.751384	0.750905	
4440.000000	0.706265	0.753283	0.740224	0.733257	0.740224	0.750905	
4450.000000	0.703434	0.771622	0.758840	0.744632	0.758840	0.750905	
4460.000000	0.688438	0.766530	0.749013	0.734660	0.749013	0.750905	
4470.000000	0.688834	0.769388	0.743707	0.733977	0.743707	0.750905	
4480.000000	0.698496	0.778715	0.747499	0.741570	0.747499	0.750905	
4490.000000	0.698620	0.762345	0.750303	0.737089	0.750303	0.750905	
4500.000000	0.678491	0.769671	0.751557	0.733240	0.751557	0.750905	
4510.000000	0.687899	0.783805	0.765233	0.745645	0.765233	0.750905	
4520.000000	0.701773	0.729311	0.763173	0.731419	0.729311	0.750905	
4530.000000	0.695735	0.766778	0.744238	0.735583	0.744238	0.750905	
4540.000000	0.730344	0.774650	0.748352	0.751115	0.748352	0.751115	
4550.000000	0.697934	0.783331	0.766312	0.749192	0.766312	0.751115	
4560.000000	0.689610	0.781441	0.760933	0.743995	0.760933	0.751115	
4570.000000	0.698970	0.781390	0.760756	0.747039	0.760756	0.751115	
4580.000000	0.690619	0.768165	0.765202	0.741328	0.765202	0.751115	
4590.000000	0.715770	0.778705	0.761824	0.752100	0.761824	0.752100	
4600.000000	0.694392	0.787154	0.758807	0.746784	0.758807	0.752100	
4610.000000	0.665621	0.785040	0.752812	0.734491	0.752812	0.752100	
4620.000000	0.676739	0.787213	0.707292	0.723748	0.707292	0.752100	
4630.000000	0.698870	0.790662	0.755500	0.748344	0.755500	0.752100	
4640.000000	0.678896	0.780138	0.768784	0.742606	0.768784	0.752100	
4650.000000	0.701663	0.771927	0.760252	0.744614	0.760252	0.752100	
4660.000000	0.725060	0.786365	0.756134	0.755853	0.756134	0.755853	
4670.000000	0.731143	0.781676	0.733633	0.748817	0.733633	0.755853	
4680.000000	0.725131	0.784586	0.747946	0.752554	0.747946	0.755853	
4690.000000	0.705530	0.779860	0.752124	0.745838	0.752124	0.755853	
4700.000000	0.721699	0.789988	0.762265	0.757984	0.762265	0.757984	
4710.000000	0.700902	0.764102	0.753801	0.739602	0.753801	0.757984	
4720.000000	0.678880	0.765529	0.745690	0.730033	0.745690	0.757984	
4730.000000	0.696114	0.773538	0.750729	0.740127	0.750729	0.757984	
4740.000000	0.697022	0.774601	0.755635	0.742419	0.755635	0.757984	
4750.000000	0.721630	0.781723	0.752807	0.752053	0.752807	0.757984	
4760.000000	0.723616	0.766124	0.759574	0.749771	0.759574	0.757984	
4770.000000	0.712610	0.772565	0.758718	0.747964	0.758718	0.757984	
4780.000000	0.712402	0.784934	0.762676	0.753337	0.762676	0.757984	
4790.000000	0.709427	0.772594	0.769740	0.750587	0.769740	0.757984	
4800.000000	0.709989	0.794215	0.765753	0.756652	0.765753	0.757984	
4810.000000	0.732940	0.767860	0.772048	0.757616	0.767860	0.757984	
4820.000000	0.713038	0.755481	0.770150	0.746223	0.755481	0.757984	
4830.000000	0.712938	0.763951	0.751105	0.742664	0.751105	0.757984	
4840.000000	0.697867	0.768467	0.606211	0.690848	0.697867	0.757984	
4850.000000	0.699718	0.772724	0.756388	0.742943	0.756388	0.757984	
4860.000000	0.698575	0.777398	0.754806	0.743593	0.754806	0.757984	
4870.000000	0.702019	0.784703	0.766053	0.750925	0.766053	0.757984	
4880.000000	0.634935	0.784936	0.760111	0.726661	0.760111	0.757984	
4890.000000	0.673515	0.779019	0.748985	0.733839	0.748985	0.757984	
4900.000000	0.677967	0.793295	0.747747	0.739670	0.747747	0.757984	
4910.000000	0.666901	0.786809	0.721886	0.725199	0.721886	0.757984	
4920.000000	0.695126	0.789913	0.733335	0.739458	0.733335	0.757984	
4930.000000	0.696338	0.807459	0.752407	0.752068	0.752407	0.757984	
4940.000000	0.693169	0.797897	0.762576	0.751214	0.762576	0.757984	
4950.000000	0.691545	0.791777	0.771917	0.751746	0.771917	0.757984	
4960.000000	0.698297	0.781179	0.775359	0.751612	0.775359	0.757984	
4970.000000	0.681255	0.783988	0.770527	0.745257	0.770527	0.757984	
4980.000000	0.666228	0.779865	0.763251	0.736448	0.763251	0.757984	
4990.000000	0.674989	0.779419	0.753075	0.735828	0.753075	0.757984	
5000.000000	0.701178	0.784414	0.768154	0.751248	0.768154	0.757984	
