Epoch	AUC-12	AUC-13	AUC-14	AUC-15	AUC-16	AUC-Avg	AUC-Mid	AUC-Best	
1.000000	0.716977	0.720189	0.765719	0.574878	0.585741	0.672701	0.716977	0.672701	
10.000000	0.547844	0.655196	0.326544	0.537042	0.496970	0.512719	0.537042	0.672701	
20.000000	0.412370	0.611052	0.509311	0.439581	0.439068	0.482276	0.439581	0.672701	
30.000000	0.576361	0.503890	0.606896	0.600901	0.588390	0.575288	0.588390	0.672701	
40.000000	0.662080	0.447489	0.503532	0.525163	0.634113	0.554475	0.525163	0.672701	
50.000000	0.672986	0.532909	0.681256	0.426212	0.517634	0.566199	0.532909	0.672701	
60.000000	0.404466	0.628044	0.581346	0.481438	0.510690	0.521197	0.510690	0.672701	
70.000000	0.397103	0.506981	0.713831	0.484873	0.492192	0.518996	0.492192	0.672701	
80.000000	0.716891	0.506638	0.630422	0.611859	0.627952	0.618752	0.627952	0.672701	
90.000000	0.729649	0.637287	0.741617	0.631194	0.412815	0.630512	0.637287	0.672701	
100.000000	0.458667	0.406944	0.523083	0.353347	0.456804	0.439769	0.456804	0.672701	
110.000000	0.636027	0.696312	0.754885	0.575360	0.595588	0.651635	0.636027	0.672701	
120.000000	0.559113	0.470727	0.518980	0.500409	0.599983	0.529842	0.518980	0.672701	
130.000000	0.739414	0.637115	0.804870	0.581464	0.436546	0.639882	0.637115	0.672701	
140.000000	0.349035	0.547717	0.507687	0.582495	0.539525	0.505292	0.539525	0.672701	
150.000000	0.578990	0.515374	0.475224	0.408079	0.479244	0.491382	0.479244	0.672701	
160.000000	0.606424	0.540752	0.512890	0.588753	0.449083	0.539580	0.540752	0.672701	
170.000000	0.429489	0.417730	0.576049	0.449515	0.482422	0.471041	0.449515	0.672701	
180.000000	0.580944	0.521500	0.517822	0.575270	0.628091	0.564725	0.575270	0.672701	
190.000000	0.652821	0.434149	0.401917	0.522106	0.498099	0.501819	0.498099	0.672701	
200.000000	0.738974	0.752901	0.790026	0.524172	0.558693	0.672953	0.738974	0.672953	
210.000000	0.419956	0.387903	0.431508	0.388398	0.620648	0.449683	0.419956	0.672953	
220.000000	0.640652	0.651870	0.647198	0.575476	0.429942	0.589028	0.640652	0.672953	
230.000000	0.594028	0.278202	0.693196	0.454897	0.471961	0.498457	0.471961	0.672953	
240.000000	0.607326	0.495377	0.757497	0.407778	0.602154	0.574026	0.602154	0.672953	
250.000000	0.678563	0.664777	0.737098	0.558348	0.618532	0.651464	0.664777	0.672953	
260.000000	0.314414	0.486517	0.436862	0.489788	0.566399	0.458796	0.486517	0.672953	
270.000000	0.610580	0.551181	0.526676	0.492709	0.324302	0.501090	0.526676	0.672953	
280.000000	0.543144	0.448344	0.588162	0.541499	0.413512	0.506932	0.541499	0.672953	
290.000000	0.586358	0.630109	0.364784	0.548935	0.559352	0.537907	0.559352	0.672953	
300.000000	0.708327	0.558597	0.640302	0.573284	0.463254	0.588753	0.573284	0.672953	
310.000000	0.704326	0.659210	0.714928	0.577903	0.429995	0.617273	0.659210	0.672953	
320.000000	0.311462	0.398715	0.244360	0.366113	0.544874	0.373105	0.366113	0.672953	
330.000000	0.537235	0.498306	0.465397	0.451944	0.571906	0.504958	0.498306	0.672953	
340.000000	0.677246	0.560206	0.725957	0.564472	0.489139	0.603404	0.564472	0.672953	
350.000000	0.565966	0.458127	0.561763	0.510646	0.456751	0.510651	0.510646	0.672953	
360.000000	0.601323	0.596505	0.622732	0.489686	0.473021	0.556653	0.596505	0.672953	
370.000000	0.497887	0.569092	0.508049	0.466807	0.563447	0.521056	0.508049	0.672953	
380.000000	0.531345	0.502988	0.402667	0.427904	0.532449	0.479470	0.502988	0.672953	
390.000000	0.676881	0.627711	0.592850	0.648903	0.615359	0.632341	0.627711	0.672953	
400.000000	0.598418	0.601960	0.339262	0.325966	0.540526	0.481227	0.540526	0.672953	
410.000000	0.702408	0.668658	0.710624	0.581546	0.552627	0.643173	0.668658	0.672953	
420.000000	0.713639	0.687748	0.770752	0.548364	0.471347	0.638370	0.687748	0.672953	
430.000000	0.449718	0.607531	0.579084	0.527759	0.490769	0.530972	0.527759	0.672953	
440.000000	0.533427	0.618468	0.624601	0.547828	0.613296	0.587524	0.613296	0.672953	
450.000000	0.549646	0.584929	0.624825	0.566104	0.400147	0.545130	0.566104	0.672953	
460.000000	0.644748	0.554303	0.694146	0.493390	0.402978	0.557913	0.554303	0.672953	
470.000000	0.726216	0.429313	0.775826	0.569861	0.473373	0.594918	0.569861	0.672953	
480.000000	0.742220	0.712698	0.745337	0.606387	0.553507	0.672030	0.712698	0.672953	
490.000000	0.510820	0.609492	0.505225	0.371144	0.498129	0.498962	0.505225	0.672953	
500.000000	0.691794	0.721266	0.713759	0.392738	0.422670	0.588446	0.691794	0.672953	
510.000000	0.505193	0.615033	0.528504	0.682142	0.405071	0.547188	0.528504	0.672953	
520.000000	0.664502	0.696002	0.620910	0.644826	0.426678	0.610584	0.644826	0.672953	
530.000000	0.733550	0.737619	0.785502	0.533924	0.366107	0.631340	0.733550	0.672953	
540.000000	0.703810	0.458214	0.761041	0.512770	0.397167	0.566601	0.512770	0.672953	
550.000000	0.676480	0.767965	0.783443	0.595312	0.422877	0.649215	0.676480	0.672953	
560.000000	0.717584	0.768536	0.820212	0.578959	0.480853	0.673229	0.717584	0.673229	
570.000000	0.659340	0.742911	0.706435	0.574420	0.479303	0.632482	0.659340	0.673229	
580.000000	0.628523	0.605480	0.650979	0.569537	0.393233	0.569550	0.605480	0.673229	
590.000000	0.507471	0.801146	0.841607	0.370543	0.350080	0.574169	0.507471	0.673229	
600.000000	0.670315	0.753838	0.729208	0.555022	0.473451	0.636367	0.670315	0.673229	
610.000000	0.641416	0.725987	0.738519	0.460129	0.363039	0.585818	0.641416	0.673229	
620.000000	0.598892	0.488253	0.634508	0.459349	0.425615	0.521323	0.488253	0.673229	
630.000000	0.654727	0.690275	0.374369	0.455415	0.649093	0.564776	0.649093	0.673229	
640.000000	0.395053	0.562457	0.528711	0.406490	0.634028	0.505348	0.528711	0.673229	
650.000000	0.592853	0.719710	0.631032	0.427697	0.524722	0.579203	0.592853	0.673229	
660.000000	0.593996	0.674385	0.686769	0.431592	0.510070	0.579362	0.593996	0.673229	
670.000000	0.563752	0.684527	0.735930	0.479786	0.526388	0.598077	0.563752	0.673229	
680.000000	0.575520	0.652932	0.587235	0.362763	0.588579	0.553406	0.587235	0.673229	
690.000000	0.467522	0.481530	0.386147	0.346574	0.568196	0.449994	0.467522	0.673229	
700.000000	0.528628	0.646970	0.565559	0.385951	0.525357	0.530493	0.528628	0.673229	
710.000000	0.426881	0.593374	0.577100	0.502006	0.452695	0.510411	0.502006	0.673229	
720.000000	0.473014	0.612421	0.666263	0.553092	0.381753	0.537309	0.553092	0.673229	
730.000000	0.350324	0.379987	0.551277	0.438525	0.408119	0.425646	0.408119	0.673229	
740.000000	0.442565	0.539542	0.243449	0.374203	0.326710	0.385294	0.374203	0.673229	
750.000000	0.681075	0.577682	0.649995	0.536409	0.501443	0.589321	0.577682	0.673229	
760.000000	0.663949	0.679029	0.763844	0.444372	0.550125	0.620264	0.663949	0.673229	
770.000000	0.648184	0.729193	0.735852	0.502996	0.409625	0.605170	0.648184	0.673229	
780.000000	0.644403	0.748290	0.716648	0.445358	0.427641	0.596468	0.644403	0.673229	
790.000000	0.651129	0.659455	0.627251	0.547743	0.447034	0.586522	0.627251	0.673229	
800.000000	0.653007	0.715774	0.728299	0.656340	0.522912	0.655266	0.656340	0.673229	
810.000000	0.622763	0.719938	0.813727	0.421678	0.558244	0.627270	0.622763	0.673229	
820.000000	0.578821	0.664977	0.762570	0.583678	0.587401	0.635489	0.587401	0.673229	
830.000000	0.616623	0.753715	0.760100	0.540600	0.502536	0.634715	0.616623	0.673229	
840.000000	0.563148	0.658783	0.783035	0.533636	0.416125	0.590945	0.563148	0.673229	
850.000000	0.348847	0.661387	0.556878	0.551682	0.501050	0.523969	0.551682	0.673229	
860.000000	0.651497	0.650384	0.738507	0.556679	0.467950	0.613004	0.650384	0.673229	
870.000000	0.703534	0.658576	0.758632	0.621027	0.446721	0.637698	0.658576	0.673229	
880.000000	0.410707	0.618608	0.428664	0.405288	0.604499	0.493553	0.428664	0.673229	
890.000000	0.618470	0.614763	0.641462	0.423744	0.407835	0.541255	0.614763	0.673229	
900.000000	0.739457	0.750428	0.768567	0.580304	0.435022	0.654755	0.739457	0.673229	
910.000000	0.716926	0.738946	0.653483	0.587496	0.428635	0.625097	0.653483	0.673229	
920.000000	0.653219	0.727690	0.755804	0.521142	0.449176	0.621406	0.653219	0.673229	
930.000000	0.629200	0.727469	0.714313	0.455037	0.445055	0.594215	0.629200	0.673229	
940.000000	0.492826	0.537393	0.445494	0.386351	0.467416	0.465896	0.467416	0.673229	
950.000000	0.399590	0.496751	0.535115	0.332496	0.480049	0.448800	0.480049	0.673229	
960.000000	0.495604	0.400951	0.489416	0.357857	0.472621	0.443290	0.472621	0.673229	
970.000000	0.269006	0.383717	0.357534	0.406376	0.465221	0.376371	0.383717	0.673229	
980.000000	0.522495	0.480507	0.410447	0.432049	0.461642	0.461428	0.461642	0.673229	
990.000000	0.440176	0.496237	0.466946	0.423511	0.457646	0.456903	0.457646	0.673229	
1000.000000	0.393244	0.495088	0.415442	0.426517	0.464645	0.438987	0.426517	0.673229	
1010.000000	0.530824	0.593367	0.581001	0.544970	0.501295	0.550291	0.544970	0.673229	
1020.000000	0.600385	0.609591	0.694437	0.412761	0.460702	0.555575	0.600385	0.673229	
1030.000000	0.638082	0.655576	0.624369	0.464167	0.480034	0.572446	0.624369	0.673229	
1040.000000	0.629798	0.672848	0.733529	0.550372	0.471970	0.611703	0.629798	0.673229	
1050.000000	0.662441	0.761517	0.823893	0.631996	0.424679	0.660905	0.662441	0.673229	
1060.000000	0.591979	0.742716	0.645774	0.587510	0.454996	0.604595	0.591979	0.673229	
1070.000000	0.645086	0.668388	0.399819	0.559257	0.465649	0.547640	0.559257	0.673229	
1080.000000	0.627371	0.650240	0.733645	0.654935	0.456786	0.624595	0.650240	0.673229	
1090.000000	0.450794	0.636052	0.630389	0.636612	0.467109	0.564191	0.630389	0.673229	
1100.000000	0.537645	0.581934	0.660577	0.656155	0.563788	0.600020	0.581934	0.673229	
1110.000000	0.521429	0.539892	0.687314	0.517789	0.478435	0.548972	0.521429	0.673229	
1120.000000	0.670725	0.597555	0.757690	0.638793	0.451960	0.623344	0.638793	0.673229	
1130.000000	0.628052	0.700829	0.721523	0.545239	0.515029	0.622134	0.628052	0.673229	
1140.000000	0.676638	0.690609	0.685531	0.600736	0.549484	0.640600	0.676638	0.673229	
1150.000000	0.679722	0.694642	0.598528	0.582394	0.556301	0.622317	0.598528	0.673229	
1160.000000	0.668959	0.626973	0.653635	0.497841	0.588603	0.607202	0.626973	0.673229	
1170.000000	0.622513	0.695537	0.545462	0.566677	0.414796	0.568997	0.566677	0.673229	
1180.000000	0.454611	0.468897	0.605555	0.564782	0.557823	0.530334	0.557823	0.673229	
1190.000000	0.606840	0.541795	0.568510	0.502714	0.509438	0.545859	0.541795	0.673229	
1200.000000	0.552372	0.475747	0.433921	0.471056	0.446910	0.476001	0.471056	0.673229	
1210.000000	0.564793	0.582444	0.490670	0.466170	0.460567	0.512929	0.490670	0.673229	
1220.000000	0.559492	0.535310	0.492921	0.494722	0.385846	0.493658	0.494722	0.673229	
1230.000000	0.545813	0.583454	0.567877	0.559712	0.565049	0.564381	0.565049	0.673229	
1240.000000	0.524684	0.580969	0.544984	0.560373	0.509021	0.544006	0.544984	0.673229	
1250.000000	0.635950	0.606803	0.615326	0.568304	0.541923	0.593661	0.606803	0.673229	
1260.000000	0.506010	0.517979	0.519815	0.499191	0.418896	0.492378	0.506010	0.673229	
1270.000000	0.504349	0.515487	0.443740	0.455200	0.448425	0.473440	0.455200	0.673229	
1280.000000	0.476578	0.472017	0.464493	0.442892	0.451307	0.461457	0.464493	0.673229	
1290.000000	0.572382	0.573663	0.523442	0.495143	0.432435	0.519413	0.523442	0.673229	
1300.000000	0.487823	0.521470	0.429127	0.439584	0.535278	0.482656	0.487823	0.673229	
1310.000000	0.500965	0.418169	0.579636	0.546567	0.368787	0.482825	0.500965	0.673229	
1320.000000	0.623024	0.552832	0.579167	0.486118	0.395156	0.527259	0.552832	0.673229	
1330.000000	0.593515	0.685115	0.591408	0.590978	0.375202	0.567244	0.591408	0.673229	
1340.000000	0.578272	0.707228	0.700050	0.509013	0.368778	0.572668	0.578272	0.673229	
1350.000000	0.671715	0.587790	0.587753	0.524376	0.399356	0.554198	0.587753	0.673229	
1360.000000	0.632072	0.642199	0.740112	0.636043	0.512315	0.632548	0.636043	0.673229	
1370.000000	0.525770	0.689041	0.710331	0.473159	0.617175	0.603095	0.617175	0.673229	
1380.000000	0.559860	0.669177	0.681400	0.482109	0.461563	0.570822	0.559860	0.673229	
1390.000000	0.584136	0.638464	0.555210	0.492706	0.432080	0.540519	0.555210	0.673229	
1400.000000	0.659215	0.646771	0.567901	0.456956	0.477294	0.561627	0.567901	0.673229	
1410.000000	0.635707	0.588981	0.576065	0.559373	0.545215	0.581068	0.576065	0.673229	
1420.000000	0.630232	0.652799	0.676774	0.545304	0.457838	0.592589	0.630232	0.673229	
1430.000000	0.547314	0.595166	0.621494	0.516682	0.518740	0.559879	0.547314	0.673229	
1440.000000	0.631942	0.622679	0.581756	0.484996	0.535618	0.571398	0.581756	0.673229	
1450.000000	0.615412	0.604883	0.538020	0.406272	0.502760	0.533470	0.538020	0.673229	
1460.000000	0.574231	0.608360	0.574243	0.499329	0.455871	0.542407	0.574231	0.673229	
1470.000000	0.659055	0.607806	0.529422	0.504610	0.423695	0.544918	0.529422	0.673229	
1480.000000	0.684898	0.624540	0.515313	0.499508	0.467011	0.558254	0.515313	0.673229	
1490.000000	0.646353	0.632021	0.719679	0.556655	0.422664	0.595474	0.632021	0.673229	
1500.000000	0.635085	0.679841	0.720698	0.542555	0.452975	0.606231	0.635085	0.673229	
1510.000000	0.602862	0.664497	0.709276	0.580437	0.431811	0.597777	0.602862	0.673229	
1520.000000	0.677446	0.664373	0.639327	0.579517	0.456730	0.603479	0.639327	0.673229	
1530.000000	0.631853	0.629759	0.645830	0.567716	0.440001	0.583032	0.629759	0.673229	
1540.000000	0.618799	0.610768	0.666424	0.584758	0.500371	0.596224	0.610768	0.673229	
1550.000000	0.555020	0.606044	0.611637	0.533137	0.479723	0.557112	0.555020	0.673229	
1560.000000	0.527205	0.553285	0.460923	0.459090	0.490657	0.498232	0.490657	0.673229	
1570.000000	0.492951	0.512104	0.414743	0.375860	0.513307	0.461793	0.492951	0.673229	
1580.000000	0.473782	0.490303	0.451711	0.435916	0.520304	0.474403	0.473782	0.673229	
1590.000000	0.466804	0.470537	0.512470	0.516816	0.463922	0.486110	0.470537	0.673229	
1600.000000	0.425135	0.467237	0.439541	0.451626	0.564373	0.469582	0.451626	0.673229	
1610.000000	0.448556	0.488880	0.447453	0.504613	0.586480	0.495196	0.488880	0.673229	
1620.000000	0.507664	0.497289	0.385365	0.381254	0.537915	0.461898	0.497289	0.673229	
1630.000000	0.487468	0.521326	0.428728	0.472664	0.456827	0.473403	0.472664	0.673229	
1640.000000	0.479331	0.532441	0.359559	0.451477	0.442660	0.453093	0.451477	0.673229	
1650.000000	0.396010	0.511634	0.354925	0.357669	0.444172	0.412882	0.396010	0.673229	
1660.000000	0.405512	0.446343	0.438271	0.373224	0.401875	0.413045	0.405512	0.673229	
1670.000000	0.389334	0.416649	0.352341	0.406434	0.531459	0.419243	0.406434	0.673229	
1680.000000	0.353684	0.462895	0.400742	0.459308	0.443676	0.424061	0.443676	0.673229	
1690.000000	0.386124	0.517208	0.352060	0.414423	0.452099	0.424383	0.414423	0.673229	
1700.000000	0.568824	0.542096	0.496947	0.518102	0.436008	0.512395	0.518102	0.673229	
1710.000000	0.582572	0.511064	0.580620	0.503561	0.469120	0.529387	0.511064	0.673229	
1720.000000	0.549297	0.537736	0.538865	0.533958	0.597375	0.551446	0.538865	0.673229	
1730.000000	0.497182	0.538518	0.614911	0.575367	0.505148	0.546225	0.538518	0.673229	
1740.000000	0.625887	0.522684	0.574997	0.571622	0.493687	0.557776	0.571622	0.673229	
1750.000000	0.465898	0.536966	0.666764	0.464777	0.434939	0.513869	0.465898	0.673229	
1760.000000	0.552162	0.481626	0.521889	0.601438	0.437355	0.518894	0.521889	0.673229	
1770.000000	0.460902	0.493437	0.455107	0.591611	0.446366	0.489485	0.460902	0.673229	
1780.000000	0.449774	0.556807	0.543388	0.615701	0.303382	0.493810	0.543388	0.673229	
1790.000000	0.469581	0.446225	0.535538	0.561335	0.399477	0.482431	0.469581	0.673229	
1800.000000	0.415190	0.623508	0.659304	0.576374	0.545674	0.564010	0.576374	0.673229	
1810.000000	0.641015	0.597026	0.739880	0.586357	0.546442	0.622144	0.597026	0.673229	
1820.000000	0.671523	0.640362	0.751761	0.619492	0.384745	0.613577	0.640362	0.673229	
1830.000000	0.668720	0.653061	0.699151	0.571821	0.372449	0.593040	0.653061	0.673229	
1840.000000	0.642139	0.665320	0.713154	0.633686	0.380164	0.606893	0.642139	0.673229	
1850.000000	0.629174	0.645607	0.722012	0.613501	0.529049	0.627869	0.629174	0.673229	
1860.000000	0.606283	0.591730	0.679399	0.621221	0.441384	0.588003	0.606283	0.673229	
1870.000000	0.527917	0.567245	0.491023	0.572842	0.448277	0.521461	0.527917	0.673229	
1880.000000	0.529606	0.574033	0.573858	0.597644	0.472008	0.549430	0.573858	0.673229	
1890.000000	0.539661	0.567347	0.567493	0.568611	0.493318	0.547286	0.567347	0.673229	
1900.000000	0.598258	0.610394	0.641506	0.621052	0.515029	0.597248	0.610394	0.673229	
1910.000000	0.673599	0.620654	0.734308	0.687049	0.456491	0.634420	0.673599	0.673229	
1920.000000	0.549712	0.659661	0.689644	0.577206	0.392176	0.573680	0.577206	0.673229	
1930.000000	0.681496	0.649316	0.669106	0.522983	0.627988	0.630178	0.649316	0.673229	
1940.000000	0.670555	0.620095	0.734020	0.642116	0.450466	0.623450	0.642116	0.673229	
1950.000000	0.681513	0.648154	0.730388	0.479200	0.475056	0.602862	0.648154	0.673229	
1960.000000	0.621729	0.596277	0.719122	0.645611	0.519230	0.620394	0.621729	0.673229	
1970.000000	0.660219	0.540940	0.770264	0.656977	0.524099	0.630500	0.656977	0.673229	
1980.000000	0.692716	0.621908	0.766466	0.631239	0.509299	0.644325	0.631239	0.673229	
1990.000000	0.702790	0.662028	0.683488	0.623484	0.490007	0.632359	0.662028	0.673229	
2000.000000	0.707811	0.617166	0.711870	0.619722	0.464000	0.624114	0.619722	0.673229	
2010.000000	0.653898	0.626037	0.701398	0.619262	0.408151	0.601749	0.626037	0.673229	
2020.000000	0.582470	0.565494	0.661453	0.497968	0.461801	0.553837	0.565494	0.673229	
2030.000000	0.577274	0.563610	0.484909	0.531991	0.479162	0.527389	0.531991	0.673229	
2040.000000	0.630048	0.566708	0.683296	0.597783	0.470289	0.589625	0.597783	0.673229	
2050.000000	0.585137	0.522682	0.605264	0.603330	0.558404	0.574963	0.585137	0.673229	
2060.000000	0.442652	0.501071	0.501341	0.592757	0.367487	0.481062	0.501071	0.673229	
2070.000000	0.467310	0.460209	0.482100	0.622091	0.514344	0.509211	0.482100	0.673229	
2080.000000	0.540408	0.473311	0.668147	0.608608	0.443605	0.546816	0.540408	0.673229	
2090.000000	0.551446	0.556065	0.624437	0.589433	0.565259	0.577328	0.565259	0.673229	
2100.000000	0.538175	0.563734	0.601767	0.586989	0.524452	0.563023	0.563734	0.673229	
2110.000000	0.571965	0.568019	0.574542	0.573778	0.494328	0.556526	0.571965	0.673229	
2120.000000	0.633850	0.622473	0.632065	0.597282	0.484933	0.594121	0.622473	0.673229	
2130.000000	0.578060	0.516119	0.636294	0.609618	0.457483	0.559515	0.578060	0.673229	
2140.000000	0.530475	0.477657	0.533098	0.515738	0.428332	0.497060	0.515738	0.673229	
2150.000000	0.394886	0.463119	0.306257	0.456016	0.388369	0.401729	0.394886	0.673229	
2160.000000	0.437954	0.552776	0.473763	0.510206	0.475993	0.490139	0.475993	0.673229	
2170.000000	0.637745	0.639197	0.611264	0.595596	0.409262	0.578613	0.611264	0.673229	
2180.000000	0.354054	0.481619	0.311690	0.583269	0.456349	0.437396	0.456349	0.673229	
2190.000000	0.430273	0.466647	0.323173	0.603701	0.425807	0.449920	0.430273	0.673229	
2200.000000	0.613686	0.529212	0.646174	0.617358	0.525676	0.586421	0.613686	0.673229	
2210.000000	0.662526	0.553014	0.677565	0.652120	0.512710	0.611587	0.652120	0.673229	
2220.000000	0.652039	0.549331	0.680799	0.558268	0.488182	0.585724	0.558268	0.673229	
2230.000000	0.635587	0.598887	0.655762	0.626485	0.443974	0.592139	0.626485	0.673229	
2240.000000	0.542055	0.479571	0.468113	0.575152	0.472292	0.507437	0.479571	0.673229	
2250.000000	0.440594	0.433679	0.352758	0.486161	0.454996	0.433638	0.440594	0.673229	
2260.000000	0.440628	0.499850	0.400679	0.481368	0.482549	0.461015	0.481368	0.673229	
2270.000000	0.444849	0.473299	0.361891	0.410365	0.438309	0.425743	0.438309	0.673229	
2280.000000	0.462056	0.551156	0.429153	0.454931	0.520936	0.483646	0.462056	0.673229	
2290.000000	0.605017	0.579017	0.394493	0.459533	0.552485	0.518109	0.552485	0.673229	
2300.000000	0.519590	0.628575	0.407753	0.423121	0.553950	0.506598	0.519590	0.673229	
2310.000000	0.567839	0.408567	0.646486	0.452962	0.625525	0.540276	0.567839	0.673229	
2320.000000	0.403534	0.657564	0.613042	0.452235	0.630396	0.551354	0.613042	0.673229	
2330.000000	0.462674	0.479223	0.408879	0.546652	0.379251	0.455336	0.462674	0.673229	
2340.000000	0.638683	0.425789	0.609168	0.531536	0.524923	0.546020	0.531536	0.673229	
2350.000000	0.565497	0.494250	0.476301	0.511758	0.491162	0.507794	0.494250	0.673229	
2360.000000	0.623524	0.579374	0.553355	0.546021	0.428966	0.546248	0.553355	0.673229	
2370.000000	0.635332	0.505548	0.389705	0.546787	0.455430	0.506560	0.505548	0.673229	
2380.000000	0.474072	0.617483	0.650499	0.432970	0.535033	0.542011	0.535033	0.673229	
2390.000000	0.690139	0.597711	0.558986	0.672487	0.593349	0.622534	0.597711	0.673229	
2400.000000	0.564464	0.532077	0.539496	0.676810	0.514098	0.565389	0.539496	0.673229	
2410.000000	0.620779	0.533280	0.648299	0.700408	0.462463	0.593046	0.620779	0.673229	
2420.000000	0.546277	0.449979	0.509094	0.648497	0.548935	0.540556	0.546277	0.673229	
2430.000000	0.653285	0.463993	0.561194	0.652713	0.561626	0.578562	0.561626	0.673229	
2440.000000	0.595504	0.558113	0.585517	0.622796	0.530216	0.578429	0.585517	0.673229	
2450.000000	0.635349	0.577798	0.639435	0.642106	0.452382	0.589414	0.635349	0.673229	
2460.000000	0.629525	0.537278	0.595182	0.683111	0.438950	0.576809	0.595182	0.673229	
2470.000000	0.685219	0.582954	0.699591	0.672567	0.412374	0.610541	0.672567	0.673229	
2480.000000	0.656532	0.561873	0.692587	0.585897	0.397096	0.578797	0.585897	0.673229	
2490.000000	0.501751	0.619433	0.497030	0.631584	0.428938	0.535747	0.501751	0.673229	
2500.000000	0.556903	0.558052	0.642518	0.621001	0.357443	0.547183	0.558052	0.673229	
2510.000000	0.700564	0.611898	0.752410	0.670261	0.344949	0.616016	0.670261	0.673229	
2520.000000	0.685842	0.647590	0.741717	0.675098	0.455782	0.641206	0.675098	0.673229	
2530.000000	0.678869	0.661444	0.714193	0.667814	0.479924	0.640449	0.667814	0.673229	
2540.000000	0.679790	0.663309	0.742093	0.620909	0.543642	0.649949	0.663309	0.673229	
2550.000000	0.702828	0.517079	0.724499	0.523821	0.479244	0.589494	0.523821	0.673229	
2560.000000	0.661368	0.644010	0.703831	0.549587	0.508871	0.613533	0.644010	0.673229	
2570.000000	0.673886	0.622637	0.800304	0.627334	0.534147	0.651662	0.627334	0.673229	
2580.000000	0.724371	0.655774	0.695250	0.636147	0.426643	0.627637	0.655774	0.673229	
2590.000000	0.735501	0.622397	0.735185	0.628398	0.444390	0.633174	0.628398	0.673229	
2600.000000	0.725959	0.637334	0.661316	0.593203	0.421696	0.607902	0.637334	0.673229	
2610.000000	0.761230	0.743923	0.718299	0.630758	0.453237	0.661490	0.718299	0.673229	
2620.000000	0.654176	0.708033	0.689566	0.593341	0.540133	0.637050	0.654176	0.673229	
2630.000000	0.679588	0.716123	0.796284	0.636615	0.409985	0.647719	0.679588	0.673229	
2640.000000	0.701273	0.740834	0.814638	0.647394	0.462678	0.673363	0.701273	0.673363	
2650.000000	0.688706	0.695732	0.804655	0.712031	0.506780	0.681581	0.695732	0.681581	
2660.000000	0.720083	0.611818	0.763369	0.644926	0.444260	0.636891	0.644926	0.681581	
2670.000000	0.627729	0.631201	0.695655	0.609904	0.476031	0.608104	0.627729	0.681581	
2680.000000	0.645148	0.573255	0.603332	0.612479	0.498350	0.586513	0.603332	0.681581	
2690.000000	0.656591	0.573786	0.707395	0.577911	0.515971	0.606331	0.577911	0.681581	
2700.000000	0.714382	0.477091	0.400686	0.590124	0.497547	0.535966	0.497547	0.681581	
2710.000000	0.431042	0.519891	0.421853	0.465373	0.566564	0.480945	0.465373	0.681581	
2720.000000	0.556367	0.612395	0.578439	0.574609	0.461851	0.556732	0.574609	0.681581	
2730.000000	0.684649	0.582897	0.631372	0.637283	0.432940	0.593828	0.631372	0.681581	
2740.000000	0.689721	0.645701	0.742828	0.575576	0.484635	0.627692	0.645701	0.681581	
2750.000000	0.756307	0.737125	0.815253	0.654479	0.445705	0.681774	0.737125	0.681774	
2760.000000	0.753612	0.694168	0.844334	0.680994	0.502748	0.695171	0.694168	0.695171	
2770.000000	0.712056	0.748325	0.838425	0.612835	0.457155	0.673759	0.712056	0.695171	
2780.000000	0.605004	0.708823	0.696232	0.571052	0.471128	0.610448	0.605004	0.695171	
2790.000000	0.624276	0.545686	0.723644	0.592551	0.422275	0.581686	0.592551	0.695171	
2800.000000	0.666359	0.695279	0.775086	0.632032	0.471057	0.647963	0.666359	0.695171	
2810.000000	0.715791	0.704952	0.810585	0.666535	0.468387	0.673250	0.704952	0.695171	
2820.000000	0.680782	0.643573	0.708233	0.656242	0.428687	0.623503	0.656242	0.695171	
2830.000000	0.627192	0.457341	0.716648	0.554223	0.534345	0.577950	0.554223	0.695171	
2840.000000	0.613293	0.626287	0.595765	0.621828	0.488867	0.589208	0.613293	0.695171	
2850.000000	0.672680	0.651734	0.771747	0.628134	0.508415	0.646542	0.651734	0.695171	
2860.000000	0.658428	0.655713	0.634318	0.693316	0.611405	0.650636	0.655713	0.695171	
2870.000000	0.639978	0.623445	0.760516	0.621731	0.643119	0.657758	0.639978	0.695171	
2880.000000	0.594222	0.598151	0.665452	0.617799	0.553179	0.605761	0.598151	0.695171	
2890.000000	0.619276	0.554932	0.585134	0.624780	0.564674	0.589759	0.585134	0.695171	
2900.000000	0.546892	0.530445	0.534212	0.515217	0.526790	0.530711	0.530445	0.695171	
2910.000000	0.578373	0.532647	0.645659	0.459160	0.604821	0.564132	0.578373	0.695171	
2920.000000	0.588992	0.560460	0.568798	0.479631	0.662913	0.572159	0.568798	0.695171	
2930.000000	0.523614	0.585904	0.681097	0.599556	0.594655	0.596965	0.594655	0.695171	
2940.000000	0.658530	0.633287	0.684170	0.596732	0.534082	0.621360	0.633287	0.695171	
2950.000000	0.674735	0.659307	0.710148	0.578194	0.513898	0.627256	0.659307	0.695171	
2960.000000	0.674577	0.668749	0.679268	0.556914	0.534469	0.622795	0.668749	0.695171	
2970.000000	0.660565	0.645293	0.768098	0.634810	0.516559	0.645065	0.645293	0.695171	
2980.000000	0.698363	0.707345	0.776513	0.624058	0.439851	0.649226	0.698363	0.695171	
2990.000000	0.672447	0.694266	0.760533	0.624271	0.447170	0.639737	0.672447	0.695171	
3000.000000	0.616988	0.687475	0.758672	0.604675	0.491853	0.631933	0.616988	0.695171	
3010.000000	0.633056	0.620643	0.726477	0.581016	0.461789	0.604596	0.620643	0.695171	
3020.000000	0.600579	0.630358	0.687446	0.627526	0.452539	0.599690	0.627526	0.695171	
3030.000000	0.583071	0.583917	0.502032	0.624886	0.560536	0.570888	0.583071	0.695171	
3040.000000	0.484047	0.501226	0.472612	0.468014	0.470112	0.479202	0.472612	0.695171	
3050.000000	0.574031	0.559628	0.629872	0.587144	0.517663	0.573668	0.574031	0.695171	
3060.000000	0.577393	0.503055	0.696826	0.603059	0.457719	0.567610	0.577393	0.695171	
3070.000000	0.613918	0.684544	0.578891	0.625865	0.459701	0.592584	0.613918	0.695171	
3080.000000	0.689163	0.715647	0.764124	0.654545	0.439606	0.652617	0.689163	0.695171	
3090.000000	0.716615	0.707014	0.790512	0.672770	0.432018	0.663786	0.707014	0.695171	
3100.000000	0.736231	0.787191	0.792844	0.566318	0.404226	0.657362	0.736231	0.695171	
3110.000000	0.726857	0.733694	0.794286	0.580897	0.495356	0.666218	0.726857	0.695171	
3120.000000	0.729203	0.738875	0.742164	0.578405	0.449414	0.647612	0.729203	0.695171	
3130.000000	0.701977	0.762209	0.791303	0.637950	0.468535	0.672395	0.701977	0.695171	
3140.000000	0.656527	0.777819	0.829002	0.478572	0.559762	0.660337	0.656527	0.695171	
3150.000000	0.658676	0.673257	0.792683	0.611835	0.519424	0.651175	0.658676	0.695171	
3160.000000	0.667822	0.731507	0.737452	0.675953	0.509888	0.664524	0.675953	0.695171	
3170.000000	0.649881	0.732777	0.774989	0.680546	0.489050	0.665448	0.680546	0.695171	
3180.000000	0.653799	0.741651	0.725073	0.653813	0.482077	0.651282	0.653813	0.695171	
3190.000000	0.661564	0.620948	0.664199	0.607584	0.518109	0.614481	0.620948	0.695171	
3200.000000	0.680622	0.694891	0.665054	0.600261	0.495937	0.627353	0.665054	0.695171	
3210.000000	0.656162	0.688265	0.684486	0.588804	0.519961	0.627536	0.656162	0.695171	
3220.000000	0.692779	0.728535	0.724098	0.585420	0.481016	0.642370	0.692779	0.695171	
3230.000000	0.654996	0.630695	0.755887	0.675336	0.464842	0.636351	0.654996	0.695171	
3240.000000	0.677070	0.735187	0.785866	0.644628	0.477251	0.664000	0.677070	0.695171	
3250.000000	0.656372	0.656457	0.642982	0.591790	0.514220	0.612364	0.642982	0.695171	
3260.000000	0.568037	0.593782	0.523144	0.526036	0.524374	0.547075	0.526036	0.695171	
3270.000000	0.514149	0.543437	0.445712	0.481608	0.572445	0.511470	0.514149	0.695171	
3280.000000	0.519124	0.567039	0.485635	0.467527	0.448295	0.497524	0.485635	0.695171	
3290.000000	0.544230	0.576738	0.509629	0.527723	0.580262	0.547716	0.544230	0.695171	
3300.000000	0.593322	0.512029	0.497570	0.598437	0.516987	0.543669	0.516987	0.695171	
3310.000000	0.551972	0.561068	0.519249	0.493375	0.510622	0.527257	0.519249	0.695171	
3320.000000	0.645883	0.631081	0.648978	0.374717	0.552488	0.570629	0.631081	0.695171	
3330.000000	0.607347	0.641003	0.567855	0.571758	0.458688	0.569330	0.571758	0.695171	
3340.000000	0.530600	0.597221	0.530328	0.617433	0.521024	0.559321	0.530600	0.695171	
3350.000000	0.535974	0.632348	0.670410	0.414200	0.460493	0.542685	0.535974	0.695171	
3360.000000	0.625944	0.526844	0.625783	0.622740	0.462017	0.572665	0.622740	0.695171	
3370.000000	0.481816	0.472710	0.573629	0.582546	0.522281	0.526596	0.522281	0.695171	
3380.000000	0.413329	0.462088	0.424476	0.521028	0.580673	0.480319	0.462088	0.695171	
3390.000000	0.330193	0.382599	0.428041	0.534665	0.478432	0.430786	0.428041	0.695171	
3400.000000	0.411139	0.615219	0.473438	0.535208	0.435045	0.494010	0.473438	0.695171	
3410.000000	0.523845	0.618150	0.531916	0.566618	0.413455	0.530797	0.531916	0.695171	
3420.000000	0.536448	0.590686	0.542811	0.482787	0.450031	0.520553	0.536448	0.695171	
3430.000000	0.448997	0.561282	0.559121	0.581689	0.439174	0.518053	0.559121	0.695171	
3440.000000	0.514302	0.637373	0.543506	0.538379	0.369135	0.520539	0.538379	0.695171	
3450.000000	0.567680	0.621249	0.635988	0.595540	0.420175	0.568126	0.595540	0.695171	
3460.000000	0.599858	0.677894	0.711963	0.641973	0.443941	0.615126	0.641973	0.695171	
3470.000000	0.582114	0.647693	0.632915	0.600637	0.457480	0.584168	0.600637	0.695171	
3480.000000	0.549974	0.647909	0.604642	0.588193	0.464258	0.570995	0.588193	0.695171	
3490.000000	0.570674	0.634887	0.549730	0.547535	0.483048	0.557175	0.549730	0.695171	
3500.000000	0.650976	0.675815	0.565434	0.508398	0.552169	0.590559	0.565434	0.695171	
3510.000000	0.524611	0.447858	0.555752	0.507785	0.573004	0.521802	0.524611	0.695171	
3520.000000	0.530991	0.611465	0.556555	0.510324	0.503874	0.542642	0.530991	0.695171	
3530.000000	0.538344	0.513727	0.585594	0.496376	0.501038	0.527016	0.513727	0.695171	
3540.000000	0.465710	0.548029	0.537749	0.476543	0.486513	0.502909	0.486513	0.695171	
3550.000000	0.493555	0.595301	0.550507	0.505310	0.515247	0.531984	0.515247	0.695171	
3560.000000	0.487228	0.524129	0.543480	0.523047	0.507772	0.517131	0.523047	0.695171	
3570.000000	0.507092	0.612164	0.678270	0.551699	0.416155	0.553076	0.551699	0.695171	
3580.000000	0.451603	0.720997	0.620558	0.519538	0.391864	0.540912	0.519538	0.695171	
3590.000000	0.663699	0.745617	0.644902	0.563086	0.516374	0.626736	0.644902	0.695171	
3600.000000	0.654548	0.703870	0.698116	0.496697	0.442249	0.599096	0.654548	0.695171	
3610.000000	0.664519	0.756732	0.738800	0.586452	0.501977	0.649696	0.664519	0.695171	
3620.000000	0.651250	0.745478	0.702605	0.541886	0.500439	0.628332	0.651250	0.695171	
3630.000000	0.607732	0.760822	0.696623	0.581658	0.437277	0.616822	0.607732	0.695171	
3640.000000	0.571871	0.617535	0.658334	0.587723	0.477136	0.582520	0.587723	0.695171	
3650.000000	0.629676	0.717866	0.627456	0.556328	0.485196	0.603304	0.627456	0.695171	
3660.000000	0.521052	0.690170	0.441410	0.516074	0.501437	0.534029	0.516074	0.695171	
3670.000000	0.461340	0.655976	0.549454	0.531407	0.516172	0.542870	0.531407	0.695171	
3680.000000	0.570014	0.610890	0.444779	0.534353	0.526609	0.537329	0.534353	0.695171	
3690.000000	0.607979	0.669316	0.587934	0.624288	0.517008	0.601305	0.607979	0.695171	
3700.000000	0.607013	0.609203	0.670095	0.583477	0.512058	0.596369	0.607013	0.695171	
3710.000000	0.612109	0.686049	0.739168	0.598951	0.566024	0.640460	0.612109	0.695171	
3720.000000	0.648510	0.688545	0.661943	0.576755	0.499077	0.614966	0.648510	0.695171	
3730.000000	0.599101	0.709913	0.536550	0.558220	0.522073	0.585171	0.558220	0.695171	
3740.000000	0.637208	0.698739	0.679065	0.559751	0.522758	0.619504	0.637208	0.695171	
3750.000000	0.620532	0.710763	0.682936	0.565889	0.465035	0.609031	0.620532	0.695171	
3760.000000	0.548124	0.613934	0.556347	0.554749	0.379284	0.530488	0.554749	0.695171	
3770.000000	0.411230	0.675982	0.558165	0.507768	0.417449	0.514119	0.507768	0.695171	
3780.000000	0.505134	0.629529	0.594627	0.545542	0.435155	0.541997	0.545542	0.695171	
3790.000000	0.510587	0.698975	0.643353	0.567317	0.446656	0.573377	0.567317	0.695171	
3800.000000	0.688345	0.657329	0.718685	0.595981	0.435934	0.619255	0.657329	0.695171	
3810.000000	0.695387	0.758231	0.747381	0.539563	0.491574	0.646427	0.695387	0.695171	
3820.000000	0.684849	0.754045	0.442763	0.454769	0.544835	0.576252	0.544835	0.695171	
3830.000000	0.712165	0.759410	0.702583	0.457880	0.531116	0.632631	0.702583	0.695171	
3840.000000	0.381198	0.748229	0.533786	0.487983	0.534737	0.537187	0.533786	0.695171	
3850.000000	0.417042	0.580386	0.496037	0.510549	0.496956	0.500194	0.496956	0.695171	
3860.000000	0.457665	0.470659	0.469494	0.500320	0.541530	0.487933	0.470659	0.695171	
3870.000000	0.487179	0.606335	0.483429	0.520359	0.558194	0.531099	0.520359	0.695171	
3880.000000	0.527924	0.534762	0.453914	0.521478	0.537797	0.515175	0.527924	0.695171	
3890.000000	0.540557	0.610730	0.483136	0.525519	0.513400	0.534668	0.525519	0.695171	
3900.000000	0.625355	0.572242	0.571736	0.580456	0.491213	0.568201	0.572242	0.695171	
3910.000000	0.560365	0.565363	0.595395	0.561111	0.620281	0.580503	0.565363	0.695171	
3920.000000	0.635674	0.568176	0.598655	0.568708	0.559414	0.586125	0.568708	0.695171	
3930.000000	0.598282	0.586744	0.609340	0.614463	0.546587	0.591083	0.598282	0.695171	
3940.000000	0.577549	0.596441	0.607587	0.624593	0.519116	0.585057	0.596441	0.695171	
3950.000000	0.567034	0.608910	0.605836	0.631220	0.488766	0.580353	0.605836	0.695171	
3960.000000	0.542415	0.564326	0.567344	0.578666	0.489635	0.548477	0.564326	0.695171	
3970.000000	0.555541	0.552347	0.536730	0.590671	0.464979	0.540054	0.552347	0.695171	
3980.000000	0.566329	0.543282	0.545749	0.577356	0.447849	0.536113	0.545749	0.695171	
3990.000000	0.574591	0.634570	0.526503	0.436589	0.488453	0.532141	0.526503	0.695171	
4000.000000	0.565528	0.619163	0.508586	0.452196	0.467806	0.522656	0.508586	0.695171	
4010.000000	0.506015	0.605428	0.513707	0.510977	0.485837	0.524393	0.510977	0.695171	
4020.000000	0.439019	0.526677	0.451745	0.515493	0.474173	0.481421	0.474173	0.695171	
4030.000000	0.409967	0.485826	0.403180	0.516750	0.529619	0.469068	0.485826	0.695171	
4040.000000	0.495981	0.484783	0.543399	0.537703	0.516659	0.515705	0.516659	0.695171	
4050.000000	0.524208	0.497619	0.601665	0.586728	0.533899	0.548824	0.533899	0.695171	
4060.000000	0.614774	0.559323	0.612443	0.666213	0.508428	0.592236	0.612443	0.695171	
4070.000000	0.639533	0.573532	0.662736	0.667724	0.515312	0.611767	0.639533	0.695171	
4080.000000	0.625927	0.553523	0.680020	0.668393	0.555217	0.616616	0.625927	0.695171	
4090.000000	0.593607	0.528115	0.627090	0.628159	0.498841	0.575162	0.593607	0.695171	
4100.000000	0.432875	0.517039	0.674426	0.622348	0.495982	0.548534	0.517039	0.695171	
4110.000000	0.667110	0.521662	0.390529	0.616847	0.496381	0.538506	0.521662	0.695171	
4120.000000	0.664564	0.539880	0.709711	0.620504	0.457158	0.598363	0.620504	0.695171	
4130.000000	0.665108	0.519475	0.691759	0.636138	0.478769	0.598250	0.636138	0.695171	
4140.000000	0.628554	0.546338	0.691601	0.550235	0.433964	0.570138	0.550235	0.695171	
4150.000000	0.614326	0.564035	0.668906	0.581576	0.455345	0.576837	0.581576	0.695171	
4160.000000	0.624058	0.571411	0.673437	0.591570	0.498244	0.591744	0.591570	0.695171	
4170.000000	0.609480	0.571209	0.624769	0.570271	0.463984	0.567942	0.571209	0.695171	
4180.000000	0.613662	0.569128	0.452876	0.522076	0.465437	0.524636	0.522076	0.695171	
4190.000000	0.638784	0.623480	0.520579	0.524385	0.483282	0.558102	0.524385	0.695171	
4200.000000	0.624492	0.591965	0.628681	0.557500	0.494467	0.579421	0.591965	0.695171	
4210.000000	0.611299	0.543085	0.612734	0.562517	0.494676	0.564862	0.562517	0.695171	
4220.000000	0.613247	0.525792	0.631931	0.592939	0.491918	0.571165	0.592939	0.695171	
4230.000000	0.599665	0.519492	0.630058	0.611668	0.466949	0.565566	0.599665	0.695171	
4240.000000	0.616894	0.524457	0.675220	0.579666	0.483920	0.576031	0.579666	0.695171	
4250.000000	0.648599	0.577732	0.694634	0.644010	0.433935	0.599782	0.644010	0.695171	
4260.000000	0.678254	0.630174	0.694310	0.651141	0.434470	0.617670	0.651141	0.695171	
4270.000000	0.705670	0.669825	0.695316	0.597870	0.435045	0.620745	0.669825	0.695171	
4280.000000	0.696245	0.667678	0.731182	0.622167	0.392350	0.621924	0.667678	0.695171	
4290.000000	0.683744	0.675911	0.707493	0.608230	0.406934	0.616463	0.675911	0.695171	
4300.000000	0.697211	0.514985	0.678300	0.603032	0.405567	0.579819	0.603032	0.695171	
4310.000000	0.671726	0.663282	0.691522	0.635823	0.434251	0.619321	0.663282	0.695171	
4320.000000	0.700264	0.683755	0.698995	0.642322	0.406530	0.626373	0.683755	0.695171	
4330.000000	0.697555	0.750254	0.755183	0.647527	0.386762	0.647456	0.697555	0.695171	
4340.000000	0.672195	0.725287	0.767976	0.620996	0.429100	0.643111	0.672195	0.695171	
4350.000000	0.591077	0.753197	0.833720	0.622752	0.512391	0.662627	0.622752	0.695171	
4360.000000	0.716319	0.752015	0.832057	0.558749	0.536896	0.679207	0.716319	0.695171	
4370.000000	0.615485	0.771643	0.823226	0.499060	0.359230	0.613729	0.615485	0.695171	
4380.000000	0.714919	0.707777	0.800844	0.624540	0.389299	0.647476	0.707777	0.695171	
4390.000000	0.683546	0.741003	0.820630	0.581568	0.507657	0.666881	0.683546	0.695171	
4400.000000	0.688286	0.707073	0.772145	0.610549	0.498141	0.655239	0.688286	0.695171	
4410.000000	0.676143	0.701228	0.746700	0.635401	0.481973	0.648289	0.676143	0.695171	
4420.000000	0.649881	0.657907	0.705524	0.641685	0.440772	0.619154	0.649881	0.695171	
4430.000000	0.568777	0.563175	0.646133	0.600213	0.499169	0.575493	0.568777	0.695171	
4440.000000	0.578765	0.361853	0.638585	0.641074	0.416625	0.527380	0.578765	0.695171	
4450.000000	0.516777	0.317542	0.618601	0.609134	0.487002	0.509811	0.516777	0.695171	
4460.000000	0.512230	0.555151	0.617690	0.630961	0.488371	0.560881	0.555151	0.695171	
4470.000000	0.561725	0.631955	0.607390	0.584973	0.444748	0.566158	0.584973	0.695171	
4480.000000	0.558142	0.635016	0.613394	0.573880	0.408718	0.557830	0.573880	0.695171	
4490.000000	0.582567	0.629930	0.599866	0.552491	0.449590	0.562889	0.582567	0.695171	
4500.000000	0.577459	0.654672	0.644567	0.591953	0.397143	0.573159	0.591953	0.695171	
4510.000000	0.602902	0.656756	0.646599	0.562986	0.367815	0.567412	0.602902	0.695171	
4520.000000	0.697707	0.676419	0.696738	0.599503	0.471116	0.628296	0.676419	0.695171	
4530.000000	0.713091	0.708252	0.744985	0.587234	0.654507	0.681614	0.708252	0.695171	
4540.000000	0.691804	0.666351	0.715255	0.550969	0.422105	0.609297	0.666351	0.695171	
4550.000000	0.654251	0.692389	0.659989	0.581481	0.398729	0.597368	0.654251	0.695171	
4560.000000	0.619152	0.679252	0.433745	0.580323	0.559922	0.574479	0.580323	0.695171	
4570.000000	0.521350	0.569307	0.490916	0.450450	0.505025	0.507410	0.505025	0.695171	
4580.000000	0.517808	0.501945	0.576822	0.511655	0.555865	0.532819	0.517808	0.695171	
4590.000000	0.489146	0.510640	0.514236	0.480212	0.506913	0.500229	0.506913	0.695171	
4600.000000	0.496136	0.504573	0.486983	0.475954	0.522238	0.497177	0.496136	0.695171	
4610.000000	0.495957	0.498295	0.500923	0.545831	0.514172	0.511036	0.500923	0.695171	
4620.000000	0.499682	0.484533	0.494124	0.519662	0.480018	0.495604	0.494124	0.695171	
4630.000000	0.498655	0.541283	0.463366	0.508553	0.512616	0.504895	0.508553	0.695171	
4640.000000	0.530254	0.556345	0.503537	0.575367	0.483976	0.529896	0.530254	0.695171	
4650.000000	0.552824	0.587283	0.564621	0.574829	0.463541	0.548620	0.564621	0.695171	
4660.000000	0.557510	0.586892	0.559797	0.589002	0.444045	0.547449	0.559797	0.695171	
4670.000000	0.632818	0.681323	0.646233	0.565923	0.481663	0.601592	0.632818	0.695171	
4680.000000	0.698330	0.687886	0.678479	0.555209	0.419150	0.607811	0.678479	0.695171	
4690.000000	0.677727	0.713034	0.683471	0.604970	0.404043	0.616649	0.677727	0.695171	
4700.000000	0.601105	0.674432	0.627129	0.581343	0.438439	0.584490	0.601105	0.695171	
4710.000000	0.605762	0.624791	0.611869	0.569842	0.441203	0.570694	0.605762	0.695171	
4720.000000	0.602408	0.637513	0.602201	0.551338	0.465009	0.571694	0.602201	0.695171	
4730.000000	0.576378	0.606739	0.673623	0.565143	0.484886	0.581354	0.576378	0.695171	
4740.000000	0.616461	0.642833	0.647012	0.571448	0.480588	0.591668	0.616461	0.695171	
4750.000000	0.569036	0.611848	0.676173	0.564019	0.533172	0.590850	0.569036	0.695171	
4760.000000	0.505374	0.586306	0.580542	0.548933	0.498829	0.543997	0.548933	0.695171	
4770.000000	0.589538	0.619738	0.628335	0.563188	0.429165	0.565993	0.589538	0.695171	
4780.000000	0.666580	0.693190	0.709977	0.583753	0.466538	0.624008	0.666580	0.695171	
4790.000000	0.703014	0.696733	0.694378	0.616452	0.489331	0.639981	0.694378	0.695171	
4800.000000	0.725628	0.750853	0.725368	0.489228	0.448098	0.627835	0.725368	0.695171	
4810.000000	0.638098	0.701125	0.639135	0.612637	0.486946	0.615588	0.638098	0.695171	
4820.000000	0.620878	0.727621	0.681849	0.646130	0.464902	0.628276	0.646130	0.695171	
4830.000000	0.650790	0.704285	0.665520	0.589085	0.508279	0.623592	0.650790	0.695171	
4840.000000	0.668416	0.708015	0.681126	0.594654	0.552219	0.640886	0.668416	0.695171	
4850.000000	0.522634	0.644440	0.618096	0.522922	0.484735	0.558565	0.522922	0.695171	
4860.000000	0.653080	0.620673	0.624322	0.540079	0.504296	0.588490	0.620673	0.695171	
4870.000000	0.638621	0.573069	0.638263	0.581636	0.499975	0.586313	0.581636	0.695171	
4880.000000	0.609051	0.578157	0.608867	0.560773	0.451068	0.561583	0.578157	0.695171	
4890.000000	0.542583	0.623027	0.631462	0.559634	0.460794	0.563500	0.559634	0.695171	
4900.000000	0.569267	0.602708	0.618246	0.550975	0.364507	0.541141	0.569267	0.695171	
4910.000000	0.540460	0.596866	0.562288	0.538866	0.446625	0.537021	0.540460	0.695171	
4920.000000	0.630934	0.645643	0.648021	0.562141	0.346346	0.566617	0.630934	0.695171	
4930.000000	0.663885	0.641606	0.628561	0.574189	0.391913	0.580031	0.628561	0.695171	
4940.000000	0.594040	0.746878	0.749570	0.599757	0.370875	0.612224	0.599757	0.695171	
4950.000000	0.712765	0.791882	0.703716	0.582657	0.385956	0.635395	0.703716	0.695171	
4960.000000	0.678622	0.776092	0.605418	0.571579	0.414238	0.609190	0.605418	0.695171	
4970.000000	0.738873	0.541288	0.722298	0.592401	0.355725	0.590117	0.592401	0.695171	
4980.000000	0.694365	0.539512	0.676605	0.589567	0.453455	0.590701	0.589567	0.695171	
4990.000000	0.747034	0.746987	0.605328	0.550190	0.367868	0.603482	0.605328	0.695171	
5000.000000	0.614588	0.643442	0.671451	0.538803	0.457651	0.585187	0.614588	0.695171	
