Epoch	AUC-9	AUC-10	AUC-11	AUC-Avg	AUC-Mid	AUC-Best	
1.000000	0.569159	0.689173	0.607409	0.621914	0.607409	0.621914	
10.000000	0.429531	0.342151	0.660101	0.477261	0.429531	0.621914	
20.000000	0.477127	0.669893	0.636092	0.594371	0.636092	0.621914	
30.000000	0.510804	0.500834	0.520373	0.510671	0.510804	0.621914	
40.000000	0.464669	0.648780	0.690934	0.601461	0.648780	0.621914	
50.000000	0.465360	0.525016	0.553179	0.514519	0.525016	0.621914	
60.000000	0.586169	0.662690	0.429035	0.559298	0.586169	0.621914	
70.000000	0.590296	0.716413	0.551972	0.619560	0.590296	0.621914	
80.000000	0.514181	0.643855	0.645442	0.601159	0.643855	0.621914	
90.000000	0.559077	0.472197	0.638983	0.556752	0.559077	0.621914	
100.000000	0.427023	0.648786	0.617456	0.564422	0.617456	0.621914	
110.000000	0.578597	0.605861	0.530218	0.571559	0.578597	0.621914	
120.000000	0.471344	0.379677	0.353195	0.401405	0.379677	0.621914	
130.000000	0.584816	0.661223	0.579511	0.608516	0.584816	0.621914	
140.000000	0.538072	0.399917	0.498969	0.478986	0.498969	0.621914	
150.000000	0.550734	0.674095	0.639423	0.621417	0.639423	0.621914	
160.000000	0.496541	0.466214	0.576703	0.513153	0.496541	0.621914	
170.000000	0.564839	0.651325	0.558440	0.591535	0.564839	0.621914	
180.000000	0.544094	0.543745	0.475004	0.520948	0.543745	0.621914	
190.000000	0.563364	0.663171	0.560207	0.595581	0.563364	0.621914	
200.000000	0.471029	0.691280	0.681351	0.614553	0.681351	0.621914	
210.000000	0.533335	0.718772	0.632580	0.628229	0.632580	0.628229	
220.000000	0.561155	0.358940	0.680912	0.533669	0.561155	0.628229	
230.000000	0.566911	0.340183	0.692932	0.533342	0.566911	0.628229	
240.000000	0.579459	0.665800	0.678078	0.641112	0.665800	0.641112	
250.000000	0.516452	0.728966	0.657337	0.634252	0.657337	0.641112	
260.000000	0.533538	0.686579	0.669644	0.629920	0.669644	0.641112	
270.000000	0.509698	0.725890	0.634602	0.623397	0.634602	0.641112	
280.000000	0.560894	0.705874	0.696631	0.654466	0.696631	0.654466	
290.000000	0.585513	0.721876	0.667271	0.658220	0.667271	0.658220	
300.000000	0.576324	0.676780	0.684533	0.645879	0.676780	0.658220	
310.000000	0.546610	0.718584	0.673279	0.646157	0.673279	0.658220	
320.000000	0.567076	0.684308	0.674960	0.642115	0.674960	0.658220	
330.000000	0.574496	0.637355	0.649055	0.620302	0.637355	0.658220	
340.000000	0.539242	0.672298	0.704772	0.638770	0.672298	0.658220	
350.000000	0.569382	0.715465	0.694292	0.659713	0.694292	0.659713	
360.000000	0.589938	0.709139	0.657360	0.652146	0.657360	0.659713	
370.000000	0.555385	0.631254	0.622562	0.603067	0.622562	0.659713	
380.000000	0.585948	0.671928	0.583331	0.613736	0.585948	0.659713	
390.000000	0.580989	0.712072	0.684258	0.659106	0.684258	0.659713	
400.000000	0.568425	0.729030	0.681078	0.659511	0.681078	0.659713	
410.000000	0.573874	0.704508	0.715557	0.664646	0.704508	0.664646	
420.000000	0.572202	0.725112	0.693444	0.663586	0.693444	0.664646	
430.000000	0.574935	0.724661	0.693438	0.664345	0.693438	0.664646	
440.000000	0.562929	0.724847	0.675326	0.654367	0.675326	0.664646	
450.000000	0.557956	0.694547	0.645754	0.632752	0.645754	0.664646	
460.000000	0.562849	0.705528	0.689541	0.652639	0.689541	0.664646	
470.000000	0.572952	0.686094	0.686339	0.648462	0.686094	0.664646	
480.000000	0.568977	0.716537	0.700802	0.662105	0.700802	0.664646	
490.000000	0.566342	0.723802	0.693777	0.661307	0.693777	0.664646	
500.000000	0.565955	0.685020	0.688142	0.646373	0.685020	0.664646	
510.000000	0.574575	0.733413	0.677700	0.661896	0.677700	0.664646	
520.000000	0.478486	0.737008	0.674278	0.629924	0.674278	0.664646	
530.000000	0.566071	0.727243	0.684084	0.659132	0.684084	0.664646	
540.000000	0.563609	0.715686	0.692431	0.657242	0.692431	0.664646	
550.000000	0.567912	0.695493	0.674497	0.645967	0.674497	0.664646	
560.000000	0.572317	0.683339	0.668278	0.641312	0.668278	0.664646	
570.000000	0.579142	0.732780	0.705878	0.672600	0.705878	0.672600	
580.000000	0.578300	0.709215	0.696706	0.661407	0.696706	0.672600	
590.000000	0.573042	0.721696	0.692228	0.662322	0.692228	0.672600	
600.000000	0.579783	0.680090	0.666127	0.642000	0.666127	0.672600	
610.000000	0.581825	0.724898	0.686715	0.664479	0.686715	0.672600	
620.000000	0.591418	0.695614	0.706835	0.664622	0.695614	0.672600	
630.000000	0.586553	0.721276	0.693779	0.667203	0.693779	0.672600	
640.000000	0.587613	0.703151	0.690632	0.660465	0.690632	0.672600	
650.000000	0.587707	0.718181	0.656355	0.654081	0.656355	0.672600	
660.000000	0.590940	0.729138	0.704186	0.674755	0.704186	0.674755	
670.000000	0.545054	0.731253	0.627676	0.634661	0.627676	0.674755	
680.000000	0.569376	0.719535	0.684860	0.657924	0.684860	0.674755	
690.000000	0.473539	0.715496	0.679211	0.622749	0.679211	0.674755	
700.000000	0.575674	0.729602	0.698844	0.668040	0.698844	0.674755	
710.000000	0.579010	0.719802	0.673989	0.657600	0.673989	0.674755	
720.000000	0.577116	0.682068	0.653358	0.637514	0.653358	0.674755	
730.000000	0.567588	0.714532	0.621253	0.634458	0.621253	0.674755	
740.000000	0.580925	0.717377	0.665475	0.654592	0.665475	0.674755	
750.000000	0.565087	0.690307	0.719209	0.658201	0.690307	0.674755	
760.000000	0.536353	0.695725	0.706928	0.646336	0.695725	0.674755	
770.000000	0.575223	0.724265	0.694200	0.664562	0.694200	0.674755	
780.000000	0.569552	0.704300	0.654797	0.642883	0.654797	0.674755	
790.000000	0.551447	0.700312	0.688877	0.646879	0.688877	0.674755	
800.000000	0.549455	0.577927	0.668454	0.598612	0.577927	0.674755	
810.000000	0.568701	0.708073	0.690141	0.655639	0.690141	0.674755	
820.000000	0.585916	0.693205	0.659984	0.646369	0.659984	0.674755	
830.000000	0.588734	0.711095	0.495578	0.598469	0.588734	0.674755	
840.000000	0.574445	0.703005	0.645728	0.641059	0.645728	0.674755	
850.000000	0.576233	0.706790	0.688094	0.657039	0.688094	0.674755	
860.000000	0.586222	0.714703	0.713183	0.671369	0.713183	0.674755	
870.000000	0.591749	0.697916	0.693819	0.661161	0.693819	0.674755	
880.000000	0.600763	0.702122	0.617139	0.640008	0.617139	0.674755	
890.000000	0.598819	0.704068	0.671036	0.657974	0.671036	0.674755	
900.000000	0.596083	0.724352	0.720780	0.680405	0.720780	0.680405	
910.000000	0.598865	0.725375	0.698029	0.674090	0.698029	0.680405	
920.000000	0.606526	0.723478	0.699932	0.676646	0.699932	0.680405	
930.000000	0.600746	0.728128	0.718727	0.682534	0.718727	0.682534	
940.000000	0.613763	0.733741	0.721747	0.689750	0.721747	0.689750	
950.000000	0.604927	0.703316	0.717710	0.675318	0.703316	0.689750	
960.000000	0.590188	0.740628	0.683280	0.671365	0.683280	0.689750	
970.000000	0.602811	0.740607	0.713304	0.685574	0.713304	0.689750	
980.000000	0.598363	0.736501	0.685837	0.673567	0.685837	0.689750	
990.000000	0.594823	0.689302	0.728153	0.670759	0.689302	0.689750	
1000.000000	0.596994	0.730197	0.691558	0.672916	0.691558	0.689750	
1010.000000	0.593085	0.720189	0.724193	0.679156	0.720189	0.689750	
1020.000000	0.592928	0.716642	0.715764	0.675111	0.715764	0.689750	
1030.000000	0.591307	0.699637	0.731770	0.674238	0.699637	0.689750	
1040.000000	0.598656	0.730830	0.695803	0.675096	0.695803	0.689750	
1050.000000	0.595033	0.721174	0.696959	0.671055	0.696959	0.689750	
1060.000000	0.601659	0.725140	0.675252	0.667350	0.675252	0.689750	
1070.000000	0.603819	0.715631	0.716230	0.678560	0.715631	0.689750	
1080.000000	0.621872	0.727873	0.717093	0.688946	0.717093	0.689750	
1090.000000	0.610998	0.720088	0.682810	0.671298	0.682810	0.689750	
1100.000000	0.608338	0.700644	0.689090	0.666024	0.689090	0.689750	
1110.000000	0.619691	0.717826	0.566135	0.634551	0.619691	0.689750	
1120.000000	0.604468	0.734799	0.700497	0.679921	0.700497	0.689750	
1130.000000	0.594631	0.725975	0.708673	0.676426	0.708673	0.689750	
1140.000000	0.596088	0.725456	0.714840	0.678795	0.714840	0.689750	
1150.000000	0.593364	0.711591	0.669481	0.658145	0.669481	0.689750	
1160.000000	0.557375	0.707000	0.677749	0.647375	0.677749	0.689750	
1170.000000	0.601048	0.711192	0.688378	0.666873	0.688378	0.689750	
1180.000000	0.604488	0.731717	0.704589	0.680265	0.704589	0.689750	
1190.000000	0.593009	0.724126	0.706557	0.674564	0.706557	0.689750	
1200.000000	0.592117	0.729679	0.704278	0.675358	0.704278	0.689750	
1210.000000	0.602173	0.726543	0.718990	0.682568	0.718990	0.689750	
1220.000000	0.595160	0.735206	0.725069	0.685145	0.725069	0.689750	
1230.000000	0.593739	0.728323	0.722097	0.681387	0.722097	0.689750	
1240.000000	0.586463	0.664259	0.678111	0.642944	0.664259	0.689750	
1250.000000	0.589700	0.717607	0.685411	0.664239	0.685411	0.689750	
1260.000000	0.593809	0.720665	0.680599	0.665024	0.680599	0.689750	
1270.000000	0.596864	0.736601	0.697274	0.676913	0.697274	0.689750	
1280.000000	0.593527	0.745992	0.698902	0.679474	0.698902	0.689750	
1290.000000	0.583241	0.744738	0.708338	0.678772	0.708338	0.689750	
1300.000000	0.583608	0.738290	0.721265	0.681054	0.721265	0.689750	
1310.000000	0.595029	0.741181	0.694433	0.676881	0.694433	0.689750	
1320.000000	0.599045	0.750372	0.688631	0.679349	0.688631	0.689750	
1330.000000	0.591944	0.739810	0.698056	0.676603	0.698056	0.689750	
1340.000000	0.598836	0.747445	0.693776	0.680019	0.693776	0.689750	
1350.000000	0.601982	0.697966	0.676618	0.658855	0.676618	0.689750	
1360.000000	0.606222	0.739427	0.660758	0.668803	0.660758	0.689750	
1370.000000	0.604262	0.751160	0.669735	0.675052	0.669735	0.689750	
1380.000000	0.602197	0.729696	0.709452	0.680448	0.709452	0.689750	
1390.000000	0.605547	0.733465	0.704595	0.681202	0.704595	0.689750	
1400.000000	0.606143	0.739773	0.714306	0.686741	0.714306	0.689750	
1410.000000	0.603663	0.730917	0.691941	0.675507	0.691941	0.689750	
1420.000000	0.614533	0.733117	0.700184	0.682612	0.700184	0.689750	
1430.000000	0.618516	0.755870	0.721161	0.698516	0.721161	0.698516	
1440.000000	0.611143	0.736713	0.702206	0.683354	0.702206	0.698516	
1450.000000	0.604660	0.727521	0.689309	0.673830	0.689309	0.698516	
1460.000000	0.604157	0.733472	0.703657	0.680429	0.703657	0.698516	
1470.000000	0.603957	0.735583	0.646922	0.662154	0.646922	0.698516	
1480.000000	0.612674	0.743555	0.729167	0.695132	0.729167	0.698516	
1490.000000	0.602295	0.730282	0.701041	0.677873	0.701041	0.698516	
1500.000000	0.597253	0.730156	0.728537	0.685315	0.728537	0.698516	
1510.000000	0.603738	0.728698	0.712578	0.681671	0.712578	0.698516	
1520.000000	0.602384	0.735716	0.736011	0.691370	0.735716	0.698516	
1530.000000	0.613583	0.746098	0.726154	0.695278	0.726154	0.698516	
1540.000000	0.609286	0.735005	0.718858	0.687717	0.718858	0.698516	
1550.000000	0.619584	0.714740	0.713832	0.682718	0.713832	0.698516	
1560.000000	0.611320	0.725582	0.702282	0.679728	0.702282	0.698516	
1570.000000	0.620223	0.743624	0.733427	0.699091	0.733427	0.699091	
1580.000000	0.632181	0.738104	0.741698	0.703994	0.738104	0.703994	
1590.000000	0.602061	0.733002	0.725533	0.686865	0.725533	0.703994	
1600.000000	0.589249	0.708106	0.688077	0.661811	0.688077	0.703994	
1610.000000	0.589299	0.717816	0.713663	0.673593	0.713663	0.703994	
1620.000000	0.589235	0.732414	0.726198	0.682616	0.726198	0.703994	
1630.000000	0.593940	0.730350	0.726876	0.683722	0.726876	0.703994	
1640.000000	0.518060	0.747409	0.729739	0.665069	0.729739	0.703994	
1650.000000	0.599129	0.743374	0.723538	0.688680	0.723538	0.703994	
1660.000000	0.610246	0.740823	0.730857	0.693975	0.730857	0.703994	
1670.000000	0.608159	0.743089	0.727033	0.692760	0.727033	0.703994	
1680.000000	0.591036	0.736072	0.738297	0.688468	0.736072	0.703994	
1690.000000	0.613374	0.747862	0.717743	0.692993	0.717743	0.703994	
1700.000000	0.610491	0.748452	0.708882	0.689275	0.708882	0.703994	
1710.000000	0.623817	0.751893	0.730312	0.702007	0.730312	0.703994	
1720.000000	0.610133	0.749996	0.697295	0.685808	0.697295	0.703994	
1730.000000	0.614140	0.748784	0.627150	0.663358	0.627150	0.703994	
1740.000000	0.613821	0.731806	0.723395	0.689674	0.723395	0.703994	
1750.000000	0.623677	0.740986	0.726398	0.697021	0.726398	0.703994	
1760.000000	0.623172	0.740405	0.725591	0.696389	0.725591	0.703994	
1770.000000	0.621353	0.709388	0.711120	0.680620	0.709388	0.703994	
1780.000000	0.612100	0.728641	0.750622	0.697121	0.728641	0.703994	
1790.000000	0.616166	0.740757	0.735127	0.697350	0.735127	0.703994	
1800.000000	0.615533	0.730082	0.688108	0.677908	0.688108	0.703994	
1810.000000	0.640004	0.728982	0.719598	0.696195	0.719598	0.703994	
1820.000000	0.632562	0.752631	0.701036	0.695410	0.701036	0.703994	
1830.000000	0.637574	0.764322	0.725050	0.708982	0.725050	0.708982	
1840.000000	0.645263	0.755458	0.757263	0.719328	0.755458	0.719328	
1850.000000	0.641883	0.752512	0.747912	0.714102	0.747912	0.719328	
1860.000000	0.629009	0.757933	0.726404	0.704449	0.726404	0.719328	
1870.000000	0.623087	0.746895	0.749706	0.706563	0.746895	0.719328	
1880.000000	0.634610	0.753522	0.736710	0.708281	0.736710	0.719328	
1890.000000	0.650740	0.757307	0.735334	0.714460	0.735334	0.719328	
1900.000000	0.645237	0.759942	0.736053	0.713744	0.736053	0.719328	
1910.000000	0.630513	0.759683	0.720757	0.703651	0.720757	0.719328	
1920.000000	0.651193	0.756645	0.733500	0.713779	0.733500	0.719328	
1930.000000	0.657725	0.740833	0.729376	0.709311	0.729376	0.719328	
1940.000000	0.637642	0.741855	0.742996	0.707498	0.741855	0.719328	
1950.000000	0.632634	0.740038	0.706581	0.693084	0.706581	0.719328	
1960.000000	0.632939	0.740613	0.733816	0.702456	0.733816	0.719328	
1970.000000	0.640862	0.733867	0.739882	0.704870	0.733867	0.719328	
1980.000000	0.643958	0.691771	0.716728	0.684153	0.691771	0.719328	
1990.000000	0.620179	0.716958	0.725771	0.687636	0.716958	0.719328	
2000.000000	0.649598	0.736359	0.761995	0.715984	0.736359	0.719328	
2010.000000	0.643178	0.730095	0.731981	0.701751	0.730095	0.719328	
2020.000000	0.627699	0.737257	0.710685	0.691880	0.710685	0.719328	
2030.000000	0.639003	0.740733	0.722421	0.700719	0.722421	0.719328	
2040.000000	0.637427	0.750192	0.743910	0.710509	0.743910	0.719328	
2050.000000	0.646722	0.750770	0.755001	0.717498	0.750770	0.719328	
2060.000000	0.504744	0.754817	0.759198	0.672920	0.754817	0.719328	
2070.000000	0.650015	0.748824	0.707139	0.701993	0.707139	0.719328	
2080.000000	0.646313	0.753759	0.728395	0.709489	0.728395	0.719328	
2090.000000	0.656848	0.777507	0.734487	0.722947	0.734487	0.722947	
2100.000000	0.653298	0.770244	0.720184	0.714575	0.720184	0.722947	
2110.000000	0.631949	0.707943	0.702536	0.680809	0.702536	0.722947	
2120.000000	0.644674	0.692243	0.652279	0.663065	0.652279	0.722947	
2130.000000	0.650371	0.753366	0.738015	0.713918	0.738015	0.722947	
2140.000000	0.650312	0.762504	0.738990	0.717269	0.738990	0.722947	
2150.000000	0.667662	0.750781	0.733236	0.717227	0.733236	0.722947	
2160.000000	0.658486	0.755692	0.734599	0.716259	0.734599	0.722947	
2170.000000	0.654269	0.742939	0.744670	0.713959	0.742939	0.722947	
2180.000000	0.691818	0.761029	0.746688	0.733178	0.746688	0.733178	
2190.000000	0.694704	0.736374	0.737021	0.722700	0.736374	0.733178	
2200.000000	0.665122	0.756045	0.724431	0.715200	0.724431	0.733178	
2210.000000	0.659063	0.753696	0.740467	0.717742	0.740467	0.733178	
2220.000000	0.629400	0.741485	0.710490	0.693792	0.710490	0.733178	
2230.000000	0.675521	0.758640	0.727258	0.720473	0.727258	0.733178	
2240.000000	0.656390	0.728042	0.728117	0.704183	0.728042	0.733178	
2250.000000	0.637838	0.745027	0.672664	0.685176	0.672664	0.733178	
2260.000000	0.662512	0.755209	0.722829	0.713517	0.722829	0.733178	
2270.000000	0.644744	0.758201	0.734353	0.712433	0.734353	0.733178	
2280.000000	0.650907	0.769369	0.735665	0.718647	0.735665	0.733178	
2290.000000	0.646537	0.743297	0.746246	0.712026	0.743297	0.733178	
2300.000000	0.651261	0.733525	0.738912	0.707899	0.733525	0.733178	
2310.000000	0.646361	0.767489	0.743183	0.719011	0.743183	0.733178	
2320.000000	0.645119	0.754041	0.718456	0.705872	0.718456	0.733178	
2330.000000	0.633543	0.758001	0.719671	0.703738	0.719671	0.733178	
2340.000000	0.632214	0.752919	0.731105	0.705413	0.731105	0.733178	
2350.000000	0.651774	0.768372	0.754290	0.724812	0.754290	0.733178	
2360.000000	0.675134	0.749411	0.730229	0.718258	0.730229	0.733178	
2370.000000	0.665664	0.761672	0.744654	0.723997	0.744654	0.733178	
2380.000000	0.644779	0.749925	0.708758	0.701154	0.708758	0.733178	
2390.000000	0.633783	0.750628	0.698214	0.694208	0.698214	0.733178	
2400.000000	0.674635	0.766817	0.740814	0.727422	0.740814	0.733178	
2410.000000	0.628526	0.741023	0.715210	0.694920	0.715210	0.733178	
2420.000000	0.621940	0.745498	0.701748	0.689729	0.701748	0.733178	
2430.000000	0.638947	0.745738	0.706996	0.697227	0.706996	0.733178	
2440.000000	0.643012	0.754862	0.725742	0.707872	0.725742	0.733178	
2450.000000	0.653112	0.757095	0.748112	0.719440	0.748112	0.733178	
2460.000000	0.669180	0.761679	0.741053	0.723971	0.741053	0.733178	
2470.000000	0.668782	0.748459	0.743078	0.720106	0.743078	0.733178	
2480.000000	0.648544	0.753404	0.732746	0.711565	0.732746	0.733178	
2490.000000	0.656449	0.758622	0.746211	0.720427	0.746211	0.733178	
2500.000000	0.663375	0.759492	0.761595	0.728154	0.759492	0.733178	
2510.000000	0.683791	0.763952	0.750823	0.732856	0.750823	0.733178	
2520.000000	0.675139	0.766713	0.762529	0.734794	0.762529	0.734794	
2530.000000	0.665746	0.769000	0.740364	0.725036	0.740364	0.734794	
2540.000000	0.674186	0.756353	0.745218	0.725252	0.745218	0.734794	
2550.000000	0.477193	0.744754	0.746599	0.656182	0.744754	0.734794	
2560.000000	0.649010	0.752891	0.739413	0.713771	0.739413	0.734794	
2570.000000	0.672499	0.760822	0.720620	0.717980	0.720620	0.734794	
2580.000000	0.658713	0.758537	0.721536	0.712929	0.721536	0.734794	
2590.000000	0.667457	0.756213	0.732441	0.718704	0.732441	0.734794	
2600.000000	0.647995	0.736610	0.742113	0.708906	0.736610	0.734794	
2610.000000	0.655046	0.749297	0.745955	0.716766	0.745955	0.734794	
2620.000000	0.655331	0.743413	0.766190	0.721645	0.743413	0.734794	
2630.000000	0.664350	0.745385	0.768052	0.725929	0.745385	0.734794	
2640.000000	0.661328	0.750045	0.746294	0.719222	0.746294	0.734794	
2650.000000	0.661727	0.755035	0.734534	0.717099	0.734534	0.734794	
2660.000000	0.692374	0.755796	0.739327	0.729166	0.739327	0.734794	
2670.000000	0.689380	0.750364	0.747778	0.729174	0.747778	0.734794	
2680.000000	0.642608	0.714856	0.718329	0.691931	0.714856	0.734794	
2690.000000	0.642583	0.749296	0.721846	0.704575	0.721846	0.734794	
2700.000000	0.652724	0.760068	0.730560	0.714451	0.730560	0.734794	
2710.000000	0.675323	0.766588	0.726747	0.722886	0.726747	0.734794	
2720.000000	0.657391	0.715241	0.704147	0.692260	0.704147	0.734794	
2730.000000	0.660568	0.767725	0.760601	0.729631	0.760601	0.734794	
2740.000000	0.657739	0.769684	0.743579	0.723667	0.743579	0.734794	
2750.000000	0.662865	0.757212	0.768691	0.729589	0.757212	0.734794	
2760.000000	0.665746	0.768035	0.759467	0.731082	0.759467	0.734794	
2770.000000	0.663251	0.771062	0.748092	0.727468	0.748092	0.734794	
2780.000000	0.671075	0.777123	0.762573	0.736924	0.762573	0.736924	
2790.000000	0.686183	0.768448	0.741202	0.731945	0.741202	0.736924	
2800.000000	0.674534	0.784827	0.736629	0.731996	0.736629	0.736924	
2810.000000	0.655016	0.774307	0.754334	0.727886	0.754334	0.736924	
2820.000000	0.662816	0.778265	0.759031	0.733371	0.759031	0.736924	
2830.000000	0.652326	0.779129	0.744657	0.725371	0.744657	0.736924	
2840.000000	0.611081	0.772889	0.744185	0.709385	0.744185	0.736924	
2850.000000	0.669515	0.768338	0.766175	0.734676	0.766175	0.736924	
2860.000000	0.675039	0.767777	0.761776	0.734864	0.761776	0.736924	
2870.000000	0.663952	0.764739	0.750994	0.726562	0.750994	0.736924	
2880.000000	0.651607	0.757940	0.724437	0.711328	0.724437	0.736924	
2890.000000	0.650165	0.757554	0.721639	0.709786	0.721639	0.736924	
2900.000000	0.656224	0.766559	0.742722	0.721835	0.742722	0.736924	
2910.000000	0.675718	0.771880	0.758471	0.735356	0.758471	0.736924	
2920.000000	0.659097	0.764303	0.725519	0.716306	0.725519	0.736924	
2930.000000	0.657988	0.764330	0.739414	0.720578	0.739414	0.736924	
2940.000000	0.661970	0.775452	0.747985	0.728469	0.747985	0.736924	
2950.000000	0.675192	0.777562	0.735196	0.729317	0.735196	0.736924	
2960.000000	0.694550	0.771399	0.718138	0.728029	0.718138	0.736924	
2970.000000	0.681990	0.769889	0.710840	0.720906	0.710840	0.736924	
2980.000000	0.698087	0.794002	0.747509	0.746533	0.747509	0.746533	
2990.000000	0.676129	0.778784	0.739280	0.731398	0.739280	0.746533	
3000.000000	0.673791	0.780573	0.762124	0.738829	0.762124	0.746533	
3010.000000	0.675975	0.761873	0.761124	0.732991	0.761124	0.746533	
3020.000000	0.668298	0.777389	0.739849	0.728512	0.739849	0.746533	
3030.000000	0.683947	0.772361	0.743758	0.733355	0.743758	0.746533	
3040.000000	0.685381	0.765792	0.729487	0.726887	0.729487	0.746533	
3050.000000	0.693058	0.781067	0.745835	0.739987	0.745835	0.746533	
3060.000000	0.675477	0.777310	0.719450	0.724079	0.719450	0.746533	
3070.000000	0.666941	0.771235	0.734515	0.724231	0.734515	0.746533	
3080.000000	0.660665	0.773829	0.747049	0.727181	0.747049	0.746533	
3090.000000	0.669530	0.772056	0.741829	0.727805	0.741829	0.746533	
3100.000000	0.703470	0.773664	0.742117	0.739750	0.742117	0.746533	
3110.000000	0.710667	0.770158	0.717706	0.732844	0.717706	0.746533	
3120.000000	0.681589	0.763576	0.715916	0.720360	0.715916	0.746533	
3130.000000	0.681678	0.747180	0.738452	0.722437	0.738452	0.746533	
3140.000000	0.669253	0.747742	0.763869	0.726955	0.747742	0.746533	
3150.000000	0.670567	0.759131	0.725644	0.718448	0.725644	0.746533	
3160.000000	0.647784	0.760431	0.706000	0.704738	0.706000	0.746533	
3170.000000	0.686015	0.786484	0.731225	0.734575	0.731225	0.746533	
3180.000000	0.683975	0.779167	0.735373	0.732838	0.735373	0.746533	
3190.000000	0.695728	0.775258	0.725293	0.732093	0.725293	0.746533	
3200.000000	0.689825	0.777771	0.722652	0.730083	0.722652	0.746533	
3210.000000	0.689818	0.781785	0.715447	0.729017	0.715447	0.746533	
3220.000000	0.686755	0.776086	0.752239	0.738360	0.752239	0.746533	
3230.000000	0.693474	0.798823	0.722048	0.738115	0.722048	0.746533	
3240.000000	0.694205	0.785371	0.696772	0.725449	0.696772	0.746533	
3250.000000	0.714941	0.792259	0.739119	0.748773	0.739119	0.748773	
3260.000000	0.656637	0.791084	0.745623	0.731115	0.745623	0.748773	
3270.000000	0.638855	0.776098	0.749374	0.721442	0.749374	0.748773	
3280.000000	0.680368	0.780524	0.738115	0.733002	0.738115	0.748773	
3290.000000	0.695701	0.783695	0.723111	0.734169	0.723111	0.748773	
3300.000000	0.694914	0.778446	0.736449	0.736603	0.736449	0.748773	
3310.000000	0.701839	0.762644	0.744013	0.736165	0.744013	0.748773	
3320.000000	0.705452	0.766442	0.744465	0.738786	0.744465	0.748773	
3330.000000	0.703063	0.771276	0.720511	0.731617	0.720511	0.748773	
3340.000000	0.678639	0.776479	0.743653	0.732924	0.743653	0.748773	
3350.000000	0.696633	0.789306	0.766373	0.750771	0.766373	0.750771	
3360.000000	0.688633	0.776916	0.773046	0.746198	0.773046	0.750771	
3370.000000	0.692983	0.767552	0.756997	0.739177	0.756997	0.750771	
3380.000000	0.673405	0.788750	0.752565	0.738240	0.752565	0.750771	
3390.000000	0.690706	0.776655	0.732552	0.733304	0.732552	0.750771	
3400.000000	0.691818	0.766516	0.739880	0.732738	0.739880	0.750771	
3410.000000	0.709006	0.782531	0.765950	0.752495	0.765950	0.752495	
3420.000000	0.686788	0.764319	0.738569	0.729892	0.738569	0.752495	
3430.000000	0.692815	0.781693	0.758683	0.744397	0.758683	0.752495	
3440.000000	0.691236	0.780416	0.760123	0.743925	0.760123	0.752495	
3450.000000	0.690689	0.779357	0.732743	0.734263	0.732743	0.752495	
3460.000000	0.693716	0.787813	0.743498	0.741676	0.743498	0.752495	
3470.000000	0.701660	0.790435	0.759173	0.750423	0.759173	0.752495	
3480.000000	0.697105	0.786507	0.743207	0.742273	0.743207	0.752495	
3490.000000	0.696380	0.779258	0.739678	0.738439	0.739678	0.752495	
3500.000000	0.677920	0.774479	0.741580	0.731326	0.741580	0.752495	
3510.000000	0.701924	0.783386	0.747016	0.744109	0.747016	0.752495	
3520.000000	0.709040	0.778848	0.765448	0.751112	0.765448	0.752495	
3530.000000	0.725086	0.779313	0.784946	0.763115	0.779313	0.763115	
3540.000000	0.708818	0.780322	0.759966	0.749702	0.759966	0.763115	
3550.000000	0.721115	0.787548	0.778088	0.762250	0.778088	0.763115	
3560.000000	0.702003	0.786491	0.773778	0.754091	0.773778	0.763115	
3570.000000	0.682119	0.776580	0.757205	0.738635	0.757205	0.763115	
3580.000000	0.697877	0.782106	0.750714	0.743566	0.750714	0.763115	
3590.000000	0.698901	0.777969	0.752412	0.743094	0.752412	0.763115	
3600.000000	0.704798	0.774607	0.761178	0.746861	0.761178	0.763115	
3610.000000	0.698274	0.780167	0.719662	0.732701	0.719662	0.763115	
3620.000000	0.685632	0.781048	0.732145	0.732942	0.732145	0.763115	
3630.000000	0.703228	0.783508	0.770840	0.752526	0.770840	0.763115	
3640.000000	0.687459	0.761084	0.767140	0.738561	0.761084	0.763115	
3650.000000	0.683536	0.773478	0.753151	0.736722	0.753151	0.763115	
3660.000000	0.708590	0.768903	0.738964	0.738819	0.738964	0.763115	
3670.000000	0.706633	0.773464	0.766656	0.748918	0.766656	0.763115	
3680.000000	0.690457	0.767681	0.757970	0.738703	0.757970	0.763115	
3690.000000	0.693476	0.753496	0.773859	0.740277	0.753496	0.763115	
3700.000000	0.698225	0.759610	0.779621	0.745819	0.759610	0.763115	
3710.000000	0.695951	0.772636	0.758451	0.742346	0.758451	0.763115	
3720.000000	0.688786	0.783884	0.757887	0.743519	0.757887	0.763115	
3730.000000	0.684521	0.763340	0.758022	0.735294	0.758022	0.763115	
3740.000000	0.674273	0.757742	0.769309	0.733775	0.757742	0.763115	
3750.000000	0.675276	0.764895	0.766029	0.735400	0.764895	0.763115	
3760.000000	0.675272	0.775083	0.771370	0.740575	0.771370	0.763115	
3770.000000	0.689615	0.767389	0.770372	0.742459	0.767389	0.763115	
3780.000000	0.660751	0.750741	0.735846	0.715779	0.735846	0.763115	
3790.000000	0.680394	0.766568	0.768742	0.738568	0.766568	0.763115	
3800.000000	0.696617	0.774927	0.761941	0.744495	0.761941	0.763115	
3810.000000	0.696865	0.782184	0.755532	0.744860	0.755532	0.763115	
3820.000000	0.691992	0.780017	0.763480	0.745163	0.763480	0.763115	
3830.000000	0.687462	0.785656	0.758850	0.743989	0.758850	0.763115	
3840.000000	0.694521	0.778957	0.764192	0.745890	0.764192	0.763115	
3850.000000	0.696854	0.756873	0.772105	0.741944	0.756873	0.763115	
3860.000000	0.688107	0.777890	0.741745	0.735914	0.741745	0.763115	
3870.000000	0.688967	0.779983	0.734478	0.734476	0.734478	0.763115	
3880.000000	0.681760	0.774385	0.739760	0.731968	0.739760	0.763115	
3890.000000	0.658110	0.757107	0.737018	0.717412	0.737018	0.763115	
3900.000000	0.660624	0.756206	0.735361	0.717397	0.735361	0.763115	
3910.000000	0.693246	0.782049	0.757540	0.744278	0.757540	0.763115	
3920.000000	0.687763	0.782560	0.751666	0.740663	0.751666	0.763115	
3930.000000	0.676305	0.776304	0.730225	0.727611	0.730225	0.763115	
3940.000000	0.665493	0.760401	0.729238	0.718377	0.729238	0.763115	
3950.000000	0.648906	0.760685	0.738326	0.715972	0.738326	0.763115	
3960.000000	0.669504	0.760331	0.729819	0.719885	0.729819	0.763115	
3970.000000	0.703192	0.760050	0.754936	0.739393	0.754936	0.763115	
3980.000000	0.714858	0.778769	0.769161	0.754263	0.769161	0.763115	
3990.000000	0.699161	0.775934	0.757622	0.744239	0.757622	0.763115	
4000.000000	0.697177	0.776202	0.750755	0.741378	0.750755	0.763115	
4010.000000	0.689487	0.764941	0.761796	0.738741	0.761796	0.763115	
4020.000000	0.692781	0.780969	0.759610	0.744453	0.759610	0.763115	
4030.000000	0.688814	0.781254	0.759963	0.743344	0.759963	0.763115	
4040.000000	0.692910	0.774568	0.775284	0.747587	0.774568	0.763115	
4050.000000	0.688440	0.778895	0.761646	0.742993	0.761646	0.763115	
4060.000000	0.698245	0.788481	0.759605	0.748777	0.759605	0.763115	
4070.000000	0.688141	0.759136	0.748027	0.731768	0.748027	0.763115	
4080.000000	0.673170	0.727435	0.737915	0.712840	0.727435	0.763115	
4090.000000	0.682626	0.759125	0.755128	0.732293	0.755128	0.763115	
4100.000000	0.706383	0.767911	0.756629	0.743641	0.756629	0.763115	
4110.000000	0.710120	0.769422	0.740555	0.740032	0.740555	0.763115	
4120.000000	0.714358	0.771034	0.711399	0.732264	0.714358	0.763115	
4130.000000	0.713721	0.767526	0.783274	0.754840	0.767526	0.763115	
4140.000000	0.710263	0.765473	0.765241	0.746992	0.765241	0.763115	
4150.000000	0.688418	0.775004	0.740658	0.734693	0.740658	0.763115	
4160.000000	0.704055	0.787412	0.740232	0.743900	0.740232	0.763115	
4170.000000	0.718490	0.790074	0.750185	0.752917	0.750185	0.763115	
4180.000000	0.710084	0.793997	0.748925	0.751002	0.748925	0.763115	
4190.000000	0.708141	0.804461	0.750226	0.754276	0.750226	0.763115	
4200.000000	0.681080	0.800145	0.754375	0.745200	0.754375	0.763115	
4210.000000	0.694102	0.799609	0.744286	0.745999	0.744286	0.763115	
4220.000000	0.696535	0.796497	0.749072	0.747368	0.749072	0.763115	
4230.000000	0.705523	0.793379	0.754031	0.750977	0.754031	0.763115	
4240.000000	0.684994	0.789526	0.753151	0.742557	0.753151	0.763115	
4250.000000	0.692717	0.790576	0.762359	0.748551	0.762359	0.763115	
4260.000000	0.703095	0.798399	0.770839	0.757444	0.770839	0.763115	
4270.000000	0.682342	0.789397	0.746644	0.739461	0.746644	0.763115	
4280.000000	0.708346	0.792708	0.775673	0.758909	0.775673	0.763115	
4290.000000	0.709361	0.792225	0.764299	0.755295	0.764299	0.763115	
4300.000000	0.711835	0.800295	0.736958	0.749696	0.736958	0.763115	
4310.000000	0.691041	0.782181	0.740702	0.737974	0.740702	0.763115	
4320.000000	0.672769	0.760279	0.733163	0.722070	0.733163	0.763115	
4330.000000	0.694211	0.797900	0.760330	0.750814	0.760330	0.763115	
4340.000000	0.694475	0.788632	0.755307	0.746138	0.755307	0.763115	
4350.000000	0.684799	0.791313	0.738794	0.738302	0.738794	0.763115	
4360.000000	0.691303	0.788582	0.721020	0.733635	0.721020	0.763115	
4370.000000	0.576736	0.797854	0.765639	0.713409	0.765639	0.763115	
4380.000000	0.689207	0.787184	0.752119	0.742837	0.752119	0.763115	
4390.000000	0.685876	0.789045	0.769506	0.748142	0.769506	0.763115	
4400.000000	0.687222	0.781282	0.754708	0.741071	0.754708	0.763115	
4410.000000	0.655777	0.774236	0.744167	0.724726	0.744167	0.763115	
4420.000000	0.686627	0.783678	0.742235	0.737514	0.742235	0.763115	
4430.000000	0.677153	0.769823	0.719638	0.722205	0.719638	0.763115	
4440.000000	0.698624	0.780029	0.747572	0.742075	0.747572	0.763115	
4450.000000	0.697945	0.793389	0.747713	0.746349	0.747713	0.763115	
4460.000000	0.687853	0.790752	0.753299	0.743968	0.753299	0.763115	
4470.000000	0.694889	0.790271	0.745727	0.743629	0.745727	0.763115	
4480.000000	0.694883	0.791946	0.761362	0.749397	0.761362	0.763115	
4490.000000	0.695062	0.786806	0.766825	0.749564	0.766825	0.763115	
4500.000000	0.676977	0.787601	0.749305	0.737961	0.749305	0.763115	
4510.000000	0.677695	0.795898	0.737249	0.736947	0.737249	0.763115	
4520.000000	0.701223	0.805926	0.747391	0.751514	0.747391	0.763115	
4530.000000	0.705712	0.802793	0.753050	0.753851	0.753050	0.763115	
4540.000000	0.715271	0.778103	0.760956	0.751443	0.760956	0.763115	
4550.000000	0.686969	0.785693	0.761187	0.744616	0.761187	0.763115	
4560.000000	0.698456	0.788635	0.754310	0.747134	0.754310	0.763115	
4570.000000	0.681116	0.789332	0.733774	0.734741	0.733774	0.763115	
4580.000000	0.698416	0.786105	0.772073	0.752198	0.772073	0.763115	
4590.000000	0.705870	0.791073	0.781439	0.759461	0.781439	0.763115	
4600.000000	0.702885	0.794281	0.761659	0.752942	0.761659	0.763115	
4610.000000	0.697507	0.767607	0.751193	0.738769	0.751193	0.763115	
4620.000000	0.675813	0.746245	0.734964	0.719007	0.734964	0.763115	
4630.000000	0.660285	0.750590	0.745459	0.718778	0.745459	0.763115	
4640.000000	0.659116	0.759380	0.725101	0.714532	0.725101	0.763115	
4650.000000	0.686034	0.769788	0.741960	0.732594	0.741960	0.763115	
4660.000000	0.705983	0.788274	0.757240	0.750499	0.757240	0.763115	
4670.000000	0.714449	0.790056	0.747258	0.750587	0.747258	0.763115	
4680.000000	0.708491	0.783364	0.753424	0.748426	0.753424	0.763115	
4690.000000	0.718370	0.783459	0.765563	0.755797	0.765563	0.763115	
4700.000000	0.708152	0.782070	0.766782	0.752335	0.766782	0.763115	
4710.000000	0.706181	0.780358	0.753340	0.746626	0.753340	0.763115	
4720.000000	0.707764	0.781526	0.749902	0.746397	0.749902	0.763115	
4730.000000	0.707479	0.786402	0.739379	0.744420	0.739379	0.763115	
4740.000000	0.701095	0.790702	0.748321	0.746706	0.748321	0.763115	
4750.000000	0.697208	0.798854	0.766916	0.754326	0.766916	0.763115	
4760.000000	0.694196	0.788492	0.771985	0.751558	0.771985	0.763115	
4770.000000	0.685498	0.781523	0.652611	0.706544	0.685498	0.763115	
4780.000000	0.695581	0.781612	0.753496	0.743563	0.753496	0.763115	
4790.000000	0.695890	0.781278	0.768590	0.748586	0.768590	0.763115	
4800.000000	0.684325	0.786469	0.778647	0.749814	0.778647	0.763115	
4810.000000	0.671136	0.795185	0.733083	0.733135	0.733083	0.763115	
4820.000000	0.697394	0.805785	0.742765	0.748648	0.742765	0.763115	
4830.000000	0.695976	0.801310	0.761307	0.752864	0.761307	0.763115	
4840.000000	0.707081	0.801964	0.765271	0.758105	0.765271	0.763115	
4850.000000	0.707690	0.785685	0.752954	0.748776	0.752954	0.763115	
4860.000000	0.699123	0.792125	0.749791	0.747013	0.749791	0.763115	
4870.000000	0.702913	0.798544	0.761467	0.754308	0.761467	0.763115	
4880.000000	0.713051	0.796929	0.765398	0.758459	0.765398	0.763115	
4890.000000	0.698288	0.793600	0.759409	0.750432	0.759409	0.763115	
4900.000000	0.698224	0.796732	0.755900	0.750286	0.755900	0.763115	
4910.000000	0.704795	0.790753	0.775124	0.756891	0.775124	0.763115	
4920.000000	0.707071	0.786356	0.774422	0.755950	0.774422	0.763115	
4930.000000	0.691419	0.784938	0.754049	0.743469	0.754049	0.763115	
4940.000000	0.686974	0.782308	0.757450	0.742244	0.757450	0.763115	
4950.000000	0.688871	0.789875	0.762688	0.747145	0.762688	0.763115	
4960.000000	0.698344	0.785396	0.762826	0.748855	0.762826	0.763115	
4970.000000	0.704756	0.785704	0.757229	0.749230	0.757229	0.763115	
4980.000000	0.716524	0.778657	0.765181	0.753454	0.765181	0.763115	
4990.000000	0.724072	0.761920	0.779412	0.755134	0.761920	0.763115	
5000.000000	0.726659	0.778415	0.784425	0.763167	0.778415	0.763167	
