Epoch	AUC-21	AUC-22	AUC-23	AUC-24	AUC-25	AUC-26	AUC-Avg	AUC-Mid	AUC-Best	
1.000000	0.567581	0.521903	0.531027	0.433575	0.504712	0.538148	0.516158	0.526465	0.516158	
10.000000	0.475229	0.476891	0.491781	0.535336	0.550690	0.541775	0.511950	0.513559	0.516158	
20.000000	0.583583	0.524789	0.564216	0.490800	0.344023	0.495893	0.500551	0.510341	0.516158	
30.000000	0.473347	0.467742	0.461461	0.471081	0.538291	0.519200	0.488520	0.472214	0.516158	
40.000000	0.435103	0.561826	0.528363	0.562155	0.633387	0.554885	0.545953	0.558356	0.545953	
50.000000	0.547991	0.536219	0.563796	0.543673	0.538656	0.549191	0.546588	0.545832	0.546588	
60.000000	0.491275	0.483735	0.482910	0.477881	0.574796	0.509164	0.503294	0.487505	0.546588	
70.000000	0.553027	0.512112	0.530140	0.523560	0.621208	0.508876	0.541487	0.526850	0.546588	
80.000000	0.593462	0.554716	0.448966	0.454803	0.430400	0.498366	0.496786	0.476585	0.546588	
90.000000	0.463395	0.556588	0.456202	0.564061	0.657763	0.552573	0.541764	0.554580	0.546588	
100.000000	0.518084	0.585607	0.520036	0.534910	0.556635	0.512813	0.538014	0.527473	0.546588	
110.000000	0.432792	0.551889	0.524889	0.542586	0.640319	0.496371	0.531474	0.533737	0.546588	
120.000000	0.512235	0.624532	0.479348	0.588123	0.580659	0.454716	0.539935	0.546447	0.546588	
130.000000	0.484291	0.496634	0.504864	0.465534	0.566083	0.499389	0.502799	0.498012	0.546588	
140.000000	0.536535	0.616238	0.589709	0.545690	0.617774	0.545331	0.575213	0.567700	0.575213	
150.000000	0.555948	0.542573	0.571748	0.570237	0.413692	0.482533	0.522788	0.549260	0.575213	
160.000000	0.605851	0.606568	0.526298	0.478369	0.467578	0.534674	0.536556	0.530486	0.575213	
170.000000	0.533031	0.542139	0.532313	0.461257	0.657084	0.464256	0.531680	0.532672	0.575213	
180.000000	0.532344	0.565176	0.451518	0.481360	0.603003	0.534344	0.527958	0.533344	0.575213	
190.000000	0.557190	0.619740	0.500945	0.429814	0.652681	0.521765	0.547022	0.539477	0.575213	
200.000000	0.554365	0.470513	0.503398	0.524175	0.651246	0.541515	0.540869	0.532845	0.575213	
210.000000	0.542896	0.614589	0.546483	0.561787	0.546702	0.543818	0.559379	0.546593	0.575213	
220.000000	0.561959	0.545114	0.452401	0.554034	0.628122	0.487533	0.538194	0.549574	0.575213	
230.000000	0.576020	0.504606	0.545087	0.559523	0.631676	0.517187	0.555683	0.552305	0.575213	
240.000000	0.566150	0.449710	0.514488	0.456313	0.509763	0.529956	0.504397	0.512126	0.575213	
250.000000	0.544103	0.426682	0.484854	0.439367	0.531007	0.529961	0.492662	0.507408	0.575213	
260.000000	0.558235	0.521925	0.560907	0.529130	0.549149	0.542141	0.543581	0.545645	0.575213	
270.000000	0.581670	0.543124	0.577898	0.608317	0.701685	0.532412	0.590851	0.579784	0.590851	
280.000000	0.553276	0.493274	0.551394	0.582752	0.479511	0.507075	0.527880	0.529234	0.590851	
290.000000	0.570037	0.518159	0.531917	0.489843	0.645651	0.489231	0.540806	0.525038	0.590851	
300.000000	0.551505	0.472825	0.537725	0.521785	0.597052	0.530706	0.535266	0.534215	0.590851	
310.000000	0.522053	0.442581	0.519004	0.592520	0.642842	0.554447	0.545574	0.538250	0.590851	
320.000000	0.583162	0.499572	0.547190	0.525658	0.636199	0.512354	0.550689	0.536424	0.590851	
330.000000	0.561596	0.536888	0.583380	0.437149	0.703679	0.509237	0.555321	0.549242	0.590851	
340.000000	0.536769	0.610021	0.511469	0.477017	0.605469	0.532043	0.545465	0.534406	0.590851	
350.000000	0.466349	0.510780	0.559104	0.514464	0.521847	0.504791	0.512889	0.512622	0.590851	
360.000000	0.486775	0.532258	0.549694	0.526958	0.602406	0.554336	0.542071	0.540976	0.590851	
370.000000	0.538144	0.573479	0.535416	0.499591	0.561063	0.540123	0.541303	0.539134	0.590851	
380.000000	0.527276	0.545071	0.537374	0.544177	0.688864	0.530919	0.562280	0.540775	0.590851	
390.000000	0.531138	0.509781	0.575972	0.587167	0.671710	0.552059	0.571305	0.564016	0.590851	
400.000000	0.581066	0.604330	0.574417	0.532322	0.687266	0.520811	0.583369	0.577741	0.590851	
410.000000	0.587548	0.516730	0.536910	0.527814	0.616943	0.530156	0.552684	0.533533	0.590851	
420.000000	0.586854	0.515900	0.569154	0.579196	0.671892	0.521530	0.574088	0.574175	0.590851	
430.000000	0.578782	0.554177	0.569998	0.561951	0.625521	0.558602	0.574838	0.565975	0.590851	
440.000000	0.536881	0.548139	0.559156	0.568967	0.691141	0.529042	0.572221	0.553647	0.590851	
450.000000	0.569747	0.572106	0.576174	0.598973	0.611930	0.524374	0.575551	0.574140	0.590851	
460.000000	0.573428	0.485644	0.571599	0.521568	0.656342	0.522297	0.555146	0.546948	0.590851	
470.000000	0.592044	0.502740	0.566800	0.528902	0.643175	0.537379	0.561840	0.552089	0.590851	
480.000000	0.583427	0.592156	0.546041	0.549599	0.621957	0.543521	0.572783	0.566513	0.590851	
490.000000	0.540583	0.486735	0.572962	0.510550	0.595127	0.543391	0.541558	0.541987	0.590851	
500.000000	0.587434	0.531074	0.457797	0.578454	0.698357	0.502482	0.559266	0.554764	0.590851	
510.000000	0.513086	0.531638	0.548442	0.570223	0.643037	0.537623	0.557342	0.543033	0.590851	
520.000000	0.572692	0.515367	0.581732	0.576878	0.646490	0.556737	0.574983	0.574785	0.590851	
530.000000	0.528838	0.563407	0.548555	0.547064	0.629726	0.527180	0.557462	0.547809	0.590851	
540.000000	0.595246	0.497533	0.569016	0.580961	0.680919	0.549524	0.578867	0.574989	0.590851	
550.000000	0.555581	0.572581	0.551856	0.570663	0.658707	0.558208	0.577933	0.564435	0.590851	
560.000000	0.531723	0.583044	0.537308	0.578236	0.662506	0.535816	0.571439	0.557772	0.590851	
570.000000	0.603723	0.540025	0.492746	0.608111	0.718997	0.561761	0.587561	0.582742	0.590851	
580.000000	0.559513	0.524045	0.578300	0.601782	0.637124	0.566097	0.577810	0.572198	0.590851	
590.000000	0.603070	0.469168	0.583959	0.585601	0.649479	0.561839	0.575519	0.584780	0.590851	
600.000000	0.552725	0.559036	0.575086	0.563032	0.686914	0.534879	0.578612	0.561034	0.590851	
610.000000	0.590532	0.606562	0.552300	0.588585	0.664010	0.561836	0.593971	0.589559	0.593971	
620.000000	0.607905	0.553383	0.588588	0.560477	0.681661	0.543256	0.589212	0.574532	0.593971	
630.000000	0.599140	0.540180	0.587823	0.589050	0.694513	0.571067	0.596962	0.588437	0.596962	
640.000000	0.562240	0.542895	0.587785	0.515105	0.706805	0.433732	0.558094	0.552568	0.596962	
650.000000	0.598304	0.542635	0.572875	0.570432	0.433954	0.564058	0.547043	0.567245	0.596962	
660.000000	0.615843	0.547600	0.558238	0.599117	0.585937	0.571036	0.579629	0.578486	0.596962	
670.000000	0.600772	0.627464	0.579796	0.564744	0.668847	0.572233	0.602309	0.590284	0.602309	
680.000000	0.567560	0.551654	0.530908	0.577001	0.650642	0.554242	0.572001	0.560901	0.602309	
690.000000	0.590123	0.564448	0.583266	0.597491	0.670728	0.563871	0.594988	0.586694	0.602309	
700.000000	0.606054	0.574874	0.578391	0.575500	0.702068	0.558851	0.599290	0.576946	0.602309	
710.000000	0.485344	0.583980	0.561981	0.556289	0.704629	0.570305	0.577088	0.566143	0.602309	
720.000000	0.631898	0.513563	0.577587	0.582444	0.498547	0.592152	0.566032	0.580015	0.602309	
730.000000	0.636570	0.574595	0.559400	0.571304	0.682511	0.550704	0.595847	0.572949	0.602309	
740.000000	0.595786	0.589987	0.439592	0.531261	0.698212	0.575408	0.571708	0.582697	0.602309	
750.000000	0.602604	0.546806	0.588296	0.602473	0.697451	0.564067	0.600283	0.595385	0.602309	
760.000000	0.601361	0.527454	0.573196	0.602599	0.680171	0.562466	0.591208	0.587279	0.602309	
770.000000	0.605926	0.567994	0.562231	0.584510	0.654712	0.553489	0.588143	0.576252	0.602309	
780.000000	0.583350	0.533256	0.591094	0.625693	0.673056	0.562088	0.594756	0.587222	0.602309	
790.000000	0.546492	0.537781	0.590376	0.597827	0.706371	0.554495	0.588890	0.572436	0.602309	
800.000000	0.606658	0.490956	0.586108	0.577930	0.684983	0.539901	0.581089	0.582019	0.602309	
810.000000	0.599138	0.476904	0.564004	0.595587	0.651190	0.578596	0.577570	0.587092	0.602309	
820.000000	0.613871	0.481627	0.561963	0.520516	0.656625	0.557736	0.565390	0.559850	0.602309	
830.000000	0.609069	0.536517	0.575784	0.575354	0.628008	0.554527	0.579876	0.575569	0.602309	
840.000000	0.590761	0.519644	0.566626	0.586626	0.680051	0.563005	0.584452	0.576626	0.602309	
850.000000	0.613895	0.506602	0.576253	0.594134	0.706302	0.579638	0.596137	0.586886	0.602309	
860.000000	0.610719	0.562638	0.572162	0.603838	0.707636	0.579406	0.606066	0.591622	0.606066	
870.000000	0.555493	0.521293	0.575710	0.587283	0.709284	0.569903	0.586494	0.572807	0.606066	
880.000000	0.624462	0.478038	0.584857	0.578560	0.701974	0.560635	0.588088	0.581708	0.606066	
890.000000	0.626539	0.564721	0.586089	0.604364	0.706623	0.573646	0.610330	0.595226	0.610330	
900.000000	0.567880	0.530488	0.600318	0.601222	0.711196	0.571478	0.597097	0.585898	0.610330	
910.000000	0.625842	0.537254	0.591322	0.587172	0.644842	0.559330	0.590960	0.589247	0.610330	
920.000000	0.534555	0.541376	0.565247	0.591868	0.712492	0.562802	0.584723	0.564024	0.610330	
930.000000	0.587091	0.528018	0.592359	0.601368	0.688977	0.570734	0.594758	0.589725	0.610330	
940.000000	0.606408	0.586990	0.578277	0.605312	0.725136	0.588544	0.615111	0.596928	0.615111	
950.000000	0.543015	0.601888	0.588913	0.600254	0.693582	0.533706	0.593560	0.594583	0.615111	
960.000000	0.615706	0.553442	0.570886	0.605996	0.707906	0.567230	0.603528	0.588441	0.615111	
970.000000	0.571091	0.525929	0.592428	0.605517	0.733364	0.589120	0.602908	0.590774	0.615111	
980.000000	0.600380	0.545139	0.527768	0.593788	0.692217	0.579480	0.589795	0.586634	0.615111	
990.000000	0.602121	0.565942	0.584157	0.605832	0.710227	0.548862	0.602857	0.593139	0.615111	
1000.000000	0.593940	0.560264	0.555614	0.603436	0.689003	0.579503	0.596960	0.586721	0.615111	
1010.000000	0.628130	0.528359	0.591407	0.577989	0.715914	0.577130	0.603155	0.584698	0.615111	
1020.000000	0.622938	0.544296	0.589713	0.605593	0.713826	0.574727	0.608515	0.597653	0.615111	
1030.000000	0.624600	0.575370	0.591174	0.610204	0.710536	0.580174	0.615343	0.600689	0.615343	
1040.000000	0.614305	0.571570	0.568762	0.592284	0.712750	0.576365	0.606006	0.584324	0.615343	
1050.000000	0.629231	0.555224	0.586634	0.608081	0.724992	0.586634	0.615133	0.597357	0.615343	
1060.000000	0.620993	0.570287	0.572504	0.600806	0.724501	0.582019	0.611852	0.591413	0.615343	
1070.000000	0.543314	0.580800	0.588528	0.613526	0.728187	0.571601	0.604326	0.584664	0.615343	
1080.000000	0.610635	0.581129	0.590852	0.567641	0.630990	0.575101	0.592725	0.585991	0.615343	
1090.000000	0.609736	0.575252	0.586694	0.591026	0.717078	0.521224	0.600168	0.588860	0.615343	
1100.000000	0.611341	0.554530	0.583874	0.587940	0.703147	0.572072	0.602151	0.585907	0.615343	
1110.000000	0.605123	0.608769	0.576639	0.590131	0.692142	0.506268	0.596512	0.597627	0.615343	
1120.000000	0.614087	0.574465	0.596397	0.588169	0.715958	0.587224	0.612717	0.592283	0.615343	
1130.000000	0.623489	0.532029	0.576255	0.576795	0.708831	0.552634	0.595006	0.576525	0.615343	
1140.000000	0.603395	0.511294	0.576937	0.560456	0.707208	0.572826	0.588686	0.574882	0.615343	
1150.000000	0.593432	0.537518	0.579140	0.586254	0.720676	0.590158	0.601196	0.588206	0.615343	
1160.000000	0.616693	0.508157	0.580533	0.600385	0.726092	0.578364	0.601704	0.590459	0.615343	
1170.000000	0.634106	0.482892	0.570499	0.607516	0.720519	0.578679	0.599035	0.593098	0.615343	
1180.000000	0.637348	0.519892	0.594730	0.605349	0.737315	0.579270	0.612317	0.600040	0.615343	
1190.000000	0.636242	0.561903	0.564163	0.596402	0.736579	0.564821	0.610018	0.580612	0.615343	
1200.000000	0.626945	0.586391	0.592952	0.576922	0.600449	0.578479	0.593690	0.589672	0.615343	
1210.000000	0.624560	0.562660	0.582703	0.595185	0.700024	0.589301	0.609072	0.592243	0.615343	
1220.000000	0.609836	0.572413	0.585651	0.567117	0.702465	0.572998	0.601747	0.579325	0.615343	
1230.000000	0.621705	0.581389	0.580226	0.507845	0.708862	0.571731	0.595293	0.580808	0.615343	
1240.000000	0.624822	0.560090	0.590440	0.464974	0.714691	0.583677	0.589782	0.587059	0.615343	
1250.000000	0.601009	0.568266	0.591493	0.615425	0.727992	0.577262	0.613575	0.596251	0.615343	
1260.000000	0.619204	0.567510	0.585709	0.623839	0.705132	0.562227	0.610603	0.602456	0.615343	
1270.000000	0.611900	0.545461	0.580789	0.596140	0.712385	0.557513	0.600698	0.588465	0.615343	
1280.000000	0.625936	0.553092	0.594290	0.592208	0.740322	0.581128	0.614496	0.593249	0.615343	
1290.000000	0.573404	0.569903	0.593297	0.616952	0.707604	0.555796	0.602826	0.583351	0.615343	
1300.000000	0.510827	0.535091	0.575950	0.599409	0.672358	0.516521	0.568359	0.555521	0.615343	
1310.000000	0.604368	0.557400	0.573889	0.588242	0.686587	0.574718	0.597534	0.581480	0.615343	
1320.000000	0.614651	0.560704	0.598319	0.603415	0.692456	0.567185	0.606122	0.600867	0.615343	
1330.000000	0.620130	0.596377	0.570743	0.590952	0.712876	0.576034	0.611185	0.593665	0.615343	
1340.000000	0.591640	0.565675	0.573382	0.619673	0.686801	0.533095	0.595044	0.582511	0.615343	
1350.000000	0.611703	0.577385	0.581944	0.565444	0.645899	0.570633	0.592168	0.579664	0.615343	
1360.000000	0.600196	0.578643	0.573570	0.591222	0.587339	0.565789	0.582793	0.582991	0.615343	
1370.000000	0.601321	0.527392	0.549232	0.561801	0.634601	0.563089	0.572906	0.562445	0.615343	
1380.000000	0.617961	0.554301	0.577533	0.580327	0.711555	0.581056	0.603789	0.580692	0.615343	
1390.000000	0.626419	0.510191	0.601782	0.596779	0.704673	0.578903	0.603124	0.599280	0.615343	
1400.000000	0.615472	0.511350	0.578603	0.593597	0.703220	0.568264	0.595084	0.586100	0.615343	
1410.000000	0.596577	0.579492	0.581857	0.558792	0.659323	0.580818	0.592810	0.581337	0.615343	
1420.000000	0.581882	0.595534	0.572852	0.560855	0.634287	0.502438	0.574641	0.577367	0.615343	
1430.000000	0.646456	0.556749	0.596904	0.574221	0.721506	0.588832	0.614111	0.592868	0.615343	
1440.000000	0.544515	0.533064	0.601435	0.607073	0.710693	0.584707	0.596915	0.593071	0.615343	
1450.000000	0.623359	0.486412	0.599846	0.598120	0.720380	0.567367	0.599247	0.598983	0.615343	
1460.000000	0.615768	0.554660	0.586987	0.573263	0.686417	0.584454	0.600258	0.585721	0.615343	
1470.000000	0.579731	0.588511	0.539597	0.546107	0.646629	0.587546	0.581354	0.583639	0.615343	
1480.000000	0.617050	0.545328	0.518719	0.596189	0.678686	0.576548	0.588753	0.586368	0.615343	
1490.000000	0.532858	0.522917	0.599966	0.607287	0.672326	0.572644	0.584666	0.586305	0.615343	
1500.000000	0.618767	0.594115	0.576178	0.582560	0.703094	0.583285	0.609666	0.588700	0.615343	
1510.000000	0.616717	0.517555	0.585287	0.599624	0.713090	0.549683	0.596992	0.592455	0.615343	
1520.000000	0.604405	0.576883	0.586810	0.568113	0.693708	0.579734	0.601609	0.583272	0.615343	
1530.000000	0.544998	0.577558	0.587884	0.578734	0.681743	0.579346	0.591711	0.579040	0.615343	
1540.000000	0.629438	0.611949	0.583807	0.530205	0.704264	0.585705	0.607561	0.598827	0.615343	
1550.000000	0.634284	0.528154	0.608017	0.589714	0.738686	0.579853	0.613118	0.598865	0.615343	
1560.000000	0.622405	0.572940	0.601292	0.557427	0.669074	0.583622	0.601127	0.592457	0.615343	
1570.000000	0.639123	0.549955	0.612729	0.607003	0.730464	0.545593	0.614145	0.609866	0.615343	
1580.000000	0.563701	0.557468	0.611574	0.600965	0.690965	0.591411	0.602681	0.596188	0.615343	
1590.000000	0.639324	0.571862	0.615991	0.595472	0.697269	0.578408	0.616387	0.605731	0.616387	
1600.000000	0.652617	0.554772	0.614899	0.629945	0.711888	0.589656	0.625630	0.622422	0.625630	
1610.000000	0.641408	0.543248	0.613764	0.620882	0.720827	0.588285	0.621402	0.617323	0.625630	
1620.000000	0.503369	0.570386	0.601392	0.606436	0.692010	0.593253	0.594474	0.597322	0.625630	
1630.000000	0.643192	0.553024	0.593866	0.614579	0.705893	0.587198	0.616292	0.604222	0.625630	
1640.000000	0.639921	0.586534	0.596832	0.613755	0.692469	0.590517	0.620005	0.605293	0.625630	
1650.000000	0.643751	0.604244	0.599091	0.624655	0.695608	0.590917	0.626378	0.614449	0.626378	
1660.000000	0.640805	0.565942	0.587748	0.623880	0.670464	0.589043	0.612980	0.606462	0.626378	
1670.000000	0.623406	0.531582	0.616858	0.628620	0.728395	0.583299	0.618693	0.620132	0.626378	
1680.000000	0.621511	0.595789	0.581157	0.612002	0.703264	0.560042	0.612294	0.603895	0.626378	
1690.000000	0.627985	0.567157	0.608553	0.623847	0.720273	0.564425	0.618707	0.616200	0.626378	
1700.000000	0.615348	0.606147	0.588078	0.592571	0.705132	0.582222	0.614916	0.599359	0.626378	
1710.000000	0.583770	0.594952	0.548064	0.560298	0.698728	0.571444	0.592876	0.577607	0.626378	
1720.000000	0.622962	0.618197	0.591449	0.608703	0.741857	0.578966	0.627022	0.613450	0.627022	
1730.000000	0.640482	0.580825	0.608869	0.591648	0.749091	0.591441	0.627059	0.600258	0.627059	
1740.000000	0.607083	0.591617	0.609383	0.562601	0.728602	0.552526	0.608636	0.599350	0.627059	
1750.000000	0.645958	0.574409	0.605021	0.601801	0.750720	0.599380	0.629548	0.603411	0.629548	
1760.000000	0.646894	0.586317	0.609605	0.624523	0.745342	0.600234	0.635486	0.617064	0.635486	
1770.000000	0.630899	0.575531	0.601798	0.447304	0.744675	0.588360	0.598094	0.595079	0.635486	
1780.000000	0.624346	0.608688	0.596886	0.629131	0.748198	0.580891	0.631357	0.616517	0.635486	
1790.000000	0.638750	0.605297	0.606117	0.610144	0.704578	0.590357	0.625874	0.608131	0.635486	
1800.000000	0.617676	0.606246	0.612599	0.624995	0.747908	0.594802	0.634038	0.615137	0.635486	
1810.000000	0.621626	0.594691	0.552827	0.620337	0.697910	0.597421	0.614135	0.608879	0.635486	
1820.000000	0.646537	0.586583	0.607300	0.622584	0.739240	0.602405	0.634108	0.614942	0.635486	
1830.000000	0.648091	0.496919	0.616803	0.618955	0.745776	0.602080	0.621437	0.617879	0.635486	
1840.000000	0.663000	0.542907	0.622666	0.611854	0.717990	0.604854	0.627212	0.617260	0.635486	
1850.000000	0.587786	0.525979	0.619510	0.609059	0.707755	0.601984	0.608679	0.605522	0.635486	
1860.000000	0.646911	0.561333	0.599436	0.624440	0.622221	0.600904	0.609208	0.611562	0.635486	
1870.000000	0.548373	0.604715	0.528778	0.556027	0.547117	0.564731	0.558290	0.552200	0.635486	
1880.000000	0.638122	0.552968	0.586057	0.616184	0.736529	0.593287	0.620525	0.604735	0.635486	
1890.000000	0.631588	0.542046	0.601564	0.609362	0.739259	0.590841	0.619110	0.605463	0.635486	
1900.000000	0.637040	0.615550	0.589478	0.610905	0.747418	0.586268	0.631110	0.613228	0.635486	
1910.000000	0.637358	0.548771	0.591800	0.616024	0.727281	0.597679	0.619819	0.606851	0.635486	
1920.000000	0.615777	0.548189	0.599385	0.590880	0.681466	0.574076	0.601629	0.595132	0.635486	
1930.000000	0.622044	0.483183	0.605275	0.612238	0.703943	0.569916	0.599433	0.608756	0.635486	
1940.000000	0.636338	0.513699	0.616491	0.601012	0.713700	0.582019	0.610543	0.608752	0.635486	
1950.000000	0.631388	0.547395	0.602309	0.587587	0.708164	0.574550	0.608566	0.594948	0.635486	
1960.000000	0.607261	0.563977	0.582752	0.595349	0.691513	0.590922	0.605296	0.593135	0.635486	
1970.000000	0.625172	0.554710	0.597493	0.620533	0.735321	0.593369	0.621100	0.609013	0.635486	
1980.000000	0.625894	0.612426	0.578304	0.608074	0.711806	0.589557	0.621010	0.610250	0.635486	
1990.000000	0.634909	0.541996	0.609498	0.614373	0.744656	0.581788	0.621203	0.611935	0.635486	
2000.000000	0.646126	0.546949	0.614679	0.617260	0.750500	0.541232	0.619458	0.615969	0.635486	
2010.000000	0.628827	0.554747	0.605093	0.593443	0.745650	0.606634	0.622399	0.605863	0.635486	
2020.000000	0.646766	0.533027	0.600805	0.617805	0.739334	0.580983	0.619787	0.609305	0.635486	
2030.000000	0.649102	0.547835	0.607762	0.618765	0.739970	0.596358	0.626632	0.613264	0.635486	
2040.000000	0.646576	0.548982	0.600154	0.616519	0.728313	0.594998	0.622590	0.608337	0.635486	
2050.000000	0.658946	0.569178	0.607403	0.624361	0.721412	0.598503	0.629967	0.615882	0.635486	
2060.000000	0.654919	0.588607	0.607057	0.634877	0.733578	0.604447	0.637248	0.620967	0.637248	
2070.000000	0.664358	0.612395	0.623031	0.623776	0.734163	0.607762	0.644248	0.623403	0.644248	
2080.000000	0.653031	0.555919	0.625765	0.606977	0.706082	0.605238	0.625502	0.616371	0.644248	
2090.000000	0.659942	0.540031	0.627043	0.638654	0.743420	0.598258	0.634558	0.632849	0.644248	
2100.000000	0.660487	0.541934	0.623158	0.622934	0.727785	0.595946	0.628707	0.623046	0.644248	
2110.000000	0.654789	0.542672	0.617901	0.619473	0.731477	0.593889	0.626700	0.618687	0.644248	
2120.000000	0.664922	0.520462	0.626413	0.632126	0.735094	0.591859	0.628479	0.629270	0.644248	
2130.000000	0.664146	0.523549	0.621088	0.623847	0.733918	0.607778	0.629054	0.622468	0.644248	
2140.000000	0.662876	0.541042	0.619987	0.625797	0.743618	0.601153	0.632412	0.622892	0.644248	
2150.000000	0.663635	0.567423	0.626275	0.591128	0.744360	0.552988	0.624302	0.608701	0.644248	
2160.000000	0.662575	0.581894	0.612454	0.630369	0.763453	0.612081	0.643804	0.621412	0.644248	
2170.000000	0.663431	0.570529	0.614838	0.623651	0.752689	0.604321	0.638243	0.619244	0.644248	
2180.000000	0.638801	0.567715	0.506216	0.628051	0.728093	0.588291	0.609528	0.608171	0.644248	
2190.000000	0.635424	0.592271	0.587561	0.601775	0.711687	0.590069	0.619798	0.597023	0.644248	
2200.000000	0.651627	0.538382	0.603827	0.594833	0.721695	0.570562	0.613488	0.599330	0.644248	
2210.000000	0.661270	0.575159	0.614513	0.618791	0.700401	0.590216	0.626725	0.616652	0.644248	
2220.000000	0.659621	0.562297	0.602717	0.626803	0.745820	0.594625	0.631981	0.614760	0.644248	
2230.000000	0.652523	0.568031	0.596400	0.617796	0.739385	0.583833	0.626328	0.607098	0.644248	
2240.000000	0.646523	0.564070	0.601629	0.615249	0.741857	0.600538	0.628311	0.608439	0.644248	
2250.000000	0.634826	0.576405	0.602474	0.611939	0.732131	0.595613	0.625565	0.607206	0.644248	
2260.000000	0.643373	0.553892	0.534891	0.574947	0.693611	0.576951	0.596277	0.575949	0.644248	
2270.000000	0.659972	0.575872	0.614818	0.604724	0.728489	0.577224	0.626850	0.609771	0.644248	
2280.000000	0.648119	0.581717	0.607948	0.613186	0.732251	0.583774	0.627833	0.610567	0.644248	
2290.000000	0.646534	0.586918	0.601330	0.611146	0.738919	0.587937	0.628797	0.606238	0.644248	
2300.000000	0.648830	0.571564	0.605346	0.607190	0.728841	0.593349	0.625853	0.606268	0.644248	
2310.000000	0.637333	0.585282	0.551983	0.564479	0.706994	0.585597	0.605278	0.585440	0.644248	
2320.000000	0.634544	0.580955	0.603044	0.575370	0.696419	0.600463	0.615133	0.601754	0.644248	
2330.000000	0.650317	0.540180	0.620987	0.621609	0.719770	0.588038	0.623484	0.621298	0.644248	
2340.000000	0.658208	0.585437	0.620633	0.628002	0.723998	0.593091	0.634895	0.624318	0.644248	
2350.000000	0.665322	0.565210	0.603034	0.604482	0.704383	0.588117	0.621758	0.603758	0.644248	
2360.000000	0.629642	0.521999	0.617368	0.617009	0.735767	0.576806	0.616432	0.617188	0.644248	
2370.000000	0.637898	0.567423	0.584240	0.607313	0.727785	0.601944	0.621101	0.604629	0.644248	
2380.000000	0.633891	0.587495	0.591705	0.599288	0.705667	0.596087	0.619022	0.597688	0.644248	
2390.000000	0.661873	0.521795	0.604797	0.611834	0.717046	0.595205	0.618758	0.608315	0.644248	
2400.000000	0.652352	0.514586	0.608705	0.601007	0.669477	0.581127	0.604542	0.604856	0.644248	
2410.000000	0.640679	0.506899	0.610090	0.616312	0.731792	0.573741	0.613252	0.613201	0.644248	
2420.000000	0.657542	0.572072	0.602904	0.608023	0.734239	0.597052	0.628639	0.605463	0.644248	
2430.000000	0.630078	0.591344	0.495570	0.592717	0.710529	0.575212	0.599242	0.592030	0.644248	
2440.000000	0.615692	0.554803	0.603433	0.606297	0.740882	0.578795	0.616650	0.604865	0.644248	
2450.000000	0.644294	0.541711	0.621277	0.618312	0.734623	0.588701	0.624820	0.619795	0.644248	
2460.000000	0.628806	0.563971	0.588717	0.619966	0.750651	0.584868	0.622830	0.604341	0.644248	
2470.000000	0.645838	0.547922	0.617503	0.617336	0.757451	0.598133	0.630697	0.617419	0.644248	
2480.000000	0.648151	0.566084	0.601031	0.616950	0.754633	0.600439	0.631215	0.608990	0.644248	
2490.000000	0.643543	0.554480	0.588889	0.619786	0.738586	0.581402	0.621114	0.604337	0.644248	
2500.000000	0.614936	0.590637	0.597558	0.597620	0.709957	0.594791	0.617583	0.597589	0.644248	
2510.000000	0.650362	0.581656	0.625512	0.620778	0.729691	0.595368	0.633894	0.623145	0.644248	
2520.000000	0.660397	0.590098	0.624525	0.622490	0.730194	0.601433	0.638189	0.623507	0.644248	
2530.000000	0.646158	0.585245	0.618634	0.592999	0.732949	0.604671	0.630109	0.611653	0.644248	
2540.000000	0.659225	0.601274	0.601075	0.600595	0.717078	0.596221	0.629245	0.601175	0.644248	
2550.000000	0.655534	0.605799	0.610188	0.606822	0.713398	0.566766	0.626418	0.608505	0.644248	
2560.000000	0.649523	0.560673	0.599424	0.570767	0.715103	0.588067	0.613926	0.593745	0.644248	
2570.000000	0.643249	0.553740	0.600352	0.597910	0.711272	0.583025	0.614924	0.599131	0.644248	
2580.000000	0.650963	0.582096	0.575334	0.604537	0.599103	0.592611	0.600774	0.595857	0.644248	
2590.000000	0.635374	0.582021	0.607185	0.613075	0.751437	0.598093	0.631198	0.610130	0.644248	
2600.000000	0.649762	0.508588	0.606296	0.617130	0.729112	0.586977	0.616311	0.611713	0.644248	
2610.000000	0.618911	0.616412	0.605759	0.630375	0.719531	0.614458	0.634241	0.617661	0.644248	
2620.000000	0.632988	0.620168	0.584892	0.577276	0.659902	0.569733	0.607493	0.602530	0.644248	
2630.000000	0.655598	0.612271	0.595646	0.608851	0.732597	0.601995	0.634493	0.610561	0.644248	
2640.000000	0.668309	0.584061	0.611847	0.625897	0.754218	0.607273	0.641934	0.618872	0.644248	
2650.000000	0.666158	0.592144	0.618501	0.636660	0.778902	0.601060	0.648904	0.627581	0.648904	
2660.000000	0.650227	0.606382	0.602752	0.626429	0.751966	0.598880	0.639439	0.616406	0.648904	
2670.000000	0.637068	0.599979	0.588827	0.612256	0.748355	0.596905	0.630565	0.606118	0.648904	
2680.000000	0.656108	0.588394	0.613994	0.641018	0.767799	0.596851	0.644027	0.627506	0.648904	
2690.000000	0.654834	0.602117	0.619752	0.649528	0.772826	0.598300	0.649560	0.634640	0.649560	
2700.000000	0.638086	0.619933	0.575027	0.589971	0.698955	0.586731	0.618117	0.604952	0.649560	
2710.000000	0.653123	0.598181	0.589892	0.622115	0.737623	0.599323	0.633376	0.610719	0.649560	
2720.000000	0.599272	0.592107	0.621707	0.646836	0.764855	0.607288	0.638678	0.614498	0.649560	
2730.000000	0.604912	0.542449	0.608955	0.627780	0.746065	0.572833	0.617166	0.606933	0.649560	
2740.000000	0.667790	0.591487	0.619686	0.635039	0.752633	0.585661	0.642049	0.627362	0.649560	
2750.000000	0.665375	0.608006	0.616046	0.644830	0.751041	0.615838	0.650189	0.630438	0.650189	
2760.000000	0.663631	0.600729	0.605256	0.627847	0.741473	0.609486	0.641404	0.618667	0.650189	
2770.000000	0.659254	0.573551	0.610924	0.614880	0.743052	0.562363	0.627338	0.612902	0.650189	
2780.000000	0.645059	0.546974	0.611866	0.612642	0.739554	0.593422	0.624920	0.612254	0.650189	
2790.000000	0.640551	0.470655	0.601911	0.614937	0.741794	0.599652	0.611583	0.608424	0.650189	
2800.000000	0.620627	0.577918	0.581504	0.611175	0.667608	0.592762	0.608599	0.601969	0.650189	
2810.000000	0.648383	0.607665	0.593747	0.600560	0.743049	0.594857	0.631377	0.604112	0.650189	
2820.000000	0.654570	0.591536	0.600736	0.621224	0.725822	0.573313	0.627867	0.610980	0.650189	
2830.000000	0.634894	0.583348	0.611210	0.623500	0.629298	0.604506	0.614459	0.617355	0.650189	
2840.000000	0.667577	0.565781	0.590926	0.618103	0.735082	0.602890	0.630060	0.610496	0.650189	
2850.000000	0.670663	0.567175	0.610032	0.620937	0.739485	0.601706	0.635000	0.615485	0.650189	
2860.000000	0.658871	0.586125	0.597421	0.624289	0.738485	0.604543	0.634956	0.614416	0.650189	
2870.000000	0.657698	0.560096	0.620596	0.641344	0.749255	0.597167	0.637693	0.630970	0.650189	
2880.000000	0.652681	0.579393	0.615393	0.635501	0.716461	0.606784	0.634369	0.625447	0.650189	
2890.000000	0.643292	0.616343	0.589355	0.617375	0.743970	0.579440	0.631629	0.616859	0.650189	
2900.000000	0.645586	0.613833	0.586222	0.610498	0.663507	0.601340	0.620164	0.612166	0.650189	
2910.000000	0.650637	0.590613	0.585126	0.612028	0.732276	0.598999	0.628280	0.605514	0.650189	
2920.000000	0.657276	0.531217	0.617324	0.619531	0.748550	0.594808	0.628118	0.618428	0.650189	
2930.000000	0.660836	0.564231	0.609629	0.609072	0.756105	0.603564	0.633906	0.609350	0.650189	
2940.000000	0.667413	0.551059	0.609478	0.624220	0.744920	0.611528	0.634770	0.617874	0.650189	
2950.000000	0.671825	0.557003	0.619165	0.638400	0.752444	0.597767	0.639434	0.628782	0.650189	
2960.000000	0.664078	0.582275	0.610931	0.632638	0.736566	0.601076	0.637927	0.621784	0.650189	
2970.000000	0.653270	0.575243	0.603688	0.638670	0.765359	0.598267	0.639083	0.621179	0.650189	
2980.000000	0.663564	0.554096	0.616086	0.633026	0.741398	0.590419	0.633098	0.624556	0.650189	
2990.000000	0.658045	0.589435	0.599517	0.621483	0.750783	0.600571	0.636639	0.611027	0.650189	
3000.000000	0.638952	0.570795	0.609349	0.623830	0.734390	0.592751	0.628345	0.616590	0.650189	
3010.000000	0.649687	0.596731	0.602040	0.613814	0.739032	0.597017	0.633054	0.607927	0.650189	
3020.000000	0.608887	0.585307	0.594352	0.577989	0.701439	0.568060	0.606006	0.589829	0.650189	
3030.000000	0.621186	0.566772	0.586682	0.598713	0.713234	0.564870	0.608576	0.592697	0.650189	
3040.000000	0.646800	0.555826	0.605951	0.602800	0.719110	0.587597	0.619681	0.604375	0.650189	
3050.000000	0.649881	0.565886	0.601471	0.580589	0.726262	0.596543	0.620105	0.599007	0.650189	
3060.000000	0.652378	0.556377	0.606950	0.620338	0.740171	0.595754	0.628661	0.613644	0.650189	
3070.000000	0.639420	0.576597	0.586611	0.616636	0.723186	0.596580	0.623172	0.606608	0.650189	
3080.000000	0.639968	0.605700	0.604616	0.624294	0.558226	0.595963	0.604795	0.605158	0.650189	
3090.000000	0.633728	0.511759	0.613236	0.619943	0.742134	0.580443	0.616874	0.616589	0.650189	
3100.000000	0.652873	0.541215	0.620085	0.613235	0.736610	0.566764	0.621797	0.616660	0.650189	
3110.000000	0.634717	0.617639	0.582883	0.600399	0.586905	0.597531	0.603346	0.598965	0.650189	
3120.000000	0.630921	0.616412	0.602545	0.625212	0.751815	0.586442	0.635558	0.620812	0.650189	
3130.000000	0.658112	0.537874	0.617883	0.628798	0.770599	0.587897	0.633527	0.623340	0.650189	
3140.000000	0.651313	0.548747	0.624038	0.559702	0.747172	0.575719	0.617782	0.599878	0.650189	
3150.000000	0.650108	0.575996	0.606753	0.620782	0.738082	0.589561	0.630214	0.613768	0.650189	
3160.000000	0.639144	0.614738	0.596206	0.625830	0.747449	0.595185	0.636425	0.620284	0.650189	
3170.000000	0.650573	0.578283	0.585215	0.626769	0.745763	0.599517	0.631020	0.613143	0.650189	
3180.000000	0.657047	0.580385	0.616562	0.634749	0.751180	0.596032	0.639326	0.625656	0.650189	
3190.000000	0.636541	0.596037	0.600847	0.611689	0.731848	0.591224	0.628031	0.606268	0.650189	
3200.000000	0.631260	0.556371	0.593202	0.596168	0.761043	0.598591	0.622773	0.597380	0.650189	
3210.000000	0.629000	0.571638	0.613978	0.625138	0.741196	0.591070	0.628670	0.619558	0.650189	
3220.000000	0.644347	0.589435	0.597110	0.617169	0.756067	0.615575	0.636617	0.616372	0.650189	
3230.000000	0.638788	0.545988	0.603458	0.626799	0.749009	0.605388	0.628238	0.616094	0.650189	
3240.000000	0.603764	0.591363	0.572942	0.590868	0.703981	0.604700	0.611270	0.597563	0.650189	
3250.000000	0.618916	0.561910	0.573246	0.588098	0.710945	0.589066	0.607030	0.588582	0.650189	
3260.000000	0.666125	0.585189	0.614239	0.636950	0.690255	0.601583	0.632390	0.625595	0.650189	
3270.000000	0.651610	0.534260	0.617517	0.635147	0.727678	0.591742	0.626326	0.626332	0.650189	
3280.000000	0.658957	0.574930	0.618795	0.638231	0.761163	0.590677	0.640459	0.628513	0.650189	
3290.000000	0.637890	0.597152	0.607580	0.632862	0.749374	0.604553	0.638235	0.620221	0.650189	
3300.000000	0.665074	0.606373	0.624069	0.640676	0.768737	0.591338	0.649378	0.632372	0.650189	
3310.000000	0.649190	0.504612	0.607354	0.624873	0.759496	0.592842	0.623061	0.616114	0.650189	
3320.000000	0.669337	0.577757	0.624000	0.623947	0.752425	0.601746	0.641535	0.623973	0.650189	
3330.000000	0.644050	0.592547	0.608606	0.599671	0.721198	0.601739	0.627969	0.605173	0.650189	
3340.000000	0.664370	0.590712	0.591360	0.612076	0.731314	0.605783	0.632602	0.608929	0.650189	
3350.000000	0.652675	0.582530	0.608158	0.626843	0.750670	0.600926	0.636967	0.617501	0.650189	
3360.000000	0.657390	0.586577	0.609666	0.633685	0.762786	0.603713	0.642303	0.621676	0.650189	
3370.000000	0.650456	0.530411	0.625066	0.624262	0.746213	0.595767	0.628696	0.624664	0.650189	
3380.000000	0.639364	0.549621	0.620047	0.618696	0.740158	0.578377	0.624377	0.619371	0.650189	
3390.000000	0.634917	0.599750	0.613429	0.601089	0.753199	0.587515	0.631650	0.607259	0.650189	
3400.000000	0.661313	0.582703	0.623094	0.637007	0.746763	0.607163	0.643007	0.630051	0.650189	
3410.000000	0.668985	0.569085	0.627899	0.644143	0.764101	0.605611	0.646637	0.636021	0.650189	
3420.000000	0.660002	0.595615	0.619974	0.626628	0.757414	0.604473	0.644018	0.623301	0.650189	
3430.000000	0.666465	0.576009	0.633804	0.641634	0.768384	0.602681	0.648163	0.637719	0.650189	
3440.000000	0.676693	0.592076	0.624884	0.641918	0.759401	0.612425	0.651233	0.633401	0.651233	
3450.000000	0.680192	0.576325	0.631587	0.641585	0.754690	0.539555	0.637322	0.636586	0.651233	
3460.000000	0.670481	0.599061	0.615357	0.634391	0.675931	0.598018	0.632207	0.624874	0.651233	
3470.000000	0.667280	0.617689	0.597389	0.634921	0.697174	0.602418	0.636145	0.626305	0.651233	
3480.000000	0.669192	0.597363	0.617431	0.635268	0.746820	0.608413	0.645748	0.626350	0.651233	
3490.000000	0.674742	0.588803	0.607550	0.641674	0.761823	0.462912	0.622917	0.624612	0.651233	
3500.000000	0.675182	0.578488	0.512063	0.627370	0.739447	0.604718	0.622878	0.616044	0.651233	
3510.000000	0.661632	0.582083	0.600024	0.624423	0.721626	0.597582	0.631228	0.612224	0.651233	
3520.000000	0.654292	0.593867	0.608735	0.634237	0.756376	0.591105	0.639769	0.621486	0.651233	
3530.000000	0.662307	0.562433	0.624535	0.633040	0.751129	0.590745	0.637365	0.628787	0.651233	
3540.000000	0.611244	0.625400	0.593342	0.608587	0.723004	0.598115	0.626615	0.609916	0.651233	
3550.000000	0.642217	0.613641	0.601980	0.620720	0.714467	0.567359	0.626731	0.617180	0.651233	
3560.000000	0.665437	0.593563	0.624620	0.641758	0.765686	0.595778	0.647807	0.633189	0.651233	
3570.000000	0.653961	0.586429	0.613467	0.636169	0.760458	0.604019	0.642417	0.624818	0.651233	
3580.000000	0.673597	0.593173	0.632300	0.638231	0.754413	0.608402	0.650019	0.635265	0.651233	
3590.000000	0.658553	0.557468	0.623784	0.636475	0.737107	0.601407	0.635799	0.630129	0.651233	
3600.000000	0.668102	0.612209	0.618390	0.644025	0.758936	0.610478	0.652024	0.631208	0.652024	
3610.000000	0.659277	0.580050	0.629905	0.647409	0.763918	0.596709	0.646211	0.638657	0.652024	
3620.000000	0.656631	0.587420	0.618904	0.648773	0.769655	0.597714	0.646516	0.633838	0.652024	
3630.000000	0.635675	0.640735	0.597673	0.634439	0.750154	0.599290	0.642994	0.635057	0.652024	
3640.000000	0.644485	0.625480	0.609428	0.633958	0.755036	0.600930	0.644886	0.629719	0.652024	
3650.000000	0.662814	0.586807	0.622268	0.639769	0.769982	0.600988	0.647105	0.631019	0.652024	
3660.000000	0.658065	0.588679	0.610994	0.635716	0.745537	0.603578	0.640428	0.623355	0.652024	
3670.000000	0.609297	0.599471	0.569434	0.596466	0.718676	0.595926	0.614878	0.597969	0.652024	
3680.000000	0.635619	0.592962	0.603201	0.626485	0.757470	0.605500	0.636873	0.615992	0.652024	
3690.000000	0.654798	0.600903	0.601681	0.642434	0.755426	0.605831	0.643512	0.624132	0.652024	
3700.000000	0.663041	0.596532	0.623289	0.624391	0.729546	0.602454	0.639875	0.623840	0.652024	
3710.000000	0.671329	0.582573	0.622930	0.644369	0.758332	0.584423	0.643993	0.633649	0.652024	
3720.000000	0.669978	0.601987	0.612165	0.649745	0.751337	0.606711	0.648654	0.630955	0.652024	
3730.000000	0.649312	0.593154	0.618269	0.642341	0.758118	0.604391	0.644264	0.630305	0.652024	
3740.000000	0.670829	0.552894	0.606018	0.634820	0.745581	0.601990	0.635355	0.620419	0.652024	
3750.000000	0.670304	0.565762	0.566071	0.631916	0.741599	0.601870	0.629587	0.616893	0.652024	
3760.000000	0.676368	0.586738	0.613289	0.620940	0.732729	0.589937	0.636667	0.617115	0.652024	
3770.000000	0.667641	0.573486	0.613292	0.615571	0.740743	0.603460	0.635699	0.614432	0.652024	
3780.000000	0.656287	0.602675	0.612442	0.639151	0.709246	0.596640	0.636074	0.625797	0.652024	
3790.000000	0.641684	0.612290	0.569039	0.597554	0.723582	0.568631	0.618796	0.604922	0.652024	
3800.000000	0.668790	0.555404	0.621161	0.632174	0.733698	0.601949	0.635529	0.626668	0.652024	
3810.000000	0.650760	0.551096	0.610183	0.622827	0.742511	0.599087	0.629411	0.616505	0.652024	
3820.000000	0.674363	0.555261	0.618805	0.637183	0.755501	0.600137	0.640208	0.627994	0.652024	
3830.000000	0.675316	0.555578	0.626774	0.629869	0.749053	0.604367	0.640159	0.628321	0.652024	
3840.000000	0.670874	0.586769	0.623217	0.637410	0.756086	0.604897	0.646542	0.630313	0.652024	
3850.000000	0.664389	0.612308	0.597391	0.637861	0.754734	0.607266	0.645658	0.625084	0.652024	
3860.000000	0.666493	0.594233	0.621828	0.659158	0.767296	0.601682	0.651782	0.640493	0.652024	
3870.000000	0.676859	0.563915	0.631517	0.651659	0.761918	0.598983	0.647475	0.641588	0.652024	
3880.000000	0.670820	0.601944	0.616350	0.658679	0.780689	0.612319	0.656800	0.637514	0.656800	
3890.000000	0.646289	0.614974	0.611293	0.637019	0.737082	0.603942	0.641766	0.625996	0.656800	
3900.000000	0.670641	0.557208	0.629762	0.644878	0.750620	0.617307	0.645069	0.637320	0.656800	
3910.000000	0.682996	0.561318	0.620711	0.636248	0.750632	0.612343	0.644041	0.628480	0.656800	
3920.000000	0.680192	0.581277	0.617482	0.629251	0.744883	0.615251	0.644723	0.623366	0.656800	
3930.000000	0.664457	0.603326	0.608202	0.622640	0.739359	0.612006	0.641665	0.617323	0.656800	
3940.000000	0.665121	0.534043	0.622046	0.630704	0.752400	0.606259	0.635096	0.626375	0.656800	
3950.000000	0.662351	0.530274	0.620279	0.626450	0.742832	0.599021	0.630201	0.623364	0.656800	
3960.000000	0.653259	0.556898	0.611915	0.618067	0.741096	0.601368	0.630434	0.614991	0.656800	
3970.000000	0.623958	0.602390	0.582122	0.587887	0.708277	0.596662	0.616883	0.599526	0.656800	
3980.000000	0.656908	0.560896	0.593905	0.609756	0.730754	0.599169	0.625231	0.604462	0.656800	
3990.000000	0.669037	0.533095	0.618218	0.613422	0.736969	0.603243	0.628997	0.615820	0.656800	
4000.000000	0.675928	0.538246	0.603278	0.627206	0.746512	0.610593	0.633627	0.618900	0.656800	
4010.000000	0.674045	0.538438	0.623134	0.636221	0.752614	0.598715	0.637194	0.629677	0.656800	
4020.000000	0.665804	0.597307	0.599805	0.615068	0.738089	0.607060	0.637189	0.611064	0.656800	
4030.000000	0.658813	0.595286	0.598134	0.632441	0.753532	0.594444	0.638775	0.615288	0.656800	
4040.000000	0.645116	0.590315	0.591936	0.645545	0.760307	0.590961	0.637363	0.618526	0.656800	
4050.000000	0.647985	0.574298	0.609329	0.642709	0.747493	0.590355	0.635361	0.626019	0.656800	
4060.000000	0.644443	0.568211	0.600336	0.624534	0.732484	0.589724	0.626622	0.612435	0.656800	
4070.000000	0.654243	0.551691	0.608568	0.618305	0.731697	0.604050	0.628092	0.613437	0.656800	
4080.000000	0.657930	0.546236	0.616522	0.639443	0.761653	0.597454	0.636540	0.627982	0.656800	
4090.000000	0.651761	0.599688	0.612903	0.648674	0.756709	0.613254	0.647165	0.630964	0.656800	
4100.000000	0.653219	0.615965	0.615861	0.651821	0.770379	0.607269	0.652419	0.633893	0.656800	
4110.000000	0.649109	0.555596	0.620860	0.649193	0.758074	0.602355	0.639198	0.634985	0.656800	
4120.000000	0.656272	0.572891	0.623719	0.643433	0.770033	0.599442	0.644298	0.633576	0.656800	
4130.000000	0.655769	0.577769	0.622553	0.649267	0.760049	0.589950	0.642560	0.635910	0.656800	
4140.000000	0.664802	0.607727	0.618450	0.641335	0.757049	0.608913	0.649713	0.629892	0.656800	
4150.000000	0.648667	0.622648	0.592376	0.626357	0.722148	0.611296	0.637249	0.624502	0.656800	
4160.000000	0.663734	0.559954	0.617481	0.648849	0.753985	0.611168	0.642529	0.633165	0.656800	
4170.000000	0.659405	0.604764	0.626433	0.629568	0.771461	0.592113	0.647291	0.628000	0.656800	
4180.000000	0.654277	0.624396	0.601643	0.616413	0.715933	0.610913	0.637262	0.620404	0.656800	
4190.000000	0.668392	0.619034	0.617388	0.656844	0.760477	0.617013	0.656525	0.637939	0.656800	
4200.000000	0.668021	0.584947	0.629217	0.657615	0.767680	0.603013	0.651749	0.643416	0.656800	
4210.000000	0.674624	0.621699	0.625229	0.658536	0.774379	0.606166	0.660106	0.641883	0.660106	
4220.000000	0.668510	0.609128	0.605913	0.648740	0.756854	0.614519	0.650611	0.631629	0.660106	
4230.000000	0.666395	0.596942	0.615202	0.658651	0.765063	0.609199	0.651909	0.636927	0.660106	
4240.000000	0.678901	0.601851	0.626389	0.654398	0.762616	0.587738	0.651982	0.640394	0.660106	
4250.000000	0.656099	0.632163	0.610292	0.634490	0.744555	0.599896	0.646249	0.633326	0.660106	
4260.000000	0.649626	0.577031	0.615528	0.622557	0.744373	0.594003	0.633853	0.619042	0.660106	
4270.000000	0.658466	0.577100	0.618127	0.635427	0.754268	0.596885	0.640045	0.626777	0.660106	
4280.000000	0.648177	0.597785	0.612710	0.629802	0.742146	0.609418	0.640006	0.621256	0.660106	
4290.000000	0.655308	0.572451	0.621799	0.636260	0.729225	0.614775	0.638303	0.629029	0.660106	
4300.000000	0.658517	0.578318	0.616122	0.642920	0.753381	0.612163	0.643570	0.629521	0.660106	
4310.000000	0.651350	0.595727	0.617285	0.652087	0.758917	0.605143	0.646751	0.634317	0.660106	
4320.000000	0.656530	0.577459	0.622030	0.629438	0.755388	0.600721	0.640261	0.625734	0.660106	
4330.000000	0.657521	0.571924	0.614905	0.623937	0.728338	0.610051	0.634446	0.619421	0.660106	
4340.000000	0.666250	0.579833	0.614620	0.617260	0.748386	0.619671	0.641003	0.618465	0.660106	
4350.000000	0.658911	0.557425	0.617298	0.615643	0.747122	0.603436	0.633306	0.616470	0.660106	
4360.000000	0.653569	0.598008	0.606248	0.622998	0.729760	0.624343	0.639154	0.623671	0.660106	
4370.000000	0.669587	0.613536	0.617330	0.635913	0.739812	0.619447	0.649271	0.627680	0.660106	
4380.000000	0.673358	0.586100	0.621240	0.644645	0.756917	0.607451	0.648285	0.632942	0.660106	
4390.000000	0.665007	0.586522	0.615151	0.638973	0.758823	0.600757	0.644205	0.627062	0.660106	
4400.000000	0.660309	0.613548	0.609494	0.638557	0.755325	0.603754	0.646831	0.626052	0.660106	
4410.000000	0.657696	0.571769	0.609627	0.609501	0.737107	0.587269	0.628828	0.609564	0.660106	
4420.000000	0.661304	0.580441	0.610047	0.624639	0.737158	0.604581	0.636361	0.617343	0.660106	
4430.000000	0.675388	0.567417	0.614852	0.621025	0.739435	0.600406	0.636420	0.617938	0.660106	
4440.000000	0.675850	0.609085	0.606171	0.626228	0.727879	0.601576	0.641131	0.617656	0.660106	
4450.000000	0.666493	0.593061	0.624820	0.648645	0.761540	0.609699	0.650710	0.636732	0.660106	
4460.000000	0.671414	0.607014	0.608123	0.636503	0.749094	0.611041	0.647198	0.623772	0.660106	
4470.000000	0.641472	0.598987	0.591104	0.618911	0.709655	0.608867	0.628166	0.613889	0.660106	
4480.000000	0.642328	0.628357	0.565587	0.616966	0.736497	0.587520	0.629542	0.622661	0.660106	
4490.000000	0.675184	0.604888	0.637367	0.646091	0.761465	0.612352	0.656224	0.641729	0.660106	
4500.000000	0.677192	0.578209	0.633261	0.629996	0.740045	0.619323	0.646338	0.631628	0.660106	
4510.000000	0.666841	0.592361	0.620397	0.623815	0.744379	0.618829	0.644437	0.622106	0.660106	
4520.000000	0.674954	0.593979	0.628537	0.631696	0.744480	0.608975	0.647103	0.630117	0.660106	
4530.000000	0.684430	0.608713	0.635742	0.652774	0.762805	0.606249	0.658452	0.644258	0.660106	
4540.000000	0.670925	0.563989	0.616500	0.649602	0.761647	0.595097	0.642960	0.633051	0.660106	
4550.000000	0.682332	0.603023	0.610885	0.645614	0.754841	0.608067	0.650794	0.628250	0.660106	
4560.000000	0.666649	0.597933	0.616044	0.631072	0.746248	0.614632	0.645430	0.623558	0.660106	
4570.000000	0.667105	0.583335	0.617703	0.605261	0.742442	0.607820	0.637278	0.612761	0.660106	
4580.000000	0.668533	0.596055	0.609129	0.629980	0.751425	0.615963	0.645181	0.622972	0.660106	
4590.000000	0.668599	0.611856	0.613098	0.638837	0.762452	0.613633	0.651413	0.626235	0.660106	
4600.000000	0.665449	0.619393	0.613595	0.634382	0.772631	0.607577	0.652171	0.626887	0.660106	
4610.000000	0.661731	0.640841	0.600926	0.635009	0.748626	0.607965	0.649183	0.637925	0.660106	
4620.000000	0.666235	0.624284	0.607348	0.640956	0.752224	0.606168	0.649536	0.632620	0.660106	
4630.000000	0.668891	0.573703	0.609102	0.637241	0.740309	0.608102	0.639558	0.623171	0.660106	
4640.000000	0.651384	0.625592	0.586501	0.623958	0.731163	0.601885	0.636747	0.624775	0.660106	
4650.000000	0.667989	0.612717	0.617857	0.644499	0.759087	0.604766	0.651153	0.631178	0.660106	
4660.000000	0.673829	0.615841	0.615054	0.648363	0.758080	0.608067	0.653206	0.632102	0.660106	
4670.000000	0.656481	0.617577	0.595620	0.625902	0.720651	0.608137	0.637395	0.621739	0.660106	
4680.000000	0.652173	0.579102	0.601930	0.630764	0.735805	0.607189	0.634494	0.618977	0.660106	
4690.000000	0.671394	0.604523	0.618260	0.647715	0.768548	0.610617	0.653509	0.632987	0.660106	
4700.000000	0.663922	0.620621	0.609722	0.636154	0.762478	0.606792	0.649948	0.628387	0.660106	
4710.000000	0.670426	0.613151	0.612137	0.643320	0.756998	0.607520	0.650592	0.628235	0.660106	
4720.000000	0.659571	0.621563	0.601877	0.625970	0.729464	0.608212	0.641110	0.623766	0.660106	
4730.000000	0.674593	0.602285	0.614838	0.634141	0.754092	0.605668	0.647603	0.624489	0.660106	
4740.000000	0.676607	0.590104	0.621719	0.632908	0.749814	0.601294	0.645408	0.627314	0.660106	
4750.000000	0.672969	0.575240	0.625761	0.635345	0.760150	0.607839	0.646217	0.630553	0.660106	
4760.000000	0.681502	0.564355	0.630786	0.640710	0.756772	0.601852	0.645996	0.635748	0.660106	
4770.000000	0.653255	0.611484	0.605687	0.621476	0.735107	0.602822	0.638305	0.616480	0.660106	
4780.000000	0.666391	0.603717	0.626774	0.640505	0.767708	0.601087	0.651030	0.633639	0.660106	
4790.000000	0.670261	0.598814	0.621923	0.639584	0.751796	0.592002	0.645730	0.630754	0.660106	
4800.000000	0.651766	0.617546	0.607034	0.627144	0.718877	0.596270	0.636439	0.622345	0.660106	
4810.000000	0.668418	0.632919	0.609938	0.640720	0.729772	0.606415	0.648030	0.636819	0.660106	
4820.000000	0.683547	0.599892	0.621006	0.647455	0.764251	0.608840	0.654165	0.634230	0.660106	
4830.000000	0.625891	0.580503	0.614624	0.637559	0.760395	0.607231	0.637700	0.620258	0.660106	
4840.000000	0.670584	0.570795	0.633013	0.630017	0.755231	0.596946	0.642764	0.631515	0.660106	
4850.000000	0.674781	0.615624	0.621628	0.646581	0.784671	0.614259	0.659591	0.634105	0.660106	
4860.000000	0.674990	0.593371	0.595552	0.631021	0.748814	0.616455	0.643367	0.623738	0.660106	
4870.000000	0.628681	0.626373	0.581819	0.621937	0.740618	0.612071	0.635250	0.624155	0.660106	
4880.000000	0.685027	0.595057	0.628036	0.642996	0.772901	0.606821	0.655140	0.635516	0.660106	
4890.000000	0.685475	0.565508	0.633959	0.642612	0.765308	0.604581	0.649574	0.638285	0.660106	
4900.000000	0.661404	0.592987	0.589242	0.608955	0.733849	0.611799	0.633039	0.610377	0.660106	
4910.000000	0.677578	0.573703	0.620162	0.633824	0.757502	0.605019	0.644631	0.626993	0.660106	
4920.000000	0.680839	0.573374	0.624925	0.643417	0.759609	0.609107	0.648545	0.634171	0.660106	
4930.000000	0.678617	0.598342	0.620876	0.638959	0.761389	0.614960	0.652191	0.629918	0.660106	
4940.000000	0.681547	0.607671	0.622767	0.646783	0.766717	0.610450	0.655989	0.634775	0.660106	
4950.000000	0.682878	0.606097	0.628168	0.650427	0.769089	0.612719	0.658230	0.639297	0.660106	
4960.000000	0.674275	0.612321	0.631414	0.646667	0.774241	0.611157	0.658346	0.639041	0.660106	
4970.000000	0.657267	0.614168	0.620312	0.632998	0.761446	0.607209	0.648900	0.626655	0.660106	
4980.000000	0.673515	0.609488	0.634418	0.643292	0.765472	0.602859	0.654841	0.638855	0.660106	
4990.000000	0.682112	0.579765	0.631248	0.661839	0.764252	0.609173	0.654732	0.646544	0.660106	
5000.000000	0.672600	0.599539	0.623627	0.653549	0.764912	0.611914	0.654357	0.638588	0.660106	
