Epoch	AUC-21	AUC-22	AUC-23	AUC-24	AUC-25	AUC-26	AUC-Avg	AUC-Mid	AUC-Best	
1.000000	0.491707	0.487891	0.504749	0.527184	0.519778	0.505911	0.506203	0.505330	0.506203	
10.000000	0.501664	0.521026	0.496227	0.509457	0.575592	0.501813	0.517630	0.505635	0.517630	
20.000000	0.537972	0.509751	0.515299	0.495347	0.501834	0.520433	0.513439	0.512525	0.517630	
30.000000	0.564004	0.527377	0.546425	0.579189	0.672502	0.560337	0.574972	0.562171	0.574972	
40.000000	0.564530	0.529478	0.556654	0.597720	0.670581	0.558372	0.579556	0.561451	0.579556	
50.000000	0.593505	0.531090	0.558549	0.586870	0.597606	0.558341	0.570993	0.572710	0.579556	
60.000000	0.593332	0.499377	0.495205	0.594639	0.685694	0.555410	0.570609	0.574371	0.579556	
70.000000	0.603045	0.559588	0.558813	0.592830	0.702597	0.565626	0.597083	0.579228	0.597083	
80.000000	0.622823	0.534663	0.561390	0.586460	0.728307	0.578305	0.601991	0.582382	0.601991	
90.000000	0.625194	0.524999	0.576436	0.589640	0.732242	0.582795	0.605218	0.586218	0.605218	
100.000000	0.638102	0.524869	0.588230	0.597540	0.735396	0.577657	0.610299	0.592885	0.610299	
110.000000	0.645051	0.541277	0.603442	0.596657	0.754812	0.593376	0.622436	0.600049	0.622436	
120.000000	0.654445	0.536634	0.604857	0.619924	0.752941	0.596387	0.627531	0.612391	0.627531	
130.000000	0.659445	0.546620	0.619653	0.622571	0.763641	0.601556	0.635581	0.621112	0.635581	
140.000000	0.654580	0.536901	0.613927	0.608349	0.735138	0.599976	0.624812	0.611138	0.635581	
150.000000	0.620338	0.547842	0.602230	0.623576	0.731886	0.591443	0.619552	0.611284	0.635581	
160.000000	0.613953	0.547525	0.599231	0.616667	0.727385	0.591368	0.616022	0.606592	0.635581	
170.000000	0.633272	0.554164	0.596866	0.611379	0.729338	0.595532	0.620092	0.604123	0.635581	
180.000000	0.643100	0.531372	0.603835	0.619413	0.727803	0.594480	0.620001	0.611624	0.635581	
190.000000	0.625320	0.550241	0.605131	0.607780	0.703050	0.592035	0.613926	0.606455	0.635581	
200.000000	0.646508	0.547594	0.604484	0.602692	0.714392	0.593719	0.618231	0.603588	0.635581	
210.000000	0.647255	0.561820	0.589123	0.598992	0.743492	0.601669	0.623725	0.600331	0.635581	
220.000000	0.666782	0.517158	0.591838	0.610454	0.733503	0.603085	0.620470	0.606770	0.635581	
230.000000	0.661883	0.534297	0.601607	0.619235	0.759298	0.603893	0.630036	0.611564	0.635581	
240.000000	0.654529	0.548514	0.602275	0.621405	0.757829	0.602511	0.631177	0.611958	0.635581	
250.000000	0.667158	0.548492	0.599488	0.617051	0.759200	0.613288	0.634113	0.615170	0.635581	
260.000000	0.670925	0.567863	0.599311	0.617341	0.757867	0.611604	0.637485	0.614472	0.637485	
270.000000	0.655487	0.560394	0.600675	0.628763	0.750267	0.615408	0.635166	0.622085	0.637485	
280.000000	0.649471	0.568992	0.598019	0.632127	0.743678	0.609588	0.633646	0.620858	0.637485	
290.000000	0.650125	0.574887	0.598235	0.638619	0.761855	0.613499	0.639537	0.626059	0.639537	
300.000000	0.642766	0.582000	0.604166	0.639348	0.748789	0.610982	0.638009	0.625165	0.639537	
310.000000	0.662365	0.546484	0.612397	0.643389	0.762849	0.621885	0.641561	0.632637	0.641561	
320.000000	0.659379	0.584231	0.605842	0.632550	0.746395	0.623826	0.642037	0.628188	0.642037	
330.000000	0.664585	0.588375	0.617844	0.638275	0.752004	0.632130	0.648869	0.635202	0.648869	
340.000000	0.662701	0.592621	0.615009	0.644252	0.760559	0.624605	0.649958	0.634429	0.649958	
350.000000	0.674675	0.582678	0.614051	0.639071	0.704509	0.627782	0.640461	0.633426	0.649958	
360.000000	0.664598	0.591344	0.605085	0.631467	0.746600	0.627412	0.644418	0.629439	0.649958	
370.000000	0.669777	0.584606	0.622967	0.630951	0.766082	0.622460	0.649474	0.626959	0.649958	
380.000000	0.667899	0.586466	0.622645	0.643600	0.769919	0.620455	0.651831	0.633122	0.651831	
390.000000	0.676179	0.586893	0.625397	0.647079	0.778166	0.628789	0.657084	0.637934	0.657084	
400.000000	0.685222	0.589404	0.623183	0.653822	0.779846	0.627674	0.659859	0.640748	0.659859	
410.000000	0.677220	0.595677	0.610411	0.647009	0.777522	0.617476	0.654219	0.632243	0.659859	
420.000000	0.673176	0.584302	0.617645	0.641795	0.786074	0.621850	0.654140	0.631823	0.659859	
430.000000	0.670272	0.589615	0.617601	0.639644	0.774304	0.632524	0.653993	0.636084	0.659859	
440.000000	0.675841	0.580540	0.617954	0.640051	0.773820	0.624112	0.652053	0.632081	0.659859	
450.000000	0.663647	0.568598	0.617467	0.637840	0.770007	0.623651	0.646868	0.630745	0.659859	
460.000000	0.684044	0.571831	0.614604	0.639818	0.771379	0.625639	0.651219	0.632728	0.659859	
470.000000	0.682268	0.588697	0.621212	0.649136	0.774033	0.636993	0.658723	0.643065	0.659859	
480.000000	0.681492	0.600946	0.621117	0.645685	0.759194	0.623009	0.655240	0.634347	0.659859	
490.000000	0.674055	0.592460	0.618408	0.658652	0.770655	0.625763	0.656666	0.642207	0.659859	
500.000000	0.689611	0.589255	0.628660	0.674633	0.794956	0.617262	0.665730	0.651647	0.665730	
510.000000	0.662473	0.592540	0.623340	0.672184	0.775417	0.626387	0.658724	0.644430	0.665730	
520.000000	0.689894	0.582021	0.634316	0.679114	0.797825	0.628485	0.668609	0.656715	0.668609	
530.000000	0.692859	0.587594	0.627816	0.674557	0.797416	0.632083	0.668721	0.653320	0.668721	
540.000000	0.696614	0.609420	0.625749	0.674363	0.785394	0.636755	0.671382	0.655559	0.671382	
550.000000	0.689905	0.609630	0.612563	0.666202	0.757967	0.628402	0.660778	0.647302	0.671382	
560.000000	0.690409	0.601677	0.626824	0.663155	0.788666	0.629306	0.666673	0.646230	0.671382	
570.000000	0.688265	0.614165	0.611689	0.653299	0.783325	0.625291	0.662672	0.639295	0.671382	
580.000000	0.691123	0.610876	0.621386	0.665559	0.765642	0.635459	0.665007	0.650509	0.671382	
590.000000	0.698037	0.618395	0.614071	0.668987	0.778462	0.628556	0.667751	0.648771	0.671382	
600.000000	0.697079	0.598342	0.630404	0.657051	0.792767	0.630194	0.667639	0.643727	0.671382	
610.000000	0.677922	0.610957	0.632542	0.668163	0.791578	0.630908	0.668678	0.650353	0.671382	
620.000000	0.704406	0.597041	0.631557	0.677853	0.783715	0.620335	0.669151	0.654705	0.671382	
630.000000	0.703083	0.605319	0.627136	0.673137	0.778550	0.631638	0.669811	0.652387	0.671382	
640.000000	0.707812	0.579827	0.630337	0.669669	0.799064	0.634696	0.670234	0.652182	0.671382	
650.000000	0.706971	0.609798	0.633103	0.672399	0.796026	0.626365	0.674110	0.652751	0.674110	
660.000000	0.705465	0.584333	0.607855	0.650914	0.796522	0.594312	0.656567	0.629385	0.674110	
670.000000	0.685275	0.615432	0.615218	0.675869	0.800489	0.636301	0.671431	0.656085	0.674110	
680.000000	0.692739	0.620701	0.636087	0.685300	0.778525	0.628997	0.673725	0.660694	0.674110	
690.000000	0.692448	0.617713	0.637684	0.679854	0.793654	0.631737	0.675515	0.658769	0.675515	
700.000000	0.692906	0.607045	0.638453	0.670412	0.792836	0.609224	0.668480	0.654433	0.675515	
710.000000	0.697357	0.599619	0.633645	0.682660	0.800923	0.637751	0.675326	0.660206	0.675515	
720.000000	0.699904	0.605037	0.631591	0.667634	0.795604	0.628402	0.671362	0.649612	0.675515	
730.000000	0.679745	0.612593	0.627732	0.674771	0.784212	0.631041	0.668349	0.652906	0.675515	
740.000000	0.669939	0.601027	0.638554	0.678411	0.802348	0.626929	0.669534	0.654246	0.675515	
750.000000	0.697107	0.591871	0.647442	0.677504	0.787187	0.643049	0.674027	0.662473	0.675515	
760.000000	0.692587	0.583633	0.643345	0.684851	0.781519	0.631722	0.669609	0.664098	0.675515	
770.000000	0.673871	0.583738	0.651712	0.666167	0.790590	0.634321	0.666733	0.658940	0.675515	
780.000000	0.690513	0.585747	0.648167	0.678795	0.779387	0.623168	0.667629	0.663481	0.675515	
790.000000	0.682411	0.596929	0.655206	0.676099	0.792405	0.630659	0.672285	0.665653	0.675515	
800.000000	0.683517	0.598522	0.651667	0.651404	0.760886	0.629749	0.662624	0.651535	0.675515	
810.000000	0.683683	0.589770	0.648211	0.666343	0.742618	0.624480	0.659184	0.657277	0.675515	
820.000000	0.686592	0.589137	0.648665	0.660295	0.743310	0.630386	0.659731	0.654480	0.675515	
830.000000	0.689626	0.597816	0.643132	0.673535	0.775034	0.627666	0.667801	0.658333	0.675515	
840.000000	0.696161	0.587179	0.643267	0.675179	0.781180	0.634169	0.669522	0.659223	0.675515	
850.000000	0.696388	0.599083	0.643558	0.672425	0.765774	0.634917	0.668691	0.657991	0.675515	
860.000000	0.701900	0.575680	0.648118	0.681776	0.786634	0.626883	0.670165	0.664947	0.675515	
870.000000	0.706937	0.595652	0.640156	0.673095	0.781966	0.635326	0.672189	0.656626	0.675515	
880.000000	0.691174	0.597351	0.640693	0.683768	0.795365	0.631711	0.673344	0.662231	0.675515	
890.000000	0.700868	0.604572	0.649608	0.675501	0.790767	0.638159	0.676579	0.662554	0.676579	
900.000000	0.702063	0.604969	0.654617	0.688374	0.777028	0.635192	0.677040	0.671495	0.677040	
910.000000	0.697230	0.605310	0.658088	0.692921	0.801769	0.635534	0.681809	0.675505	0.681809	
920.000000	0.701223	0.596718	0.648409	0.681587	0.808280	0.632251	0.678078	0.664998	0.681809	
930.000000	0.720303	0.585300	0.647817	0.672489	0.796667	0.640245	0.677137	0.660153	0.681809	
940.000000	0.706677	0.612878	0.646673	0.679725	0.776814	0.634184	0.676159	0.663199	0.681809	
950.000000	0.700346	0.627247	0.651498	0.692799	0.776216	0.632024	0.680022	0.672148	0.681809	
960.000000	0.704447	0.634797	0.650070	0.681529	0.793843	0.633291	0.682996	0.665799	0.682996	
970.000000	0.708840	0.631598	0.652015	0.695167	0.780966	0.640068	0.684776	0.673591	0.684776	
980.000000	0.684165	0.623782	0.657985	0.697631	0.782343	0.639894	0.680967	0.671075	0.684776	
990.000000	0.694040	0.619505	0.664570	0.697177	0.796051	0.645767	0.686185	0.679305	0.686185	
1000.000000	0.710718	0.608335	0.656929	0.676218	0.787263	0.639632	0.679849	0.666573	0.686185	
1010.000000	0.711301	0.610176	0.656646	0.682419	0.782167	0.645941	0.681442	0.669533	0.686185	
1020.000000	0.717555	0.604907	0.657597	0.683174	0.788030	0.651486	0.683791	0.670385	0.686185	
1030.000000	0.709209	0.616908	0.649120	0.688781	0.787143	0.647780	0.683157	0.668951	0.686185	
1040.000000	0.707349	0.612866	0.653436	0.660319	0.780374	0.648977	0.677220	0.656878	0.686185	
1050.000000	0.711546	0.622195	0.653965	0.696578	0.796428	0.643104	0.687303	0.675272	0.687303	
1060.000000	0.709168	0.628701	0.630087	0.689410	0.783992	0.639896	0.680209	0.664653	0.687303	
1070.000000	0.711309	0.620094	0.653859	0.699484	0.798259	0.648587	0.688599	0.676671	0.688599	
1080.000000	0.713518	0.624445	0.660446	0.704809	0.800781	0.651052	0.692508	0.682627	0.692508	
1090.000000	0.708501	0.612547	0.663218	0.699852	0.775801	0.647456	0.684562	0.681535	0.692508	
1100.000000	0.699729	0.621451	0.656285	0.696858	0.781494	0.642727	0.683091	0.676572	0.692508	
1110.000000	0.716710	0.636787	0.642819	0.705510	0.796661	0.649176	0.691277	0.677343	0.692508	
1120.000000	0.712572	0.615941	0.657639	0.687036	0.789817	0.643333	0.684390	0.672338	0.692508	
1130.000000	0.707983	0.624960	0.657801	0.705475	0.801215	0.645655	0.690515	0.681638	0.692508	
1140.000000	0.698022	0.633700	0.650662	0.698532	0.768491	0.639577	0.681497	0.674342	0.692508	
1150.000000	0.695560	0.638950	0.662723	0.699833	0.791295	0.643164	0.688587	0.679141	0.692508	
1160.000000	0.718513	0.625208	0.665463	0.692523	0.788697	0.639724	0.688355	0.678993	0.692508	
1170.000000	0.722093	0.629671	0.671740	0.701226	0.799643	0.648956	0.695555	0.686483	0.695555	
1180.000000	0.718408	0.642096	0.667638	0.690250	0.809009	0.647637	0.695840	0.678944	0.695840	
1190.000000	0.724268	0.639570	0.671201	0.694985	0.783721	0.636728	0.691746	0.683093	0.695840	
1200.000000	0.706329	0.648062	0.665089	0.699990	0.783998	0.657995	0.693577	0.682540	0.695840	
1210.000000	0.714518	0.641628	0.672585	0.702327	0.800310	0.653391	0.697460	0.687456	0.697460	
1220.000000	0.710902	0.652420	0.669953	0.698774	0.799297	0.655308	0.697775	0.684363	0.697775	
1230.000000	0.718227	0.632237	0.670439	0.696789	0.799347	0.656232	0.695545	0.683614	0.697775	
1240.000000	0.724688	0.622431	0.669141	0.697867	0.807714	0.652286	0.695688	0.683504	0.697775	
1250.000000	0.716486	0.631152	0.670522	0.694601	0.809085	0.650851	0.695449	0.682561	0.697775	
1260.000000	0.722153	0.623993	0.666698	0.693944	0.807449	0.657593	0.695305	0.680321	0.697775	
1270.000000	0.722541	0.534242	0.665192	0.707950	0.804084	0.653278	0.681214	0.686571	0.697775	
1280.000000	0.723489	0.618922	0.664500	0.698882	0.792685	0.652698	0.691863	0.681691	0.697775	
1290.000000	0.715015	0.623528	0.652247	0.696597	0.797108	0.654910	0.689901	0.675753	0.697775	
1300.000000	0.723409	0.622207	0.645076	0.688745	0.780865	0.655088	0.685898	0.671916	0.697775	
1310.000000	0.725723	0.642372	0.656170	0.686172	0.777965	0.656473	0.690813	0.671323	0.697775	
1320.000000	0.728268	0.626801	0.651358	0.690529	0.775889	0.656664	0.688252	0.673597	0.697775	
1330.000000	0.693483	0.612234	0.640653	0.684425	0.767258	0.647101	0.674192	0.665763	0.697775	
1340.000000	0.725234	0.624216	0.660678	0.700074	0.784539	0.660057	0.692466	0.680376	0.697775	
1350.000000	0.717051	0.621997	0.651145	0.691364	0.783444	0.663618	0.688103	0.677491	0.697775	
1360.000000	0.718444	0.608459	0.654024	0.693488	0.792320	0.657354	0.687348	0.675421	0.697775	
1370.000000	0.727172	0.616486	0.664263	0.695504	0.773939	0.669295	0.691110	0.682399	0.697775	
1380.000000	0.716326	0.626373	0.657480	0.685144	0.773190	0.665410	0.687321	0.675277	0.697775	
1390.000000	0.704199	0.618507	0.655649	0.697034	0.758043	0.658018	0.681908	0.677526	0.697775	
1400.000000	0.711548	0.632875	0.666884	0.698718	0.792937	0.656459	0.693237	0.682801	0.697775	
1410.000000	0.701754	0.618377	0.659854	0.709280	0.783369	0.656931	0.688261	0.680804	0.697775	
1420.000000	0.716806	0.613381	0.675440	0.707194	0.798561	0.656400	0.694630	0.691317	0.697775	
1430.000000	0.720911	0.611515	0.668026	0.711680	0.743115	0.651931	0.684530	0.689853	0.697775	
1440.000000	0.737186	0.618916	0.672569	0.696590	0.802090	0.665262	0.698769	0.684579	0.698769	
1450.000000	0.722430	0.613294	0.660173	0.690636	0.794830	0.654473	0.689306	0.675404	0.698769	
1460.000000	0.721265	0.628047	0.666539	0.698644	0.814130	0.664713	0.698890	0.682592	0.698890	
1470.000000	0.725900	0.612885	0.660638	0.694224	0.804606	0.662791	0.693507	0.678507	0.698890	
1480.000000	0.726098	0.623125	0.665610	0.693920	0.793484	0.659226	0.693577	0.679765	0.698890	
1490.000000	0.730027	0.630030	0.671842	0.707052	0.801360	0.665408	0.700953	0.689447	0.700953	
1500.000000	0.723580	0.636440	0.666482	0.698949	0.801461	0.659112	0.697671	0.682716	0.700953	
1510.000000	0.720028	0.634636	0.661881	0.695172	0.807437	0.657716	0.696145	0.678526	0.700953	
1520.000000	0.713718	0.660506	0.668213	0.714907	0.812262	0.655240	0.704141	0.690966	0.704141	
1530.000000	0.733394	0.654379	0.669125	0.712010	0.811048	0.667562	0.707919	0.690567	0.707919	
1540.000000	0.740041	0.640333	0.681211	0.715537	0.801587	0.665891	0.707433	0.698374	0.707919	
1550.000000	0.743028	0.634710	0.681148	0.719497	0.812042	0.673860	0.710714	0.700323	0.710714	
1560.000000	0.730613	0.643794	0.678188	0.716557	0.815395	0.672502	0.709508	0.697373	0.710714	
1570.000000	0.731313	0.631791	0.681436	0.716002	0.812796	0.664078	0.706236	0.698719	0.710714	
1580.000000	0.728580	0.631611	0.676339	0.712340	0.811557	0.672595	0.705504	0.694340	0.710714	
1590.000000	0.712606	0.640859	0.670970	0.707321	0.808078	0.663144	0.700496	0.689145	0.710714	
1600.000000	0.720339	0.629801	0.673213	0.716328	0.800448	0.657101	0.699538	0.694770	0.710714	
1610.000000	0.728151	0.657236	0.676669	0.714195	0.797636	0.663463	0.706225	0.695432	0.710714	
1620.000000	0.724560	0.640915	0.674178	0.708322	0.806393	0.663100	0.702911	0.691250	0.710714	
1630.000000	0.725083	0.634847	0.659145	0.716154	0.808991	0.659151	0.700562	0.687652	0.710714	
1640.000000	0.723816	0.641132	0.672854	0.708042	0.801939	0.664616	0.702067	0.690448	0.710714	
1650.000000	0.741272	0.641473	0.674919	0.715593	0.812306	0.669198	0.709127	0.695256	0.710714	
1660.000000	0.735530	0.628760	0.672935	0.708160	0.800404	0.666839	0.702105	0.690548	0.710714	
1670.000000	0.741344	0.631220	0.677566	0.706944	0.805348	0.661301	0.703954	0.692255	0.710714	
1680.000000	0.740115	0.621823	0.674510	0.699470	0.794887	0.666404	0.699535	0.686990	0.710714	
1690.000000	0.734173	0.612538	0.670789	0.709965	0.813532	0.664297	0.700882	0.690377	0.710714	
1700.000000	0.737924	0.634159	0.675034	0.701542	0.782947	0.665825	0.699572	0.688288	0.710714	
1710.000000	0.718602	0.626454	0.672264	0.698130	0.805996	0.663541	0.697498	0.685197	0.710714	
1720.000000	0.732874	0.643141	0.677431	0.704360	0.811639	0.666290	0.705956	0.690895	0.710714	
1730.000000	0.725368	0.632460	0.672470	0.707736	0.798252	0.651389	0.697946	0.690103	0.710714	
1740.000000	0.739240	0.651509	0.674667	0.716203	0.814124	0.659998	0.709290	0.695435	0.710714	
1750.000000	0.744780	0.659133	0.685299	0.716550	0.813281	0.670769	0.714969	0.700925	0.714969	
1760.000000	0.745480	0.635702	0.675672	0.710693	0.810846	0.665802	0.707366	0.693182	0.714969	
1770.000000	0.733443	0.656592	0.671538	0.717547	0.822484	0.666539	0.711357	0.694543	0.714969	
1780.000000	0.735506	0.635894	0.658245	0.708519	0.813161	0.661336	0.702110	0.684927	0.714969	
1790.000000	0.744279	0.634977	0.663593	0.714186	0.821723	0.663301	0.707010	0.688890	0.714969	
1800.000000	0.745667	0.643829	0.681790	0.717089	0.827498	0.641836	0.709618	0.699440	0.714969	
1810.000000	0.739744	0.632435	0.677905	0.715956	0.813740	0.668062	0.707974	0.696930	0.714969	
1820.000000	0.732321	0.647294	0.680021	0.713469	0.829397	0.663419	0.710987	0.696745	0.714969	
1830.000000	0.739639	0.628760	0.686490	0.722831	0.818596	0.676369	0.712114	0.704660	0.714969	
1840.000000	0.594393	0.618023	0.681214	0.717823	0.774493	0.672315	0.676377	0.676764	0.714969	
1850.000000	0.736279	0.631425	0.664482	0.703761	0.743599	0.665463	0.690835	0.684612	0.714969	
1860.000000	0.740329	0.653309	0.674475	0.694335	0.818250	0.667584	0.708047	0.684405	0.714969	
1870.000000	0.725574	0.651217	0.674176	0.718704	0.816867	0.671499	0.709673	0.696440	0.714969	
1880.000000	0.738607	0.644157	0.678503	0.713647	0.807959	0.674874	0.709625	0.696075	0.714969	
1890.000000	0.742021	0.641083	0.679679	0.720396	0.828800	0.647852	0.709972	0.700037	0.714969	
1900.000000	0.730867	0.628958	0.674580	0.726372	0.797422	0.670822	0.704837	0.700476	0.714969	
1910.000000	0.733976	0.641560	0.676627	0.733874	0.827120	0.668071	0.713538	0.705250	0.714969	
1920.000000	0.727174	0.648657	0.682770	0.725431	0.820830	0.655207	0.710011	0.704100	0.714969	
1930.000000	0.724286	0.638789	0.672087	0.723841	0.810010	0.661089	0.705017	0.697964	0.714969	
1940.000000	0.728208	0.645967	0.671085	0.724908	0.821119	0.663426	0.709119	0.697996	0.714969	
1950.000000	0.725529	0.642254	0.664835	0.708003	0.797800	0.649940	0.698060	0.686419	0.714969	
1960.000000	0.732116	0.632724	0.669614	0.696558	0.760408	0.664497	0.692653	0.683086	0.714969	
1970.000000	0.740318	0.641963	0.675727	0.705102	0.803247	0.675247	0.706934	0.690415	0.714969	
1980.000000	0.739729	0.639669	0.680078	0.705595	0.807336	0.670194	0.707100	0.692837	0.714969	
1990.000000	0.733823	0.650337	0.674940	0.702146	0.813256	0.670245	0.707458	0.688543	0.714969	
2000.000000	0.737937	0.654540	0.676862	0.718602	0.823377	0.675192	0.714418	0.697732	0.714969	
2010.000000	0.749527	0.656313	0.672394	0.714610	0.822767	0.666521	0.713689	0.693502	0.714969	
2020.000000	0.746817	0.643246	0.684913	0.712199	0.808450	0.675168	0.711799	0.698556	0.714969	
2030.000000	0.742170	0.641070	0.682324	0.707431	0.809318	0.674224	0.709423	0.694877	0.714969	
2040.000000	0.739816	0.641783	0.676363	0.718345	0.822761	0.672434	0.711917	0.697354	0.714969	
2050.000000	0.755714	0.643190	0.683665	0.700291	0.822515	0.663289	0.711444	0.691978	0.714969	
2060.000000	0.743531	0.638089	0.687352	0.702933	0.814828	0.686087	0.712137	0.695142	0.714969	
2070.000000	0.748411	0.645707	0.685587	0.704242	0.820251	0.673629	0.712971	0.694914	0.714969	
2080.000000	0.733816	0.636762	0.682563	0.711952	0.814809	0.677952	0.709642	0.697257	0.714969	
2090.000000	0.727414	0.643649	0.671663	0.712572	0.800020	0.668558	0.703979	0.692117	0.714969	
2100.000000	0.728862	0.634363	0.692161	0.729342	0.794365	0.674164	0.708876	0.710511	0.714969	
2110.000000	0.729463	0.628883	0.678961	0.711912	0.804581	0.669195	0.703833	0.695437	0.714969	
2120.000000	0.736072	0.642105	0.685192	0.727355	0.822824	0.674965	0.714752	0.706274	0.714969	
2130.000000	0.733110	0.646289	0.674017	0.711595	0.824717	0.675930	0.710943	0.693763	0.714969	
2140.000000	0.751495	0.654949	0.680584	0.725824	0.800517	0.678459	0.715305	0.703204	0.715305	
2150.000000	0.736996	0.632826	0.676563	0.728218	0.819376	0.652551	0.707755	0.702391	0.715305	
2160.000000	0.753005	0.649773	0.693550	0.715410	0.818244	0.683305	0.718881	0.704480	0.718881	
2170.000000	0.743463	0.640503	0.680615	0.714462	0.825346	0.681797	0.714364	0.698129	0.718881	
2180.000000	0.744212	0.633458	0.688194	0.725313	0.826038	0.679372	0.716098	0.706753	0.718881	
2190.000000	0.750174	0.632262	0.694410	0.721096	0.815457	0.679842	0.715540	0.707753	0.718881	
2200.000000	0.751902	0.637791	0.687796	0.725241	0.821566	0.678975	0.717212	0.706518	0.718881	
2210.000000	0.750377	0.647157	0.684776	0.722167	0.813639	0.675950	0.715678	0.703472	0.718881	
2220.000000	0.738959	0.638504	0.679129	0.718688	0.803285	0.673585	0.708692	0.698908	0.718881	
2230.000000	0.753771	0.650672	0.689209	0.721197	0.815935	0.672037	0.717137	0.705203	0.718881	
2240.000000	0.756112	0.653678	0.688002	0.712935	0.821924	0.679085	0.718623	0.700468	0.718881	
2250.000000	0.745471	0.646407	0.683831	0.703418	0.772360	0.681817	0.705551	0.693625	0.718881	
2260.000000	0.749775	0.636867	0.681262	0.688401	0.805883	0.667634	0.704971	0.684832	0.718881	
2270.000000	0.756345	0.643965	0.683685	0.708304	0.811538	0.677778	0.713602	0.695994	0.718881	
2280.000000	0.761784	0.646779	0.695644	0.713152	0.828699	0.681356	0.721236	0.704398	0.721236	
2290.000000	0.747199	0.647157	0.688458	0.713108	0.820175	0.681764	0.716310	0.700783	0.721236	
2300.000000	0.731009	0.630824	0.686322	0.721422	0.817986	0.677141	0.710784	0.703872	0.721236	
2310.000000	0.742038	0.649730	0.695446	0.727563	0.824258	0.681338	0.720062	0.711505	0.721236	
2320.000000	0.746363	0.637419	0.688439	0.722999	0.818691	0.676067	0.714996	0.705719	0.721236	
2330.000000	0.745407	0.651385	0.689278	0.715923	0.822591	0.677791	0.717063	0.702601	0.721236	
2340.000000	0.750146	0.643401	0.695531	0.723127	0.792402	0.677690	0.713716	0.709329	0.721236	
2350.000000	0.752136	0.642837	0.698060	0.715539	0.823673	0.674385	0.717772	0.706800	0.721236	
2360.000000	0.746301	0.638987	0.692573	0.720964	0.826359	0.683640	0.718137	0.706769	0.721236	
2370.000000	0.746482	0.635885	0.693691	0.727746	0.811551	0.679844	0.715866	0.710718	0.721236	
2380.000000	0.744686	0.642849	0.686486	0.723136	0.823069	0.689672	0.718316	0.706404	0.721236	
2390.000000	0.744186	0.652718	0.683714	0.717247	0.825850	0.668296	0.715335	0.700480	0.721236	
2400.000000	0.753385	0.654624	0.694681	0.724954	0.815149	0.666431	0.718204	0.709818	0.721236	
2410.000000	0.744029	0.642663	0.677843	0.725094	0.793849	0.677888	0.710228	0.701491	0.721236	
2420.000000	0.749557	0.647486	0.667421	0.720207	0.813413	0.680605	0.713115	0.700406	0.721236	
2430.000000	0.745451	0.640345	0.690600	0.722606	0.822755	0.677590	0.716558	0.706603	0.721236	
2440.000000	0.724788	0.614304	0.677586	0.717848	0.813136	0.670377	0.703007	0.697717	0.721236	
2450.000000	0.740175	0.650455	0.675349	0.711314	0.814526	0.680494	0.712052	0.695904	0.721236	
2460.000000	0.740960	0.648546	0.677623	0.690000	0.779632	0.675209	0.701995	0.683812	0.721236	
2470.000000	0.666301	0.648515	0.672723	0.684142	0.770693	0.667136	0.684918	0.669930	0.721236	
2480.000000	0.715517	0.645267	0.672055	0.695766	0.753161	0.670395	0.692027	0.683911	0.721236	
2490.000000	0.726519	0.642514	0.678479	0.716398	0.796843	0.665955	0.704451	0.697438	0.721236	
2500.000000	0.719193	0.658495	0.679339	0.678741	0.798756	0.678283	0.702135	0.679040	0.721236	
2510.000000	0.719494	0.653746	0.678531	0.703758	0.787042	0.675082	0.702942	0.691145	0.721236	
2520.000000	0.714305	0.623838	0.679199	0.694145	0.809909	0.671535	0.698822	0.686672	0.721236	
2530.000000	0.742307	0.649786	0.677148	0.700832	0.799857	0.684175	0.709017	0.692504	0.721236	
2540.000000	0.740683	0.652910	0.685920	0.705320	0.798787	0.677875	0.710249	0.695620	0.721236	
2550.000000	0.746561	0.676291	0.689952	0.706116	0.814426	0.684090	0.719573	0.698034	0.721236	
2560.000000	0.740474	0.665196	0.683177	0.682880	0.713800	0.677799	0.693888	0.683028	0.721236	
2570.000000	0.746578	0.670533	0.680417	0.709179	0.811356	0.682407	0.716745	0.695793	0.721236	
2580.000000	0.738502	0.673613	0.670474	0.693525	0.805631	0.678854	0.710100	0.686189	0.721236	
2590.000000	0.741280	0.676229	0.684610	0.712153	0.801737	0.675704	0.715286	0.698381	0.721236	
2600.000000	0.725708	0.679738	0.679690	0.691383	0.809632	0.669623	0.709296	0.685560	0.721236	
2610.000000	0.741777	0.683209	0.673252	0.689276	0.817640	0.681254	0.714401	0.686242	0.721236	
2620.000000	0.745623	0.658278	0.690140	0.719634	0.835072	0.653155	0.716983	0.704887	0.721236	
2630.000000	0.743015	0.670957	0.678206	0.717871	0.819288	0.677738	0.717846	0.698039	0.721236	
2640.000000	0.737369	0.669937	0.681915	0.713691	0.834694	0.684034	0.720274	0.698863	0.721236	
2650.000000	0.746570	0.664824	0.689585	0.725609	0.836984	0.681700	0.724212	0.707597	0.724212	
2660.000000	0.755205	0.666454	0.683144	0.728479	0.825390	0.683161	0.723639	0.705820	0.724212	
2670.000000	0.727784	0.682732	0.691363	0.710835	0.823107	0.684145	0.719994	0.701099	0.724212	
2680.000000	0.731717	0.669370	0.684435	0.721327	0.804587	0.685475	0.716152	0.703401	0.724212	
2690.000000	0.735346	0.663454	0.684325	0.707779	0.805361	0.677350	0.712269	0.696052	0.724212	
2700.000000	0.736202	0.649507	0.675295	0.713888	0.812664	0.684418	0.711996	0.699153	0.724212	
2710.000000	0.739937	0.675262	0.680613	0.712731	0.808393	0.690163	0.717850	0.701447	0.724212	
2720.000000	0.702661	0.659195	0.689477	0.712323	0.806877	0.678860	0.708232	0.696069	0.724212	
2730.000000	0.751077	0.667247	0.690021	0.715583	0.791540	0.683073	0.716424	0.702802	0.724212	
2740.000000	0.743292	0.658805	0.686544	0.713448	0.811513	0.686448	0.716675	0.699996	0.724212	
2750.000000	0.724398	0.668871	0.691769	0.699845	0.820716	0.692910	0.716418	0.696377	0.724212	
2760.000000	0.751623	0.673359	0.689678	0.721758	0.829039	0.682099	0.724593	0.705718	0.724593	
2770.000000	0.732288	0.646575	0.692028	0.713488	0.798643	0.683192	0.711036	0.702758	0.724593	
2780.000000	0.747648	0.651236	0.651189	0.720742	0.814998	0.692191	0.713001	0.706467	0.724593	
2790.000000	0.733082	0.673043	0.694432	0.721910	0.833574	0.690966	0.724501	0.708171	0.724593	
2800.000000	0.741167	0.680748	0.697014	0.725516	0.813161	0.685657	0.723877	0.711265	0.724593	
2810.000000	0.741082	0.686259	0.694731	0.724237	0.818200	0.680364	0.724145	0.709484	0.724593	
2820.000000	0.734653	0.675076	0.691151	0.720709	0.814199	0.682190	0.719663	0.705930	0.724593	
2830.000000	0.752995	0.667402	0.689906	0.718907	0.817319	0.677923	0.720742	0.704407	0.724593	
2840.000000	0.747135	0.647721	0.690976	0.716698	0.822471	0.686627	0.718605	0.703837	0.724593	
2850.000000	0.748966	0.672095	0.690909	0.717522	0.814891	0.680392	0.720796	0.704215	0.724593	
2860.000000	0.743570	0.657646	0.693225	0.717018	0.820798	0.688038	0.720049	0.705121	0.724593	
2870.000000	0.746203	0.675293	0.701640	0.740098	0.820773	0.685756	0.728294	0.720869	0.728294	
2880.000000	0.737405	0.689835	0.696592	0.746219	0.834946	0.673522	0.729753	0.716998	0.729753	
2890.000000	0.741805	0.679688	0.679420	0.735703	0.824201	0.675247	0.722678	0.707696	0.729753	
2900.000000	0.733618	0.692123	0.692092	0.726701	0.824544	0.676515	0.724265	0.709412	0.729753	
2910.000000	0.752500	0.689061	0.699490	0.724761	0.823811	0.684039	0.728944	0.712126	0.729753	
2920.000000	0.749438	0.674401	0.693144	0.720284	0.831165	0.689131	0.726260	0.706714	0.729753	
2930.000000	0.764287	0.664938	0.690027	0.720862	0.828227	0.690300	0.726440	0.705581	0.729753	
2940.000000	0.760198	0.661557	0.672299	0.711431	0.825139	0.689012	0.719939	0.700222	0.729753	
2950.000000	0.752702	0.677190	0.688149	0.728292	0.829731	0.689462	0.727588	0.708877	0.729753	
2960.000000	0.750941	0.667037	0.690857	0.719051	0.812545	0.687767	0.721366	0.704954	0.729753	
2970.000000	0.752508	0.676552	0.680274	0.715153	0.817521	0.681673	0.720614	0.698413	0.729753	
2980.000000	0.750377	0.678188	0.674897	0.710895	0.806726	0.676435	0.716253	0.694541	0.729753	
2990.000000	0.747888	0.679515	0.682276	0.703182	0.813891	0.687090	0.718974	0.695136	0.729753	
3000.000000	0.748486	0.677072	0.692876	0.719700	0.812482	0.681609	0.722038	0.706288	0.729753	
3010.000000	0.744822	0.680085	0.694782	0.729853	0.816118	0.687231	0.725482	0.712318	0.729753	
3020.000000	0.747741	0.674202	0.702863	0.732879	0.823119	0.675853	0.726110	0.717871	0.729753	
3030.000000	0.747884	0.680017	0.689034	0.725229	0.796013	0.681338	0.719919	0.707132	0.729753	
3040.000000	0.742240	0.675293	0.705062	0.734977	0.813759	0.684993	0.726054	0.720020	0.729753	
3050.000000	0.743999	0.684653	0.697727	0.727711	0.821188	0.683199	0.726413	0.712719	0.729753	
3060.000000	0.746002	0.694081	0.694152	0.733182	0.814312	0.692712	0.729074	0.713667	0.729753	
3070.000000	0.749833	0.680853	0.699954	0.722935	0.822232	0.689901	0.727618	0.711444	0.729753	
3080.000000	0.756349	0.648044	0.699639	0.724427	0.824019	0.686649	0.723188	0.712033	0.729753	
3090.000000	0.755122	0.690641	0.700017	0.731505	0.826667	0.687048	0.731834	0.715761	0.731834	
3100.000000	0.760817	0.664365	0.698965	0.724597	0.832178	0.679669	0.726765	0.711781	0.731834	
3110.000000	0.749820	0.670998	0.694114	0.731732	0.819345	0.668893	0.722483	0.712923	0.731834	
3120.000000	0.751062	0.666987	0.683823	0.727628	0.801668	0.672811	0.717330	0.705726	0.731834	
3130.000000	0.745938	0.673198	0.671808	0.718685	0.806223	0.676067	0.715320	0.697376	0.731834	
3140.000000	0.752009	0.672386	0.685022	0.711901	0.808714	0.675470	0.717584	0.698461	0.731834	
3150.000000	0.735333	0.669088	0.694271	0.721258	0.809035	0.680835	0.718303	0.707764	0.731834	
3160.000000	0.740807	0.669293	0.685250	0.722676	0.811444	0.673835	0.717217	0.703963	0.731834	
3170.000000	0.750788	0.637965	0.693459	0.717122	0.805883	0.686321	0.715256	0.705290	0.731834	
3180.000000	0.757247	0.636471	0.695823	0.718826	0.823044	0.681063	0.718746	0.707325	0.731834	
3190.000000	0.752856	0.652569	0.693827	0.719097	0.824050	0.687743	0.721690	0.706462	0.731834	
3200.000000	0.763232	0.656796	0.689698	0.722628	0.818175	0.681914	0.722074	0.706163	0.731834	
3210.000000	0.759842	0.661210	0.693740	0.701862	0.822333	0.684837	0.720637	0.697801	0.731834	
3220.000000	0.762467	0.654738	0.694969	0.719414	0.820767	0.687291	0.723274	0.707191	0.731834	
3230.000000	0.757149	0.653604	0.693633	0.719703	0.826001	0.689056	0.723191	0.706668	0.731834	
3240.000000	0.757480	0.658067	0.698250	0.724848	0.833096	0.686925	0.726444	0.711549	0.731834	
3250.000000	0.752327	0.649389	0.699284	0.713601	0.814344	0.688232	0.719529	0.706443	0.731834	
3260.000000	0.753257	0.671475	0.675989	0.704034	0.810312	0.686090	0.716859	0.695062	0.731834	
3270.000000	0.745142	0.671115	0.697400	0.713675	0.813124	0.683027	0.720581	0.705537	0.731834	
3280.000000	0.752000	0.659239	0.706057	0.715808	0.799913	0.687577	0.720099	0.710932	0.731834	
3290.000000	0.755408	0.640866	0.700017	0.720330	0.825176	0.688976	0.721796	0.710174	0.731834	
3300.000000	0.755148	0.649569	0.686651	0.713385	0.805808	0.656334	0.711149	0.700018	0.731834	
3310.000000	0.752459	0.659170	0.672113	0.695237	0.808657	0.689894	0.712922	0.692565	0.731834	
3320.000000	0.747910	0.651540	0.682860	0.715824	0.804455	0.684270	0.714477	0.700047	0.731834	
3330.000000	0.750799	0.650914	0.686508	0.686484	0.790012	0.693882	0.709766	0.690195	0.731834	
3340.000000	0.729771	0.641498	0.687322	0.700768	0.810683	0.688298	0.709723	0.694533	0.731834	
3350.000000	0.726687	0.650312	0.687332	0.716592	0.812180	0.680484	0.712265	0.701962	0.731834	
3360.000000	0.720286	0.666522	0.690459	0.723113	0.817958	0.690187	0.718088	0.705372	0.731834	
3370.000000	0.708833	0.669845	0.691321	0.728977	0.818936	0.686197	0.717351	0.700077	0.731834	
3380.000000	0.740646	0.659722	0.644948	0.703014	0.807437	0.691168	0.707822	0.697091	0.731834	
3390.000000	0.723342	0.668679	0.656139	0.718892	0.810211	0.687004	0.710711	0.702948	0.731834	
3400.000000	0.729670	0.667588	0.689660	0.713578	0.815457	0.685952	0.716984	0.701619	0.731834	
3410.000000	0.755540	0.659741	0.692131	0.706863	0.794786	0.698942	0.718001	0.702902	0.731834	
3420.000000	0.745537	0.657565	0.690184	0.711709	0.765472	0.699641	0.711685	0.705675	0.731834	
3430.000000	0.751245	0.682323	0.699944	0.724050	0.815690	0.680963	0.725702	0.711997	0.731834	
3440.000000	0.738434	0.666640	0.693954	0.725618	0.820377	0.683519	0.721424	0.709786	0.731834	
3450.000000	0.744085	0.657540	0.698539	0.725697	0.823403	0.688192	0.722909	0.712118	0.731834	
3460.000000	0.745102	0.667966	0.695587	0.717545	0.826749	0.685441	0.723065	0.706566	0.731834	
3470.000000	0.753353	0.650715	0.703491	0.725551	0.819911	0.688067	0.723515	0.714521	0.731834	
3480.000000	0.736838	0.683661	0.702456	0.724283	0.818351	0.685262	0.725142	0.713369	0.731834	
3490.000000	0.749096	0.678597	0.706402	0.730260	0.796598	0.695710	0.726111	0.718331	0.731834	
3500.000000	0.755656	0.670756	0.701650	0.727369	0.828661	0.699744	0.730639	0.714510	0.731834	
3510.000000	0.763418	0.667969	0.700304	0.721413	0.825730	0.685194	0.727338	0.710858	0.731834	
3520.000000	0.756876	0.669795	0.703891	0.717790	0.822125	0.697110	0.727931	0.710841	0.731834	
3530.000000	0.752352	0.677128	0.693608	0.724077	0.813168	0.686506	0.724473	0.708842	0.731834	
3540.000000	0.760437	0.668611	0.697220	0.722391	0.822434	0.697317	0.728068	0.709854	0.731834	
3550.000000	0.764942	0.665989	0.698539	0.727251	0.820201	0.679332	0.726042	0.712895	0.731834	
3560.000000	0.761585	0.665437	0.704098	0.727066	0.825604	0.694793	0.729764	0.715582	0.731834	
3570.000000	0.760403	0.653443	0.705841	0.730311	0.817389	0.691616	0.726500	0.718076	0.731834	
3580.000000	0.767067	0.667855	0.702484	0.727482	0.824875	0.698937	0.731450	0.714983	0.731834	
3590.000000	0.757670	0.654007	0.704785	0.727832	0.821081	0.690653	0.726004	0.716308	0.731834	
3600.000000	0.763465	0.658854	0.697438	0.723575	0.824485	0.695611	0.727238	0.710507	0.731834	
3610.000000	0.753842	0.655395	0.704634	0.730448	0.823220	0.691625	0.726527	0.717541	0.731834	
3620.000000	0.747441	0.653895	0.703574	0.727429	0.817263	0.691927	0.723588	0.715502	0.731834	
3630.000000	0.761009	0.660534	0.709814	0.729449	0.828875	0.688474	0.729693	0.719631	0.731834	
3640.000000	0.754241	0.672606	0.709142	0.723006	0.816892	0.694784	0.728445	0.716074	0.731834	
3650.000000	0.729499	0.672095	0.710194	0.723647	0.821047	0.686685	0.723861	0.716921	0.731834	
3660.000000	0.746555	0.667601	0.706091	0.730341	0.827277	0.686691	0.727426	0.718216	0.731834	
3670.000000	0.748529	0.664278	0.710640	0.733945	0.824849	0.694480	0.729454	0.722293	0.731834	
3680.000000	0.760102	0.663218	0.708581	0.729844	0.818213	0.698371	0.729722	0.719213	0.731834	
3690.000000	0.756676	0.660311	0.704735	0.719972	0.821937	0.690776	0.725734	0.712353	0.731834	
3700.000000	0.758393	0.671190	0.707067	0.726439	0.833524	0.698148	0.732460	0.716753	0.732460	
3710.000000	0.748207	0.671295	0.704927	0.728137	0.828705	0.696188	0.729577	0.716532	0.732460	
3720.000000	0.750364	0.659827	0.705710	0.725743	0.816300	0.692253	0.725033	0.715726	0.732460	
3730.000000	0.753650	0.662896	0.689125	0.729159	0.817552	0.691149	0.723922	0.710154	0.732460	
3740.000000	0.748710	0.658681	0.702679	0.732042	0.830517	0.688607	0.726872	0.717360	0.732460	
3750.000000	0.763640	0.677016	0.707311	0.736996	0.839425	0.695004	0.736566	0.722154	0.736566	
3760.000000	0.766026	0.662883	0.713676	0.738176	0.844011	0.699828	0.737433	0.725926	0.737433	
3770.000000	0.767206	0.673954	0.713307	0.738271	0.833235	0.701523	0.737916	0.725789	0.737916	
3780.000000	0.751115	0.676031	0.706867	0.711982	0.823623	0.706308	0.729321	0.709424	0.737916	
3790.000000	0.768339	0.667532	0.714537	0.730665	0.812866	0.705847	0.733298	0.722601	0.737916	
3800.000000	0.762688	0.689082	0.710113	0.723942	0.824692	0.706750	0.736211	0.717027	0.737916	
3810.000000	0.752124	0.688949	0.714076	0.733913	0.828649	0.690529	0.734707	0.723994	0.737916	
3820.000000	0.750071	0.673570	0.712441	0.725340	0.816326	0.704167	0.730319	0.718891	0.737916	
3830.000000	0.756513	0.690120	0.713713	0.722338	0.822075	0.701625	0.734397	0.718025	0.737916	
3840.000000	0.762612	0.682998	0.715679	0.735148	0.825107	0.698080	0.736604	0.725413	0.737916	
3850.000000	0.751670	0.631338	0.703392	0.732384	0.816407	0.688179	0.720562	0.717888	0.737916	
3860.000000	0.753366	0.669528	0.700436	0.734172	0.820477	0.700894	0.729812	0.717533	0.737916	
3870.000000	0.747675	0.657360	0.703875	0.727827	0.800410	0.691129	0.721379	0.715851	0.737916	
3880.000000	0.762729	0.666193	0.710336	0.717392	0.823148	0.701411	0.730202	0.713864	0.737916	
3890.000000	0.761929	0.654968	0.707767	0.724813	0.820276	0.691180	0.726822	0.716290	0.737916	
3900.000000	0.746318	0.664315	0.699403	0.710645	0.805792	0.697877	0.720725	0.705024	0.737916	
3910.000000	0.756368	0.682130	0.710878	0.724805	0.815187	0.687815	0.729531	0.717841	0.737916	
3920.000000	0.756539	0.689501	0.701418	0.723326	0.837305	0.678869	0.731160	0.712372	0.737916	
3930.000000	0.757497	0.685165	0.688486	0.718151	0.832700	0.693860	0.729310	0.706006	0.737916	
3940.000000	0.748958	0.676905	0.708793	0.704055	0.817967	0.687209	0.723981	0.706424	0.737916	
3950.000000	0.766034	0.678002	0.701434	0.693655	0.819773	0.697130	0.726005	0.699282	0.737916	
3960.000000	0.766924	0.673545	0.699203	0.728326	0.830052	0.692793	0.731807	0.713764	0.737916	
3970.000000	0.762136	0.671822	0.693592	0.724704	0.828611	0.699601	0.730078	0.712153	0.737916	
3980.000000	0.751194	0.689426	0.695688	0.737343	0.815678	0.695474	0.730801	0.716516	0.737916	
3990.000000	0.752766	0.683940	0.698571	0.733221	0.820521	0.689623	0.729774	0.715896	0.737916	
4000.000000	0.765987	0.688583	0.698854	0.732032	0.813010	0.698618	0.732848	0.715443	0.737916	
4010.000000	0.760243	0.681610	0.707505	0.739895	0.770234	0.698029	0.726253	0.723700	0.737916	
4020.000000	0.757055	0.682707	0.708300	0.744049	0.828932	0.701585	0.737105	0.726175	0.737916	
4030.000000	0.721220	0.693232	0.703885	0.737394	0.824145	0.699879	0.729959	0.712553	0.737916	
4040.000000	0.759221	0.673998	0.705098	0.730772	0.825636	0.698179	0.732151	0.717935	0.737916	
4050.000000	0.768145	0.691887	0.702860	0.730453	0.824673	0.702258	0.736712	0.716656	0.737916	
4060.000000	0.753840	0.667675	0.707547	0.738424	0.836223	0.701984	0.734282	0.722985	0.737916	
4070.000000	0.761041	0.676527	0.711321	0.734447	0.829026	0.697048	0.734902	0.722884	0.737916	
4080.000000	0.764500	0.687877	0.704851	0.726252	0.827454	0.705276	0.736035	0.715764	0.737916	
4090.000000	0.764265	0.697974	0.707674	0.737163	0.828806	0.707474	0.740559	0.722418	0.740559	
4100.000000	0.764663	0.685781	0.704729	0.744510	0.819270	0.699637	0.736432	0.724619	0.740559	
4110.000000	0.759748	0.683903	0.717270	0.735336	0.836191	0.705503	0.739658	0.726303	0.740559	
4120.000000	0.764137	0.685819	0.708106	0.735514	0.828529	0.706715	0.738137	0.721810	0.740559	
4130.000000	0.758906	0.686550	0.711892	0.744045	0.831247	0.704544	0.739531	0.727968	0.740559	
4140.000000	0.762042	0.680605	0.709281	0.739148	0.823783	0.706166	0.736838	0.724214	0.740559	
4150.000000	0.762155	0.668828	0.711004	0.744098	0.829278	0.702634	0.736333	0.727551	0.740559	
4160.000000	0.768516	0.686060	0.709020	0.744470	0.829649	0.701182	0.739816	0.726745	0.740559	
4170.000000	0.749011	0.693282	0.701034	0.733844	0.816980	0.709312	0.733910	0.721578	0.740559	
4180.000000	0.752201	0.689073	0.702887	0.729166	0.806613	0.695560	0.729250	0.716026	0.740559	
4190.000000	0.753938	0.691441	0.706314	0.729712	0.812369	0.700269	0.732341	0.718013	0.740559	
4200.000000	0.759947	0.679434	0.690758	0.717161	0.807355	0.700895	0.725925	0.709028	0.740559	
4210.000000	0.749990	0.686860	0.697646	0.730909	0.805254	0.704297	0.729159	0.717603	0.740559	
4220.000000	0.758378	0.684498	0.703576	0.733932	0.813514	0.702875	0.732795	0.718754	0.740559	
4230.000000	0.757644	0.690003	0.712609	0.737228	0.832071	0.700432	0.738331	0.724919	0.740559	
4240.000000	0.752632	0.682905	0.714090	0.740799	0.829435	0.698329	0.736365	0.727444	0.740559	
4250.000000	0.760224	0.676409	0.704941	0.739536	0.827013	0.702125	0.735042	0.722239	0.740559	
4260.000000	0.762125	0.697150	0.703691	0.733807	0.833178	0.703913	0.738977	0.718860	0.740559	
4270.000000	0.713344	0.687071	0.701834	0.722406	0.821584	0.703128	0.724895	0.708236	0.740559	
4280.000000	0.756689	0.688788	0.696013	0.727832	0.807015	0.697948	0.729047	0.712890	0.740559	
4290.000000	0.757639	0.684498	0.710018	0.731059	0.828661	0.700617	0.735415	0.720538	0.740559	
4300.000000	0.770846	0.674977	0.709617	0.736890	0.837928	0.708151	0.739735	0.723254	0.740559	
4310.000000	0.754591	0.552416	0.704402	0.728093	0.816149	0.702119	0.709628	0.716248	0.740559	
4320.000000	0.770223	0.676254	0.706962	0.730591	0.815420	0.702531	0.733664	0.718777	0.740559	
4330.000000	0.764658	0.690437	0.700606	0.728551	0.825661	0.705647	0.735927	0.717099	0.740559	
4340.000000	0.766837	0.666634	0.709510	0.740543	0.839966	0.706534	0.738337	0.725026	0.740559	
4350.000000	0.772903	0.697230	0.709098	0.740154	0.841777	0.707752	0.744819	0.724626	0.744819	
4360.000000	0.768885	0.687065	0.709075	0.743760	0.812664	0.696365	0.736302	0.726417	0.744819	
4370.000000	0.747820	0.692860	0.702942	0.742327	0.820905	0.702628	0.734914	0.722635	0.744819	
4380.000000	0.747409	0.688292	0.703110	0.743590	0.835990	0.702421	0.736802	0.723350	0.744819	
4390.000000	0.754211	0.688713	0.712594	0.747586	0.839544	0.694142	0.739465	0.730090	0.744819	
4400.000000	0.756767	0.672938	0.708534	0.730688	0.816728	0.686936	0.728765	0.719611	0.744819	
4410.000000	0.755207	0.663751	0.706675	0.719409	0.839871	0.702970	0.731314	0.713042	0.744819	
4420.000000	0.741299	0.691304	0.714306	0.747198	0.840041	0.701545	0.739282	0.727802	0.744819	
4430.000000	0.759616	0.685831	0.706126	0.736858	0.844124	0.701041	0.738933	0.721492	0.744819	
4440.000000	0.748390	0.689600	0.708825	0.742227	0.832524	0.694425	0.735998	0.725526	0.744819	
4450.000000	0.746320	0.682168	0.712946	0.729689	0.807726	0.696518	0.729228	0.721318	0.744819	
4460.000000	0.763078	0.676521	0.701006	0.730670	0.828674	0.702873	0.733804	0.716771	0.744819	
4470.000000	0.767571	0.674506	0.700935	0.725808	0.823245	0.700531	0.732099	0.713371	0.744819	
4480.000000	0.770509	0.689209	0.709526	0.732625	0.828466	0.697033	0.737895	0.721075	0.744819	
4490.000000	0.766766	0.683389	0.684786	0.733113	0.823862	0.701975	0.732315	0.717544	0.744819	
4500.000000	0.757809	0.691664	0.711656	0.737753	0.828435	0.701991	0.738218	0.724705	0.744819	
4510.000000	0.763531	0.660044	0.711423	0.735636	0.832128	0.704200	0.734494	0.723529	0.744819	
4520.000000	0.782900	0.683537	0.708704	0.732183	0.820578	0.701786	0.738281	0.720443	0.744819	
4530.000000	0.764501	0.687914	0.705429	0.732419	0.821377	0.698951	0.735098	0.718924	0.744819	
4540.000000	0.750357	0.691614	0.703505	0.734760	0.817017	0.692022	0.731546	0.719132	0.744819	
4550.000000	0.761771	0.697392	0.711589	0.737966	0.825478	0.692304	0.737750	0.724777	0.744819	
4560.000000	0.770063	0.619189	0.704226	0.740459	0.834103	0.703909	0.728658	0.722343	0.744819	
4570.000000	0.777380	0.671673	0.700803	0.726189	0.818565	0.701823	0.732739	0.714006	0.744819	
4580.000000	0.774885	0.681498	0.717013	0.733087	0.836462	0.708424	0.741895	0.725050	0.744819	
4590.000000	0.762439	0.683593	0.714680	0.738449	0.787376	0.702352	0.731482	0.726565	0.744819	
4600.000000	0.761809	0.692439	0.709392	0.713902	0.837670	0.698878	0.735682	0.711647	0.744819	
4610.000000	0.764457	0.683494	0.711068	0.717686	0.825390	0.703746	0.734307	0.714377	0.744819	
4620.000000	0.773663	0.674890	0.713392	0.729592	0.815665	0.697474	0.734113	0.721492	0.744819	
4630.000000	0.766374	0.674475	0.715102	0.736774	0.817212	0.701475	0.735235	0.725938	0.744819	
4640.000000	0.755094	0.674277	0.708454	0.734651	0.842557	0.704438	0.736579	0.721553	0.744819	
4650.000000	0.765213	0.682446	0.713069	0.746631	0.840809	0.706085	0.742375	0.729850	0.744819	
4660.000000	0.767893	0.683280	0.720151	0.748831	0.844401	0.701841	0.744399	0.734491	0.744819	
4670.000000	0.760777	0.683742	0.710344	0.733152	0.842885	0.707188	0.739681	0.721748	0.744819	
4680.000000	0.763431	0.673080	0.713436	0.741410	0.837450	0.684795	0.735600	0.727423	0.744819	
4690.000000	0.764391	0.679025	0.709261	0.747133	0.838752	0.701526	0.740014	0.728197	0.744819	
4700.000000	0.762287	0.678857	0.718688	0.748824	0.840293	0.700029	0.741496	0.733756	0.744819	
4710.000000	0.758453	0.683048	0.718492	0.738426	0.843023	0.709455	0.741816	0.728459	0.744819	
4720.000000	0.767291	0.691887	0.711718	0.735317	0.827957	0.708399	0.740428	0.723517	0.744819	
4730.000000	0.760284	0.689866	0.722206	0.739236	0.834669	0.706166	0.742071	0.730721	0.744819	
4740.000000	0.759857	0.684139	0.713095	0.746268	0.816785	0.707883	0.738004	0.729681	0.744819	
4750.000000	0.766107	0.685310	0.718914	0.737246	0.832562	0.710514	0.741776	0.728080	0.744819	
4760.000000	0.766414	0.671766	0.722087	0.745842	0.833493	0.710095	0.741616	0.733964	0.744819	
4770.000000	0.762168	0.678368	0.718567	0.738690	0.824264	0.701166	0.737204	0.728628	0.744819	
4780.000000	0.765876	0.674506	0.719469	0.735144	0.816193	0.703062	0.735708	0.727306	0.744819	
4790.000000	0.758688	0.695538	0.712564	0.733279	0.818534	0.705225	0.737305	0.722922	0.744819	
4800.000000	0.765060	0.661166	0.714674	0.737326	0.825051	0.709841	0.735520	0.726000	0.744819	
4810.000000	0.758758	0.676583	0.709318	0.683653	0.826617	0.700417	0.725891	0.704867	0.744819	
4820.000000	0.742023	0.679849	0.712796	0.731917	0.811966	0.707762	0.731052	0.722356	0.744819	
4830.000000	0.758634	0.684833	0.720515	0.735974	0.805606	0.710877	0.736073	0.728245	0.744819	
4840.000000	0.755167	0.681796	0.724256	0.739541	0.826089	0.707875	0.739121	0.731899	0.744819	
4850.000000	0.776251	0.698377	0.723147	0.738775	0.834518	0.714070	0.747523	0.730961	0.747523	
4860.000000	0.765277	0.666162	0.727690	0.730300	0.821371	0.707288	0.736348	0.728995	0.747523	
4870.000000	0.766638	0.676192	0.717797	0.737593	0.804832	0.705397	0.734742	0.727695	0.747523	
4880.000000	0.765456	0.670564	0.716814	0.736663	0.841111	0.695342	0.737658	0.726739	0.747523	
4890.000000	0.758587	0.667377	0.720688	0.743464	0.822685	0.702268	0.735845	0.732076	0.747523	
4900.000000	0.762056	0.674115	0.718326	0.740785	0.826070	0.698940	0.736715	0.729556	0.747523	
4910.000000	0.755837	0.693214	0.721542	0.738713	0.822522	0.698080	0.738318	0.730127	0.747523	
4920.000000	0.751794	0.673241	0.712504	0.740108	0.819666	0.699343	0.732776	0.726306	0.747523	
4930.000000	0.762240	0.691487	0.710862	0.732000	0.811903	0.689832	0.733054	0.721431	0.747523	
4940.000000	0.725983	0.695092	0.718817	0.731306	0.786665	0.699288	0.726192	0.722400	0.747523	
4950.000000	0.766156	0.669256	0.716103	0.729902	0.814042	0.702828	0.733048	0.723002	0.747523	
4960.000000	0.769751	0.676675	0.716111	0.730390	0.815401	0.706409	0.735790	0.723250	0.747523	
4970.000000	0.774979	0.675392	0.709635	0.733436	0.827328	0.701914	0.737114	0.721536	0.747523	
4980.000000	0.776025	0.671286	0.708368	0.735750	0.823252	0.712052	0.737789	0.723901	0.747523	
4990.000000	0.770302	0.674140	0.715330	0.729365	0.825774	0.708016	0.737155	0.722348	0.747523	
5000.000000	0.775210	0.689556	0.706437	0.734098	0.823119	0.708192	0.739435	0.721145	0.747523	
