Epoch	AUC-9	AUC-10	AUC-11	AUC-Avg	AUC-Mid	AUC-Best	
1.000000	0.514572	0.568680	0.557098	0.546784	0.557098	0.546784	
10.000000	0.682882	0.675012	0.754605	0.704166	0.682882	0.704166	
20.000000	0.720852	0.745453	0.775088	0.747131	0.745453	0.747131	
30.000000	0.731887	0.741746	0.789626	0.754419	0.741746	0.754419	
40.000000	0.736958	0.777851	0.816647	0.777152	0.777851	0.777152	
50.000000	0.754069	0.807831	0.836117	0.799339	0.807831	0.799339	
60.000000	0.761371	0.806953	0.838982	0.802436	0.806953	0.802436	
70.000000	0.757815	0.820824	0.842130	0.806923	0.820824	0.806923	
80.000000	0.756164	0.831923	0.834647	0.807578	0.831923	0.807578	
90.000000	0.761703	0.822976	0.827455	0.804045	0.822976	0.807578	
100.000000	0.763997	0.829815	0.822907	0.805573	0.822907	0.807578	
110.000000	0.758507	0.816655	0.822985	0.799382	0.816655	0.807578	
120.000000	0.770007	0.831432	0.817735	0.806392	0.817735	0.807578	
130.000000	0.776794	0.828353	0.802097	0.802415	0.802097	0.807578	
140.000000	0.776252	0.837604	0.805279	0.806378	0.805279	0.807578	
150.000000	0.764127	0.830251	0.789011	0.794463	0.789011	0.807578	
160.000000	0.745919	0.829140	0.817142	0.797400	0.817142	0.807578	
170.000000	0.748231	0.824916	0.829319	0.800822	0.824916	0.807578	
180.000000	0.763110	0.839158	0.830085	0.810784	0.830085	0.810784	
190.000000	0.750591	0.821690	0.828288	0.800190	0.821690	0.810784	
200.000000	0.694127	0.819586	0.819278	0.777663	0.819278	0.810784	
210.000000	0.764228	0.839790	0.827864	0.810627	0.827864	0.810784	
220.000000	0.775558	0.844350	0.827764	0.815891	0.827764	0.815891	
230.000000	0.762321	0.838855	0.828638	0.809938	0.828638	0.815891	
240.000000	0.773049	0.841416	0.820256	0.811574	0.820256	0.815891	
250.000000	0.764557	0.825640	0.824154	0.804784	0.824154	0.815891	
260.000000	0.753863	0.821735	0.832057	0.802552	0.821735	0.815891	
270.000000	0.756796	0.778027	0.822211	0.785678	0.778027	0.815891	
280.000000	0.767257	0.824766	0.819511	0.803845	0.819511	0.815891	
290.000000	0.767884	0.854434	0.812440	0.811586	0.812440	0.815891	
300.000000	0.764319	0.851682	0.816578	0.810860	0.816578	0.815891	
310.000000	0.773585	0.846952	0.820540	0.813692	0.820540	0.815891	
320.000000	0.753305	0.825367	0.808175	0.795616	0.808175	0.815891	
330.000000	0.755248	0.844022	0.817616	0.805629	0.817616	0.815891	
340.000000	0.755418	0.836836	0.815430	0.802561	0.815430	0.815891	
350.000000	0.749585	0.832169	0.806013	0.795922	0.806013	0.815891	
360.000000	0.766328	0.839973	0.821403	0.809235	0.821403	0.815891	
370.000000	0.753935	0.847925	0.820925	0.807595	0.820925	0.815891	
380.000000	0.747136	0.825561	0.816709	0.796469	0.816709	0.815891	
390.000000	0.741372	0.846300	0.828716	0.805463	0.828716	0.815891	
400.000000	0.764235	0.841068	0.821488	0.808931	0.821488	0.815891	
410.000000	0.752654	0.829216	0.795860	0.792577	0.795860	0.815891	
420.000000	0.755978	0.844386	0.806437	0.802267	0.806437	0.815891	
430.000000	0.775950	0.829815	0.795634	0.800466	0.795634	0.815891	
440.000000	0.766336	0.840840	0.804913	0.804029	0.804913	0.815891	
450.000000	0.779563	0.838175	0.820029	0.812589	0.820029	0.815891	
460.000000	0.770138	0.825094	0.826916	0.807383	0.825094	0.815891	
470.000000	0.770041	0.835538	0.819178	0.808252	0.819178	0.815891	
480.000000	0.788152	0.843362	0.815242	0.815585	0.815242	0.815891	
490.000000	0.780895	0.847099	0.826650	0.818215	0.826650	0.818215	
500.000000	0.778040	0.835412	0.824170	0.812541	0.824170	0.818215	
510.000000	0.768792	0.834248	0.832918	0.811986	0.832918	0.818215	
520.000000	0.763429	0.837333	0.827649	0.809470	0.827649	0.818215	
530.000000	0.773285	0.832343	0.813802	0.806477	0.813802	0.818215	
540.000000	0.774306	0.841993	0.822781	0.813027	0.822781	0.818215	
550.000000	0.780387	0.842408	0.820426	0.814407	0.820426	0.818215	
560.000000	0.781102	0.858773	0.822732	0.820869	0.822732	0.820869	
570.000000	0.770786	0.841661	0.829338	0.813928	0.829338	0.820869	
580.000000	0.763276	0.852077	0.822944	0.812766	0.822944	0.820869	
590.000000	0.791157	0.859716	0.836116	0.828996	0.836116	0.828996	
600.000000	0.784647	0.858593	0.840796	0.828012	0.840796	0.828996	
610.000000	0.785397	0.853552	0.828954	0.822634	0.828954	0.828996	
620.000000	0.785982	0.848042	0.827051	0.820358	0.827051	0.828996	
630.000000	0.786859	0.830766	0.818467	0.812031	0.818467	0.828996	
640.000000	0.769869	0.845121	0.821949	0.812313	0.821949	0.828996	
650.000000	0.748553	0.811873	0.811746	0.790724	0.811746	0.828996	
660.000000	0.777429	0.826359	0.824988	0.809592	0.824988	0.828996	
670.000000	0.777180	0.840969	0.829456	0.815869	0.829456	0.828996	
680.000000	0.791001	0.851525	0.829615	0.824047	0.829615	0.828996	
690.000000	0.793223	0.847605	0.823737	0.821522	0.823737	0.828996	
700.000000	0.797596	0.864981	0.812882	0.825153	0.812882	0.828996	
710.000000	0.765158	0.854109	0.815598	0.811622	0.815598	0.828996	
720.000000	0.753014	0.850618	0.819187	0.807607	0.819187	0.828996	
730.000000	0.783493	0.850934	0.818828	0.817752	0.818828	0.828996	
740.000000	0.764104	0.833727	0.827102	0.808311	0.827102	0.828996	
750.000000	0.765711	0.814216	0.824343	0.801423	0.814216	0.828996	
760.000000	0.769994	0.827160	0.808005	0.801720	0.808005	0.828996	
770.000000	0.747707	0.819298	0.834055	0.800353	0.819298	0.828996	
780.000000	0.780271	0.858454	0.832045	0.823590	0.832045	0.828996	
790.000000	0.787173	0.833866	0.818981	0.813340	0.818981	0.828996	
800.000000	0.777525	0.842975	0.811563	0.810687	0.811563	0.828996	
810.000000	0.758228	0.853664	0.825245	0.812379	0.825245	0.828996	
820.000000	0.783247	0.848632	0.836362	0.822747	0.836362	0.828996	
830.000000	0.768449	0.841649	0.840268	0.816789	0.840268	0.828996	
840.000000	0.749380	0.811158	0.830565	0.797034	0.811158	0.828996	
850.000000	0.763075	0.804978	0.839724	0.802592	0.804978	0.828996	
860.000000	0.752295	0.821908	0.837381	0.803862	0.821908	0.828996	
870.000000	0.757857	0.829371	0.837010	0.808079	0.829371	0.828996	
880.000000	0.755891	0.825928	0.835166	0.805662	0.825928	0.828996	
890.000000	0.770110	0.856283	0.838224	0.821539	0.838224	0.828996	
900.000000	0.771012	0.839584	0.817919	0.809505	0.817919	0.828996	
910.000000	0.764035	0.855452	0.816543	0.812010	0.816543	0.828996	
920.000000	0.773079	0.863429	0.816472	0.817660	0.816472	0.828996	
930.000000	0.753123	0.829595	0.820162	0.800960	0.820162	0.828996	
940.000000	0.739593	0.822042	0.822892	0.794843	0.822042	0.828996	
950.000000	0.743636	0.810752	0.828277	0.794222	0.810752	0.828996	
960.000000	0.774191	0.833763	0.829210	0.812388	0.829210	0.828996	
970.000000	0.783269	0.860525	0.832572	0.825456	0.832572	0.828996	
980.000000	0.782477	0.830197	0.831614	0.814763	0.830197	0.828996	
990.000000	0.762115	0.839688	0.825439	0.809081	0.825439	0.828996	
1000.000000	0.751788	0.832194	0.822036	0.802006	0.822036	0.828996	
1010.000000	0.750628	0.827092	0.829234	0.802318	0.827092	0.828996	
1020.000000	0.764170	0.838809	0.825997	0.809659	0.825997	0.828996	
1030.000000	0.745309	0.835990	0.837705	0.806335	0.835990	0.828996	
1040.000000	0.750243	0.847033	0.830423	0.809233	0.830423	0.828996	
1050.000000	0.755979	0.824207	0.815869	0.798685	0.815869	0.828996	
1060.000000	0.750443	0.815662	0.813674	0.793260	0.813674	0.828996	
1070.000000	0.748689	0.825163	0.810142	0.794664	0.810142	0.828996	
1080.000000	0.743198	0.838675	0.822385	0.801420	0.822385	0.828996	
1090.000000	0.768105	0.821171	0.828453	0.805909	0.821171	0.828996	
1100.000000	0.752823	0.862466	0.824771	0.813353	0.824771	0.828996	
1110.000000	0.762378	0.848538	0.834793	0.815236	0.834793	0.828996	
1120.000000	0.761919	0.843392	0.828987	0.811433	0.828987	0.828996	
1130.000000	0.764905	0.816287	0.811315	0.797502	0.811315	0.828996	
1140.000000	0.760270	0.852824	0.829400	0.814165	0.829400	0.828996	
1150.000000	0.769184	0.836787	0.830604	0.812192	0.830604	0.828996	
1160.000000	0.759484	0.812656	0.833551	0.801897	0.812656	0.828996	
1170.000000	0.764258	0.847188	0.828331	0.813259	0.828331	0.828996	
1180.000000	0.773935	0.852814	0.829846	0.818865	0.829846	0.828996	
1190.000000	0.777180	0.854126	0.825255	0.818853	0.825255	0.828996	
1200.000000	0.786311	0.863404	0.830145	0.826620	0.830145	0.828996	
1210.000000	0.783505	0.843315	0.839420	0.822080	0.839420	0.828996	
1220.000000	0.777933	0.850098	0.826931	0.818321	0.826931	0.828996	
1230.000000	0.755461	0.826553	0.822889	0.801634	0.822889	0.828996	
1240.000000	0.743418	0.802658	0.811926	0.786000	0.802658	0.828996	
1250.000000	0.767666	0.753515	0.825750	0.782310	0.767666	0.828996	
1260.000000	0.783498	0.846331	0.836493	0.822107	0.836493	0.828996	
1270.000000	0.774496	0.843805	0.831334	0.816545	0.831334	0.828996	
1280.000000	0.777144	0.831416	0.831382	0.813314	0.831382	0.828996	
1290.000000	0.789936	0.839846	0.833868	0.821217	0.833868	0.828996	
1300.000000	0.773368	0.838570	0.829134	0.813691	0.829134	0.828996	
1310.000000	0.774786	0.842644	0.834586	0.817339	0.834586	0.828996	
1320.000000	0.771812	0.853236	0.822878	0.815975	0.822878	0.828996	
1330.000000	0.783807	0.848231	0.835153	0.822397	0.835153	0.828996	
1340.000000	0.766176	0.865218	0.825391	0.818928	0.825391	0.828996	
1350.000000	0.645236	0.863958	0.824191	0.777795	0.824191	0.828996	
1360.000000	0.795704	0.845751	0.834994	0.825483	0.834994	0.828996	
1370.000000	0.780725	0.842748	0.826835	0.816769	0.826835	0.828996	
1380.000000	0.776268	0.860032	0.836962	0.824420	0.836962	0.828996	
1390.000000	0.783230	0.858891	0.830136	0.824086	0.830136	0.828996	
1400.000000	0.779797	0.858504	0.833231	0.823844	0.833231	0.828996	
1410.000000	0.769811	0.853682	0.834696	0.819396	0.834696	0.828996	
1420.000000	0.766604	0.849310	0.829941	0.815285	0.829941	0.828996	
1430.000000	0.776951	0.861112	0.833022	0.823695	0.833022	0.828996	
1440.000000	0.783486	0.846940	0.834002	0.821476	0.834002	0.828996	
1450.000000	0.776181	0.841357	0.829487	0.815675	0.829487	0.828996	
1460.000000	0.759139	0.833931	0.820311	0.804460	0.820311	0.828996	
1470.000000	0.738351	0.836608	0.826921	0.800626	0.826921	0.828996	
1480.000000	0.771131	0.853219	0.830321	0.818224	0.830321	0.828996	
1490.000000	0.781496	0.819072	0.831205	0.810591	0.819072	0.828996	
1500.000000	0.768291	0.833723	0.823685	0.808566	0.823685	0.828996	
1510.000000	0.767435	0.842902	0.829614	0.813317	0.829614	0.828996	
1520.000000	0.766265	0.771234	0.823216	0.786905	0.771234	0.828996	
1530.000000	0.774864	0.815035	0.825823	0.805241	0.815035	0.828996	
1540.000000	0.789638	0.860106	0.820004	0.823250	0.820004	0.828996	
1550.000000	0.774741	0.853782	0.824648	0.817724	0.824648	0.828996	
1560.000000	0.771412	0.832995	0.827148	0.810518	0.827148	0.828996	
1570.000000	0.748600	0.824721	0.829173	0.800831	0.824721	0.828996	
1580.000000	0.752185	0.802593	0.826940	0.793906	0.802593	0.828996	
1590.000000	0.738081	0.845610	0.831583	0.805091	0.831583	0.828996	
1600.000000	0.777529	0.859470	0.826548	0.821182	0.826548	0.828996	
1610.000000	0.767177	0.867330	0.817929	0.817478	0.817929	0.828996	
1620.000000	0.755696	0.859959	0.810185	0.808613	0.810185	0.828996	
1630.000000	0.767922	0.817256	0.829284	0.804821	0.817256	0.828996	
1640.000000	0.757256	0.825035	0.826789	0.803027	0.825035	0.828996	
1650.000000	0.765012	0.826834	0.806213	0.799353	0.806213	0.828996	
1660.000000	0.762871	0.841028	0.827632	0.810510	0.827632	0.828996	
1670.000000	0.774642	0.828624	0.793521	0.798929	0.793521	0.828996	
1680.000000	0.772875	0.838278	0.827549	0.812901	0.827549	0.828996	
1690.000000	0.774081	0.848909	0.830862	0.817951	0.830862	0.828996	
1700.000000	0.756896	0.845963	0.833082	0.811980	0.833082	0.828996	
1710.000000	0.763819	0.859488	0.832488	0.818598	0.832488	0.828996	
1720.000000	0.775135	0.851638	0.828670	0.818481	0.828670	0.828996	
1730.000000	0.762185	0.830820	0.827665	0.806890	0.827665	0.828996	
1740.000000	0.744110	0.841119	0.828664	0.804631	0.828664	0.828996	
1750.000000	0.759874	0.845822	0.831889	0.812528	0.831889	0.828996	
1760.000000	0.775739	0.850935	0.823709	0.816794	0.823709	0.828996	
1770.000000	0.781402	0.857946	0.819465	0.819604	0.819465	0.828996	
1780.000000	0.771516	0.826448	0.827821	0.808595	0.826448	0.828996	
1790.000000	0.778174	0.856094	0.815744	0.816670	0.815744	0.828996	
1800.000000	0.758189	0.833355	0.816881	0.802808	0.816881	0.828996	
1810.000000	0.761938	0.842042	0.826421	0.810133	0.826421	0.828996	
1820.000000	0.733866	0.795841	0.817722	0.782476	0.795841	0.828996	
1830.000000	0.761974	0.813793	0.820851	0.798873	0.813793	0.828996	
1840.000000	0.751219	0.846882	0.827504	0.808535	0.827504	0.828996	
1850.000000	0.759950	0.838460	0.827551	0.808654	0.827551	0.828996	
1860.000000	0.767724	0.857463	0.835762	0.820316	0.835762	0.828996	
1870.000000	0.755278	0.856761	0.827553	0.813197	0.827553	0.828996	
1880.000000	0.758709	0.839229	0.840912	0.812950	0.839229	0.828996	
1890.000000	0.767485	0.850203	0.830290	0.815992	0.830290	0.828996	
1900.000000	0.767751	0.845863	0.823489	0.812367	0.823489	0.828996	
1910.000000	0.765073	0.818940	0.827761	0.803925	0.818940	0.828996	
1920.000000	0.782607	0.846212	0.830199	0.819672	0.830199	0.828996	
1930.000000	0.785239	0.847187	0.823658	0.818695	0.823658	0.828996	
1940.000000	0.782567	0.837715	0.830447	0.816909	0.830447	0.828996	
1950.000000	0.778184	0.843311	0.828525	0.816673	0.828525	0.828996	
1960.000000	0.782218	0.850689	0.826428	0.819778	0.826428	0.828996	
1970.000000	0.771561	0.845921	0.831281	0.816254	0.831281	0.828996	
1980.000000	0.769318	0.831152	0.815898	0.805456	0.815898	0.828996	
1990.000000	0.773578	0.858936	0.829695	0.820736	0.829695	0.828996	
2000.000000	0.780185	0.852204	0.831555	0.821315	0.831555	0.828996	
2010.000000	0.776852	0.847014	0.836832	0.820233	0.836832	0.828996	
2020.000000	0.772660	0.858343	0.830605	0.820536	0.830605	0.828996	
2030.000000	0.780023	0.862968	0.832925	0.825305	0.832925	0.828996	
2040.000000	0.779314	0.863515	0.784924	0.809251	0.784924	0.828996	
2050.000000	0.782741	0.863982	0.836982	0.827902	0.836982	0.828996	
2060.000000	0.634099	0.853782	0.829461	0.772447	0.829461	0.828996	
2070.000000	0.722120	0.857668	0.833760	0.804516	0.833760	0.828996	
2080.000000	0.781953	0.847752	0.834045	0.821250	0.834045	0.828996	
2090.000000	0.768568	0.844976	0.831431	0.814991	0.831431	0.828996	
2100.000000	0.751240	0.849499	0.828947	0.809895	0.828947	0.828996	
2110.000000	0.770808	0.834348	0.840535	0.815231	0.834348	0.828996	
2120.000000	0.762073	0.830263	0.836379	0.809572	0.830263	0.828996	
2130.000000	0.778082	0.833397	0.839236	0.816905	0.833397	0.828996	
2140.000000	0.790935	0.847803	0.837414	0.825384	0.837414	0.828996	
2150.000000	0.787725	0.858486	0.814545	0.820252	0.814545	0.828996	
2160.000000	0.761531	0.861819	0.694242	0.772530	0.761531	0.828996	
2170.000000	0.792470	0.857486	0.843190	0.831048	0.843190	0.831048	
2180.000000	0.791311	0.860066	0.832637	0.828004	0.832637	0.831048	
2190.000000	0.781046	0.856664	0.832606	0.823439	0.832606	0.831048	
2200.000000	0.786808	0.859197	0.816683	0.820896	0.816683	0.831048	
2210.000000	0.773568	0.851526	0.837423	0.820839	0.837423	0.831048	
2220.000000	0.779110	0.849448	0.837383	0.821980	0.837383	0.831048	
2230.000000	0.781489	0.846951	0.778495	0.802312	0.781489	0.831048	
2240.000000	0.734068	0.851440	0.835242	0.806916	0.835242	0.831048	
2250.000000	0.789688	0.860811	0.825586	0.825362	0.825586	0.831048	
2260.000000	0.786257	0.855200	0.820293	0.820584	0.820293	0.831048	
2270.000000	0.782948	0.849461	0.827634	0.820014	0.827634	0.831048	
2280.000000	0.780767	0.853268	0.832259	0.822098	0.832259	0.831048	
2290.000000	0.784140	0.829805	0.826712	0.813552	0.826712	0.831048	
2300.000000	0.781072	0.856467	0.839289	0.825609	0.839289	0.831048	
2310.000000	0.782567	0.851629	0.836094	0.823430	0.836094	0.831048	
2320.000000	0.783607	0.859197	0.829954	0.824253	0.829954	0.831048	
2330.000000	0.765372	0.859254	0.829635	0.818087	0.829635	0.831048	
2340.000000	0.785890	0.860682	0.822488	0.823020	0.822488	0.831048	
2350.000000	0.786903	0.855252	0.816434	0.819530	0.816434	0.831048	
2360.000000	0.792139	0.862246	0.824676	0.826354	0.824676	0.831048	
2370.000000	0.791949	0.847538	0.834064	0.824517	0.834064	0.831048	
2380.000000	0.781668	0.840884	0.839310	0.820621	0.839310	0.831048	
2390.000000	0.777014	0.835387	0.841431	0.817944	0.835387	0.831048	
2400.000000	0.781882	0.854599	0.827870	0.821451	0.827870	0.831048	
2410.000000	0.786075	0.854419	0.833688	0.824728	0.833688	0.831048	
2420.000000	0.790171	0.864714	0.827627	0.827504	0.827627	0.831048	
2430.000000	0.789621	0.862341	0.818782	0.823581	0.818782	0.831048	
2440.000000	0.781881	0.859840	0.840796	0.827506	0.840796	0.831048	
2450.000000	0.783144	0.850110	0.832848	0.822034	0.832848	0.831048	
2460.000000	0.770548	0.847419	0.833353	0.817107	0.833353	0.831048	
2470.000000	0.780864	0.853091	0.828428	0.820794	0.828428	0.831048	
2480.000000	0.789184	0.847623	0.827402	0.821403	0.827402	0.831048	
2490.000000	0.779679	0.838362	0.827562	0.815201	0.827562	0.831048	
2500.000000	0.788054	0.824563	0.834919	0.815845	0.824563	0.831048	
2510.000000	0.774146	0.847945	0.826365	0.816152	0.826365	0.831048	
2520.000000	0.776425	0.849820	0.837993	0.821413	0.837993	0.831048	
2530.000000	0.786410	0.851124	0.834737	0.824091	0.834737	0.831048	
2540.000000	0.774149	0.845960	0.835169	0.818426	0.835169	0.831048	
2550.000000	0.789024	0.841656	0.839812	0.823497	0.839812	0.831048	
2560.000000	0.781460	0.848056	0.840552	0.823356	0.840552	0.831048	
2570.000000	0.786341	0.850615	0.834521	0.823826	0.834521	0.831048	
2580.000000	0.782186	0.842456	0.839646	0.821429	0.839646	0.831048	
2590.000000	0.785776	0.848934	0.832279	0.822330	0.832279	0.831048	
2600.000000	0.778928	0.832693	0.843057	0.818226	0.832693	0.831048	
2610.000000	0.778297	0.839838	0.834070	0.817402	0.834070	0.831048	
2620.000000	0.769686	0.833041	0.830186	0.810971	0.830186	0.831048	
2630.000000	0.769148	0.843500	0.837346	0.816665	0.837346	0.831048	
2640.000000	0.774200	0.838171	0.833246	0.815206	0.833246	0.831048	
2650.000000	0.778082	0.834264	0.826356	0.812901	0.826356	0.831048	
2660.000000	0.771417	0.847236	0.832932	0.817195	0.832932	0.831048	
2670.000000	0.796238	0.846116	0.831971	0.824775	0.831971	0.831048	
2680.000000	0.789459	0.849827	0.834099	0.824462	0.834099	0.831048	
2690.000000	0.790075	0.852730	0.840397	0.827734	0.840397	0.831048	
2700.000000	0.780816	0.845594	0.835084	0.820498	0.835084	0.831048	
2710.000000	0.785357	0.851260	0.833356	0.823324	0.833356	0.831048	
2720.000000	0.779334	0.841490	0.809418	0.810081	0.809418	0.831048	
2730.000000	0.773957	0.844566	0.812832	0.810452	0.812832	0.831048	
2740.000000	0.757979	0.860232	0.821433	0.813215	0.821433	0.831048	
2750.000000	0.782897	0.861580	0.822390	0.822289	0.822390	0.831048	
2760.000000	0.774344	0.851066	0.833977	0.819796	0.833977	0.831048	
2770.000000	0.768590	0.834681	0.830701	0.811324	0.830701	0.831048	
2780.000000	0.786350	0.852617	0.834778	0.824582	0.834778	0.831048	
2790.000000	0.781871	0.860112	0.829751	0.823912	0.829751	0.831048	
2800.000000	0.793512	0.853356	0.832001	0.826290	0.832001	0.831048	
2810.000000	0.777630	0.736456	0.834062	0.782716	0.777630	0.831048	
2820.000000	0.752991	0.845978	0.831440	0.810136	0.831440	0.831048	
2830.000000	0.785317	0.833195	0.839500	0.819337	0.833195	0.831048	
2840.000000	0.785779	0.850818	0.835443	0.824013	0.835443	0.831048	
2850.000000	0.761176	0.851454	0.825497	0.812709	0.825497	0.831048	
2860.000000	0.767142	0.853352	0.835552	0.818682	0.835552	0.831048	
2870.000000	0.762251	0.851885	0.835060	0.816399	0.835060	0.831048	
2880.000000	0.776601	0.845321	0.823265	0.815062	0.823265	0.831048	
2890.000000	0.774164	0.842424	0.830756	0.815781	0.830756	0.831048	
2900.000000	0.782278	0.854294	0.835630	0.824067	0.835630	0.831048	
2910.000000	0.778832	0.850620	0.826078	0.818510	0.826078	0.831048	
2920.000000	0.777473	0.837524	0.826229	0.813742	0.826229	0.831048	
2930.000000	0.753963	0.840206	0.830331	0.808167	0.830331	0.831048	
2940.000000	0.780484	0.843649	0.829246	0.817793	0.829246	0.831048	
2950.000000	0.790548	0.862061	0.822968	0.825193	0.822968	0.831048	
2960.000000	0.789528	0.862660	0.819851	0.824013	0.819851	0.831048	
2970.000000	0.775332	0.853518	0.832771	0.820540	0.832771	0.831048	
2980.000000	0.763098	0.861721	0.826769	0.817196	0.826769	0.831048	
2990.000000	0.772837	0.853106	0.827081	0.817675	0.827081	0.831048	
3000.000000	0.753511	0.837514	0.821347	0.804124	0.821347	0.831048	
3010.000000	0.773762	0.838115	0.824126	0.812001	0.824126	0.831048	
3020.000000	0.771114	0.851770	0.827885	0.816923	0.827885	0.831048	
3030.000000	0.771558	0.850909	0.827058	0.816508	0.827058	0.831048	
3040.000000	0.779964	0.849247	0.821541	0.816917	0.821541	0.831048	
3050.000000	0.787098	0.860105	0.817931	0.821711	0.817931	0.831048	
3060.000000	0.777146	0.855680	0.827799	0.820208	0.827799	0.831048	
3070.000000	0.784427	0.850874	0.830480	0.821927	0.830480	0.831048	
3080.000000	0.778867	0.846395	0.824454	0.816572	0.824454	0.831048	
3090.000000	0.777558	0.836988	0.838636	0.817727	0.836988	0.831048	
3100.000000	0.777857	0.852527	0.826643	0.819009	0.826643	0.831048	
3110.000000	0.766730	0.843645	0.828079	0.812818	0.828079	0.831048	
3120.000000	0.758237	0.832988	0.825147	0.805457	0.825147	0.831048	
3130.000000	0.770657	0.807461	0.827486	0.801868	0.807461	0.831048	
3140.000000	0.766752	0.834132	0.823821	0.808235	0.823821	0.831048	
3150.000000	0.783172	0.852239	0.811735	0.815716	0.811735	0.831048	
3160.000000	0.787408	0.846415	0.815034	0.816286	0.815034	0.831048	
3170.000000	0.788270	0.842793	0.823605	0.818223	0.823605	0.831048	
3180.000000	0.776630	0.835208	0.820180	0.810673	0.820180	0.831048	
3190.000000	0.757847	0.805859	0.826286	0.796664	0.805859	0.831048	
3200.000000	0.774860	0.828432	0.830960	0.811417	0.828432	0.831048	
3210.000000	0.772405	0.805290	0.819819	0.799171	0.805290	0.831048	
3220.000000	0.758715	0.833098	0.830136	0.807317	0.830136	0.831048	
3230.000000	0.785221	0.842376	0.830496	0.819364	0.830496	0.831048	
3240.000000	0.776347	0.846192	0.832567	0.818369	0.832567	0.831048	
3250.000000	0.782341	0.848266	0.831770	0.820792	0.831770	0.831048	
3260.000000	0.780859	0.851374	0.831275	0.821169	0.831275	0.831048	
3270.000000	0.765416	0.858109	0.821039	0.814855	0.821039	0.831048	
3280.000000	0.796595	0.862645	0.810148	0.823129	0.810148	0.831048	
3290.000000	0.796645	0.845604	0.830296	0.824182	0.830296	0.831048	
3300.000000	0.784735	0.820355	0.829218	0.811436	0.820355	0.831048	
3310.000000	0.788814	0.807469	0.830986	0.809090	0.807469	0.831048	
3320.000000	0.785447	0.843265	0.827189	0.818633	0.827189	0.831048	
3330.000000	0.794295	0.845143	0.828741	0.822726	0.828741	0.831048	
3340.000000	0.792039	0.841456	0.832375	0.821956	0.832375	0.831048	
3350.000000	0.778743	0.823012	0.833253	0.811669	0.823012	0.831048	
3360.000000	0.774807	0.835712	0.834402	0.814974	0.834402	0.831048	
3370.000000	0.769186	0.784164	0.830612	0.794654	0.784164	0.831048	
3380.000000	0.801513	0.858247	0.831866	0.830542	0.831866	0.831048	
3390.000000	0.801629	0.855019	0.832000	0.829550	0.832000	0.831048	
3400.000000	0.776489	0.855493	0.834457	0.822146	0.834457	0.831048	
3410.000000	0.789207	0.847032	0.840746	0.825661	0.840746	0.831048	
3420.000000	0.784142	0.843434	0.845398	0.824325	0.843434	0.831048	
3430.000000	0.794489	0.840038	0.838425	0.824318	0.838425	0.831048	
3440.000000	0.787828	0.853354	0.839083	0.826755	0.839083	0.831048	
3450.000000	0.779159	0.841102	0.837369	0.819210	0.837369	0.831048	
3460.000000	0.792755	0.834710	0.824890	0.817452	0.824890	0.831048	
3470.000000	0.788673	0.826187	0.836794	0.817218	0.826187	0.831048	
3480.000000	0.795364	0.851595	0.838256	0.828405	0.838256	0.831048	
3490.000000	0.778276	0.835935	0.837156	0.817122	0.835935	0.831048	
3500.000000	0.778000	0.829629	0.835389	0.814339	0.829629	0.831048	
3510.000000	0.777378	0.834135	0.804677	0.805397	0.804677	0.831048	
3520.000000	0.775996	0.733656	0.825817	0.778490	0.775996	0.831048	
3530.000000	0.756524	0.831297	0.833324	0.807048	0.831297	0.831048	
3540.000000	0.770442	0.844757	0.835490	0.816897	0.835490	0.831048	
3550.000000	0.790668	0.841157	0.833846	0.821890	0.833846	0.831048	
3560.000000	0.757490	0.845838	0.833304	0.812211	0.833304	0.831048	
3570.000000	0.762995	0.855557	0.827180	0.815244	0.827180	0.831048	
3580.000000	0.753640	0.847464	0.842121	0.814408	0.842121	0.831048	
3590.000000	0.765401	0.835427	0.801267	0.800698	0.801267	0.831048	
3600.000000	0.777499	0.826542	0.836558	0.813533	0.826542	0.831048	
3610.000000	0.773039	0.851949	0.843686	0.822892	0.843686	0.831048	
3620.000000	0.771299	0.838921	0.839653	0.816624	0.838921	0.831048	
3630.000000	0.764737	0.857969	0.833038	0.818581	0.833038	0.831048	
3640.000000	0.799433	0.860661	0.825597	0.828564	0.825597	0.831048	
3650.000000	0.794223	0.848697	0.827987	0.823636	0.827987	0.831048	
3660.000000	0.780736	0.851858	0.839382	0.823992	0.839382	0.831048	
3670.000000	0.768849	0.832424	0.835420	0.812231	0.832424	0.831048	
3680.000000	0.777487	0.827424	0.831995	0.812302	0.827424	0.831048	
3690.000000	0.783262	0.848950	0.830022	0.820745	0.830022	0.831048	
3700.000000	0.771911	0.857076	0.836297	0.821761	0.836297	0.831048	
3710.000000	0.776012	0.792243	0.831184	0.799813	0.792243	0.831048	
3720.000000	0.783102	0.841713	0.823502	0.816106	0.823502	0.831048	
3730.000000	0.776213	0.836717	0.837606	0.816845	0.836717	0.831048	
3740.000000	0.781140	0.846102	0.837896	0.821713	0.837896	0.831048	
3750.000000	0.784136	0.840762	0.842935	0.822611	0.840762	0.831048	
3760.000000	0.774846	0.843971	0.839443	0.819420	0.839443	0.831048	
3770.000000	0.774027	0.849437	0.839648	0.821038	0.839648	0.831048	
3780.000000	0.787790	0.852630	0.838696	0.826372	0.838696	0.831048	
3790.000000	0.799134	0.865795	0.836852	0.833927	0.836852	0.833927	
3800.000000	0.782917	0.719218	0.841845	0.781327	0.782917	0.833927	
3810.000000	0.775497	0.833427	0.833146	0.814023	0.833146	0.833927	
3820.000000	0.773350	0.862137	0.840564	0.825351	0.840564	0.833927	
3830.000000	0.794392	0.844069	0.843858	0.827440	0.843858	0.833927	
3840.000000	0.772249	0.848065	0.840225	0.820180	0.840225	0.833927	
3850.000000	0.792415	0.862416	0.835185	0.830005	0.835185	0.833927	
3860.000000	0.787954	0.859545	0.831230	0.826243	0.831230	0.833927	
3870.000000	0.795425	0.859916	0.841570	0.832304	0.841570	0.833927	
3880.000000	0.774515	0.854843	0.836200	0.821853	0.836200	0.833927	
3890.000000	0.780731	0.858173	0.831587	0.823497	0.831587	0.833927	
3900.000000	0.799106	0.861996	0.833713	0.831605	0.833713	0.833927	
3910.000000	0.751095	0.858676	0.837707	0.815826	0.837707	0.833927	
3920.000000	0.788165	0.852206	0.845821	0.828731	0.845821	0.833927	
3930.000000	0.791699	0.834930	0.836012	0.820880	0.834930	0.833927	
3940.000000	0.751721	0.836257	0.819218	0.802399	0.819218	0.833927	
3950.000000	0.772803	0.836945	0.841558	0.817102	0.836945	0.833927	
3960.000000	0.779598	0.843552	0.843031	0.822060	0.843031	0.833927	
3970.000000	0.786902	0.852730	0.842141	0.827258	0.842141	0.833927	
3980.000000	0.777808	0.854569	0.832485	0.821620	0.832485	0.833927	
3990.000000	0.786378	0.853669	0.849640	0.829896	0.849640	0.833927	
4000.000000	0.780572	0.847133	0.852278	0.826661	0.847133	0.833927	
4010.000000	0.790581	0.842203	0.844302	0.825695	0.842203	0.833927	
4020.000000	0.797763	0.851224	0.841824	0.830271	0.841824	0.833927	
4030.000000	0.775219	0.855725	0.845170	0.825371	0.845170	0.833927	
4040.000000	0.793012	0.859728	0.833482	0.828741	0.833482	0.833927	
4050.000000	0.786671	0.849097	0.834924	0.823564	0.834924	0.833927	
4060.000000	0.790917	0.862049	0.835033	0.829333	0.835033	0.833927	
4070.000000	0.793603	0.846936	0.846288	0.828943	0.846288	0.833927	
4080.000000	0.793542	0.861536	0.843240	0.832773	0.843240	0.833927	
4090.000000	0.787845	0.854550	0.842896	0.828430	0.842896	0.833927	
4100.000000	0.794650	0.862146	0.835857	0.830885	0.835857	0.833927	
4110.000000	0.758694	0.849228	0.842054	0.816659	0.842054	0.833927	
4120.000000	0.765968	0.841829	0.842630	0.816809	0.841829	0.833927	
4130.000000	0.756372	0.843365	0.845497	0.815078	0.843365	0.833927	
4140.000000	0.789335	0.804632	0.842361	0.812109	0.804632	0.833927	
4150.000000	0.784910	0.852240	0.838099	0.825083	0.838099	0.833927	
4160.000000	0.757665	0.847170	0.832015	0.812283	0.832015	0.833927	
4170.000000	0.791527	0.849461	0.833632	0.824873	0.833632	0.833927	
4180.000000	0.769100	0.846490	0.837052	0.817547	0.837052	0.833927	
4190.000000	0.581145	0.849206	0.838643	0.756331	0.838643	0.833927	
4200.000000	0.780812	0.845307	0.837415	0.821178	0.837415	0.833927	
4210.000000	0.790954	0.830070	0.846381	0.822468	0.830070	0.833927	
4220.000000	0.782953	0.837382	0.842425	0.820920	0.837382	0.833927	
4230.000000	0.781723	0.836250	0.792162	0.803378	0.792162	0.833927	
4240.000000	0.799926	0.843299	0.836703	0.826643	0.836703	0.833927	
4250.000000	0.797483	0.847178	0.749581	0.798081	0.797483	0.833927	
4260.000000	0.797181	0.841723	0.834412	0.824439	0.834412	0.833927	
4270.000000	0.773519	0.842716	0.836498	0.817578	0.836498	0.833927	
4280.000000	0.766739	0.734073	0.832681	0.777831	0.766739	0.833927	
4290.000000	0.665018	0.803265	0.757989	0.742091	0.757989	0.833927	
4300.000000	0.789673	0.851009	0.831554	0.824079	0.831554	0.833927	
4310.000000	0.792794	0.854716	0.835920	0.827810	0.835920	0.833927	
4320.000000	0.772403	0.844338	0.835222	0.817321	0.835222	0.833927	
4330.000000	0.792923	0.851683	0.837293	0.827300	0.837293	0.833927	
4340.000000	0.791965	0.845283	0.838333	0.825194	0.838333	0.833927	
4350.000000	0.779248	0.847788	0.757816	0.794951	0.779248	0.833927	
4360.000000	0.793458	0.840730	0.828494	0.820894	0.828494	0.833927	
4370.000000	0.793989	0.834923	0.784805	0.804572	0.793989	0.833927	
4380.000000	0.788786	0.838869	0.839176	0.822277	0.838869	0.833927	
4390.000000	0.793854	0.841710	0.833169	0.822911	0.833169	0.833927	
4400.000000	0.779656	0.829230	0.835174	0.814687	0.829230	0.833927	
4410.000000	0.777744	0.838897	0.834623	0.817088	0.834623	0.833927	
4420.000000	0.797419	0.843708	0.838791	0.826639	0.838791	0.833927	
4430.000000	0.775072	0.846300	0.820998	0.814124	0.820998	0.833927	
4440.000000	0.807468	0.863352	0.830759	0.833860	0.830759	0.833927	
4450.000000	0.792552	0.848129	0.838081	0.826254	0.838081	0.833927	
4460.000000	0.787895	0.853848	0.835799	0.825847	0.835799	0.833927	
4470.000000	0.780875	0.834218	0.828357	0.814483	0.828357	0.833927	
4480.000000	0.788411	0.849883	0.720348	0.786214	0.788411	0.833927	
4490.000000	0.784767	0.864429	0.836785	0.828660	0.836785	0.833927	
4500.000000	0.796465	0.829919	0.824512	0.816965	0.824512	0.833927	
4510.000000	0.787983	0.857524	0.827180	0.824229	0.827180	0.833927	
4520.000000	0.695786	0.842553	0.820865	0.786401	0.820865	0.833927	
4530.000000	0.782013	0.866078	0.826994	0.825029	0.826994	0.833927	
4540.000000	0.787022	0.849746	0.840775	0.825848	0.840775	0.833927	
4550.000000	0.793955	0.846737	0.831547	0.824080	0.831547	0.833927	
4560.000000	0.798692	0.871294	0.822362	0.830783	0.822362	0.833927	
4570.000000	0.799858	0.866969	0.832818	0.833215	0.832818	0.833927	
4580.000000	0.785501	0.859109	0.841086	0.828565	0.841086	0.833927	
4590.000000	0.777158	0.861088	0.832850	0.823699	0.832850	0.833927	
4600.000000	0.788951	0.855459	0.833722	0.826044	0.833722	0.833927	
4610.000000	0.782420	0.789578	0.823911	0.798636	0.789578	0.833927	
4620.000000	0.784776	0.861216	0.838348	0.828113	0.838348	0.833927	
4630.000000	0.782598	0.852157	0.829817	0.821524	0.829817	0.833927	
4640.000000	0.781676	0.844827	0.800193	0.808898	0.800193	0.833927	
4650.000000	0.709290	0.864576	0.831132	0.801666	0.831132	0.833927	
4660.000000	0.780653	0.850412	0.830805	0.820624	0.830805	0.833927	
4670.000000	0.789549	0.851778	0.829499	0.823609	0.829499	0.833927	
4680.000000	0.802879	0.859608	0.844013	0.835500	0.844013	0.835500	
4690.000000	0.791084	0.856241	0.830953	0.826093	0.830953	0.835500	
4700.000000	0.788468	0.852188	0.844294	0.828317	0.844294	0.835500	
4710.000000	0.787795	0.853731	0.848683	0.830070	0.848683	0.835500	
4720.000000	0.771982	0.852255	0.827228	0.817155	0.827228	0.835500	
4730.000000	0.783517	0.842486	0.833872	0.819958	0.833872	0.835500	
4740.000000	0.760254	0.843834	0.831838	0.811975	0.831838	0.835500	
4750.000000	0.778633	0.854679	0.837103	0.823472	0.837103	0.835500	
4760.000000	0.793625	0.845820	0.837732	0.825726	0.837732	0.835500	
4770.000000	0.796242	0.853700	0.841496	0.830479	0.841496	0.835500	
4780.000000	0.637920	0.862247	0.833329	0.777832	0.833329	0.835500	
4790.000000	0.800899	0.856409	0.837835	0.831714	0.837835	0.835500	
4800.000000	0.792029	0.847515	0.838198	0.825914	0.838198	0.835500	
4810.000000	0.762470	0.776525	0.838714	0.792570	0.776525	0.835500	
4820.000000	0.781702	0.839888	0.838052	0.819881	0.838052	0.835500	
4830.000000	0.779151	0.843876	0.736593	0.786540	0.779151	0.835500	
4840.000000	0.788446	0.845864	0.840901	0.825070	0.840901	0.835500	
4850.000000	0.782558	0.833330	0.826170	0.814019	0.826170	0.835500	
4860.000000	0.794336	0.821089	0.847483	0.820969	0.821089	0.835500	
4870.000000	0.787200	0.846261	0.844045	0.825835	0.844045	0.835500	
4880.000000	0.781763	0.842618	0.840343	0.821574	0.840343	0.835500	
4890.000000	0.795215	0.852401	0.844881	0.830832	0.844881	0.835500	
4900.000000	0.807296	0.861977	0.839100	0.836124	0.839100	0.836124	
4910.000000	0.798846	0.852910	0.837206	0.829654	0.837206	0.836124	
4920.000000	0.786384	0.845867	0.831575	0.821276	0.831575	0.836124	
4930.000000	0.767563	0.820529	0.832529	0.806873	0.820529	0.836124	
4940.000000	0.776009	0.826024	0.831708	0.811247	0.826024	0.836124	
4950.000000	0.784443	0.859517	0.820951	0.821637	0.820951	0.836124	
4960.000000	0.779634	0.849783	0.827394	0.818937	0.827394	0.836124	
4970.000000	0.782013	0.842828	0.828328	0.817723	0.828328	0.836124	
4980.000000	0.782923	0.837247	0.836441	0.818870	0.836441	0.836124	
4990.000000	0.771729	0.775716	0.831605	0.793017	0.775716	0.836124	
5000.000000	0.788790	0.845118	0.837660	0.823856	0.837660	0.836124	
