Epoch	AUC-12	AUC-13	AUC-14	AUC-15	AUC-16	AUC-Avg	AUC-Mid	AUC-Best	
1.000000	0.459720	0.404943	0.481813	0.508459	0.483147	0.467617	0.481813	0.467617	
10.000000	0.547128	0.384134	0.555245	0.557658	0.570683	0.522969	0.555245	0.522969	
20.000000	0.535842	0.388750	0.584873	0.602984	0.640531	0.550596	0.584873	0.550596	
30.000000	0.493049	0.311360	0.505705	0.658353	0.542222	0.502137	0.505705	0.550596	
40.000000	0.544512	0.349744	0.482950	0.603796	0.598034	0.515807	0.544512	0.550596	
50.000000	0.591254	0.331381	0.509172	0.672949	0.616717	0.544295	0.591254	0.550596	
60.000000	0.583121	0.400712	0.527986	0.674696	0.604945	0.558292	0.583121	0.558292	
70.000000	0.647544	0.469795	0.632258	0.679729	0.612408	0.608347	0.632258	0.608347	
80.000000	0.648663	0.445161	0.626714	0.694944	0.595751	0.602246	0.626714	0.608347	
90.000000	0.641722	0.510206	0.638950	0.706152	0.562370	0.611880	0.638950	0.611880	
100.000000	0.657034	0.503346	0.608635	0.650887	0.569529	0.597886	0.608635	0.611880	
110.000000	0.691168	0.499603	0.679028	0.688818	0.544020	0.620527	0.679028	0.620527	
120.000000	0.687940	0.482113	0.619874	0.665513	0.536893	0.598467	0.619874	0.620527	
130.000000	0.684812	0.501825	0.646128	0.682086	0.588946	0.620759	0.646128	0.620759	
140.000000	0.641252	0.460000	0.618289	0.677317	0.582167	0.595805	0.618289	0.620759	
150.000000	0.664015	0.471899	0.635739	0.674827	0.557854	0.600867	0.635739	0.620759	
160.000000	0.620145	0.494316	0.633746	0.672680	0.563974	0.596972	0.620145	0.620759	
170.000000	0.658464	0.519140	0.646890	0.687432	0.585974	0.619580	0.646890	0.620759	
180.000000	0.651657	0.534553	0.642417	0.688331	0.592271	0.621846	0.642417	0.621846	
190.000000	0.615290	0.526835	0.629122	0.668378	0.558935	0.599712	0.615290	0.621846	
200.000000	0.619978	0.503742	0.617827	0.661114	0.578907	0.596314	0.617827	0.621846	
210.000000	0.621902	0.468836	0.598896	0.661712	0.585396	0.587348	0.598896	0.621846	
220.000000	0.659493	0.523513	0.628096	0.663242	0.588811	0.612631	0.628096	0.621846	
230.000000	0.645411	0.572458	0.653461	0.653228	0.566842	0.618280	0.645411	0.621846	
240.000000	0.695105	0.553723	0.650547	0.647966	0.558494	0.621167	0.647966	0.621846	
250.000000	0.689125	0.553829	0.641707	0.661945	0.580339	0.625389	0.641707	0.625389	
260.000000	0.707592	0.546803	0.672541	0.673393	0.567370	0.633540	0.672541	0.633540	
270.000000	0.656645	0.503014	0.654801	0.678366	0.579202	0.614405	0.654801	0.633540	
280.000000	0.695541	0.530868	0.677033	0.680236	0.535290	0.623793	0.677033	0.633540	
290.000000	0.747139	0.533452	0.689148	0.678571	0.602848	0.650232	0.678571	0.650232	
300.000000	0.663204	0.545946	0.672015	0.664554	0.598444	0.628833	0.663204	0.650232	
310.000000	0.662766	0.516034	0.667416	0.664176	0.547251	0.611529	0.662766	0.650232	
320.000000	0.666864	0.518990	0.700316	0.716492	0.601076	0.640748	0.666864	0.650232	
330.000000	0.689890	0.532285	0.647909	0.664999	0.545069	0.616030	0.647909	0.650232	
340.000000	0.676794	0.588751	0.752230	0.665733	0.574725	0.651646	0.665733	0.651646	
350.000000	0.726624	0.563060	0.739636	0.669098	0.580175	0.655719	0.669098	0.655719	
360.000000	0.697696	0.573318	0.727251	0.678494	0.569524	0.649257	0.678494	0.655719	
370.000000	0.680191	0.541887	0.690665	0.668486	0.576727	0.631591	0.668486	0.655719	
380.000000	0.710178	0.567109	0.708090	0.656466	0.580697	0.644508	0.656466	0.655719	
390.000000	0.619232	0.483898	0.647347	0.643795	0.574722	0.593799	0.619232	0.655719	
400.000000	0.663315	0.520983	0.679382	0.649237	0.593680	0.621320	0.649237	0.655719	
410.000000	0.683217	0.504942	0.667474	0.650330	0.569959	0.615185	0.650330	0.655719	
420.000000	0.690423	0.467519	0.655708	0.664999	0.577031	0.611136	0.655708	0.655719	
430.000000	0.689111	0.539091	0.647867	0.637024	0.573419	0.617303	0.637024	0.655719	
440.000000	0.599141	0.481171	0.657227	0.657481	0.589510	0.596906	0.599141	0.655719	
450.000000	0.690077	0.538873	0.633094	0.623842	0.572640	0.611705	0.623842	0.655719	
460.000000	0.723830	0.552328	0.636329	0.644763	0.576029	0.626656	0.636329	0.655719	
470.000000	0.714040	0.476870	0.661167	0.634549	0.570959	0.611517	0.634549	0.655719	
480.000000	0.765540	0.536408	0.668087	0.658050	0.532502	0.632117	0.658050	0.655719	
490.000000	0.718069	0.529254	0.625094	0.632948	0.516373	0.604347	0.625094	0.655719	
500.000000	0.603460	0.534105	0.554564	0.597245	0.465756	0.551026	0.554564	0.655719	
510.000000	0.531677	0.570089	0.535167	0.622260	0.495805	0.551000	0.535167	0.655719	
520.000000	0.697470	0.491348	0.625077	0.569142	0.527224	0.582052	0.569142	0.655719	
530.000000	0.713175	0.563756	0.661231	0.606373	0.555360	0.619979	0.606373	0.655719	
540.000000	0.766836	0.571681	0.672379	0.612145	0.529439	0.630496	0.612145	0.655719	
550.000000	0.787133	0.637846	0.730505	0.575784	0.524601	0.651174	0.637846	0.655719	
560.000000	0.778901	0.578834	0.705778	0.567333	0.518620	0.629893	0.578834	0.655719	
570.000000	0.773954	0.621991	0.713477	0.587261	0.548445	0.649025	0.621991	0.655719	
580.000000	0.760948	0.612699	0.558438	0.528988	0.537709	0.599756	0.558438	0.655719	
590.000000	0.794350	0.536010	0.710070	0.542359	0.575129	0.631583	0.575129	0.655719	
600.000000	0.787546	0.617288	0.674639	0.593660	0.571774	0.648981	0.617288	0.655719	
610.000000	0.795867	0.608917	0.758574	0.574062	0.555985	0.658681	0.608917	0.658681	
620.000000	0.749385	0.614305	0.695052	0.566177	0.586090	0.642202	0.614305	0.658681	
630.000000	0.763453	0.603737	0.696994	0.590127	0.559154	0.642693	0.603737	0.658681	
640.000000	0.797745	0.583183	0.558123	0.570060	0.536740	0.609170	0.570060	0.658681	
650.000000	0.770104	0.560932	0.700956	0.556057	0.553530	0.628316	0.560932	0.658681	
660.000000	0.766457	0.563779	0.711108	0.563653	0.577099	0.636419	0.577099	0.658681	
670.000000	0.768714	0.586156	0.674917	0.576457	0.565206	0.634290	0.586156	0.658681	
680.000000	0.745948	0.634384	0.727400	0.579626	0.575481	0.652568	0.634384	0.658681	
690.000000	0.757417	0.594024	0.697021	0.580037	0.568292	0.639358	0.594024	0.658681	
700.000000	0.789268	0.620018	0.692184	0.587675	0.589764	0.655782	0.620018	0.658681	
710.000000	0.772561	0.639573	0.702160	0.556798	0.587812	0.651781	0.639573	0.658681	
720.000000	0.773195	0.616591	0.731245	0.597345	0.578434	0.659362	0.616591	0.659362	
730.000000	0.811221	0.632827	0.754314	0.581004	0.592419	0.674357	0.632827	0.674357	
740.000000	0.810891	0.671312	0.763572	0.606135	0.590932	0.688568	0.671312	0.688568	
750.000000	0.827673	0.675911	0.737225	0.587353	0.586335	0.682899	0.675911	0.688568	
760.000000	0.786983	0.647280	0.731455	0.600465	0.571127	0.667462	0.647280	0.688568	
770.000000	0.825638	0.686597	0.763112	0.624930	0.607529	0.701561	0.686597	0.701561	
780.000000	0.768422	0.618301	0.703963	0.598006	0.589743	0.655687	0.618301	0.701561	
790.000000	0.774306	0.651428	0.705739	0.571012	0.529613	0.646420	0.651428	0.701561	
800.000000	0.801453	0.630060	0.737467	0.613865	0.619644	0.680498	0.630060	0.701561	
810.000000	0.795950	0.644865	0.711017	0.617421	0.544342	0.662719	0.644865	0.701561	
820.000000	0.798727	0.686308	0.599893	0.622796	0.580192	0.657583	0.622796	0.701561	
830.000000	0.800398	0.709473	0.709090	0.649787	0.567196	0.687189	0.709090	0.701561	
840.000000	0.759099	0.643787	0.675946	0.624370	0.587738	0.658188	0.643787	0.701561	
850.000000	0.771183	0.684149	0.701386	0.621474	0.588317	0.673302	0.684149	0.701561	
860.000000	0.769922	0.681286	0.694473	0.593573	0.565852	0.661021	0.681286	0.701561	
870.000000	0.795097	0.688746	0.721162	0.601213	0.569459	0.675135	0.688746	0.701561	
880.000000	0.784014	0.653148	0.691349	0.629769	0.549221	0.661500	0.653148	0.701561	
890.000000	0.780442	0.642596	0.674272	0.636046	0.547313	0.656134	0.642596	0.701561	
900.000000	0.780423	0.674659	0.706765	0.627238	0.525490	0.662915	0.674659	0.701561	
910.000000	0.774708	0.637360	0.624439	0.648067	0.506473	0.638209	0.637360	0.701561	
920.000000	0.755504	0.628065	0.661798	0.651619	0.485116	0.636420	0.651619	0.701561	
930.000000	0.771831	0.639134	0.628440	0.655749	0.452312	0.629493	0.639134	0.701561	
940.000000	0.735725	0.626426	0.612011	0.618060	0.534477	0.625340	0.618060	0.701561	
950.000000	0.717270	0.608497	0.601262	0.650172	0.541082	0.623657	0.608497	0.701561	
960.000000	0.719313	0.605109	0.586576	0.612559	0.524034	0.609518	0.605109	0.701561	
970.000000	0.734295	0.588549	0.617317	0.625526	0.538485	0.620834	0.617317	0.701561	
980.000000	0.729691	0.582766	0.623111	0.625201	0.551488	0.622451	0.623111	0.701561	
990.000000	0.715659	0.587630	0.640397	0.644334	0.577870	0.633178	0.640397	0.701561	
1000.000000	0.718773	0.571820	0.608728	0.645025	0.558838	0.620637	0.608728	0.701561	
1010.000000	0.733140	0.597867	0.634738	0.638742	0.549375	0.630772	0.634738	0.701561	
1020.000000	0.752696	0.612278	0.665109	0.637681	0.537274	0.641008	0.637681	0.701561	
1030.000000	0.741768	0.599894	0.648370	0.650480	0.565787	0.641260	0.648370	0.701561	
1040.000000	0.754646	0.609983	0.651988	0.604699	0.557529	0.635769	0.609983	0.701561	
1050.000000	0.711766	0.566276	0.675977	0.622011	0.543518	0.623910	0.622011	0.701561	
1060.000000	0.711514	0.612630	0.666775	0.633863	0.538075	0.632571	0.633863	0.701561	
1070.000000	0.573324	0.621904	0.678034	0.620608	0.524536	0.603681	0.620608	0.701561	
1080.000000	0.730546	0.579332	0.687172	0.550737	0.548291	0.619216	0.579332	0.701561	
1090.000000	0.753560	0.601884	0.695077	0.631642	0.525853	0.641603	0.631642	0.701561	
1100.000000	0.734390	0.571549	0.671155	0.642755	0.539959	0.631962	0.642755	0.701561	
1110.000000	0.751501	0.617784	0.658600	0.631128	0.529708	0.637744	0.631128	0.701561	
1120.000000	0.744807	0.629064	0.669509	0.624608	0.541536	0.641905	0.629064	0.701561	
1130.000000	0.741681	0.601299	0.667447	0.645597	0.531093	0.637423	0.645597	0.701561	
1140.000000	0.753633	0.618019	0.700779	0.657032	0.505908	0.647074	0.657032	0.701561	
1150.000000	0.740197	0.613774	0.676305	0.662570	0.522368	0.643043	0.662570	0.701561	
1160.000000	0.790029	0.607608	0.664494	0.643545	0.537372	0.648610	0.643545	0.701561	
1170.000000	0.782690	0.612480	0.558348	0.664021	0.515303	0.626568	0.612480	0.701561	
1180.000000	0.750563	0.614171	0.651021	0.654927	0.531248	0.640386	0.651021	0.701561	
1190.000000	0.690814	0.584045	0.651805	0.637329	0.534994	0.619798	0.637329	0.701561	
1200.000000	0.732985	0.609126	0.682294	0.647367	0.549369	0.644228	0.647367	0.701561	
1210.000000	0.731128	0.562508	0.639340	0.650616	0.540550	0.624828	0.639340	0.701561	
1220.000000	0.795066	0.594915	0.692162	0.666586	0.535647	0.656875	0.666586	0.701561	
1230.000000	0.776345	0.600315	0.687968	0.647677	0.534135	0.649288	0.647677	0.701561	
1240.000000	0.765076	0.616511	0.696066	0.649649	0.507235	0.646907	0.649649	0.701561	
1250.000000	0.759398	0.623802	0.717073	0.646529	0.512625	0.651885	0.646529	0.701561	
1260.000000	0.758621	0.589284	0.665623	0.635619	0.513478	0.632525	0.635619	0.701561	
1270.000000	0.784184	0.625923	0.706947	0.639512	0.532909	0.657895	0.639512	0.701561	
1280.000000	0.732024	0.603335	0.684099	0.640510	0.527560	0.637506	0.640510	0.701561	
1290.000000	0.771781	0.621392	0.701247	0.633400	0.535869	0.652738	0.633400	0.701561	
1300.000000	0.793035	0.620302	0.706985	0.636307	0.501186	0.651563	0.636307	0.701561	
1310.000000	0.763997	0.614258	0.703225	0.645030	0.501945	0.645691	0.645030	0.701561	
1320.000000	0.786278	0.648945	0.721345	0.654031	0.540612	0.670242	0.654031	0.701561	
1330.000000	0.824290	0.661235	0.733783	0.647537	0.525084	0.678386	0.661235	0.701561	
1340.000000	0.774207	0.646895	0.707190	0.681946	0.510288	0.664105	0.681946	0.701561	
1350.000000	0.776955	0.643748	0.701452	0.657657	0.485364	0.653035	0.657657	0.701561	
1360.000000	0.760816	0.621993	0.685406	0.649821	0.524276	0.648463	0.649821	0.701561	
1370.000000	0.757707	0.592131	0.674404	0.646529	0.501463	0.634447	0.646529	0.701561	
1380.000000	0.657834	0.580057	0.621684	0.614973	0.548403	0.604590	0.614973	0.701561	
1390.000000	0.755332	0.594839	0.665124	0.637443	0.494854	0.629518	0.637443	0.701561	
1400.000000	0.727766	0.574190	0.661131	0.634389	0.527549	0.625005	0.634389	0.701561	
1410.000000	0.752679	0.614599	0.709298	0.629215	0.534785	0.648115	0.629215	0.701561	
1420.000000	0.733454	0.612215	0.666492	0.641709	0.489986	0.628771	0.641709	0.701561	
1430.000000	0.751235	0.631727	0.677243	0.632933	0.525215	0.643671	0.632933	0.701561	
1440.000000	0.769725	0.677356	0.708665	0.627376	0.490488	0.654722	0.677356	0.701561	
1450.000000	0.795321	0.679519	0.741526	0.670721	0.481631	0.673744	0.679519	0.701561	
1460.000000	0.800139	0.686996	0.730774	0.649208	0.480461	0.669516	0.686996	0.701561	
1470.000000	0.789397	0.670770	0.698447	0.658885	0.486619	0.660824	0.670770	0.701561	
1480.000000	0.798134	0.665928	0.714723	0.660625	0.444216	0.656725	0.665928	0.701561	
1490.000000	0.777196	0.639815	0.695480	0.680563	0.467117	0.652034	0.680563	0.701561	
1500.000000	0.734811	0.635744	0.663869	0.655029	0.504231	0.638737	0.655029	0.701561	
1510.000000	0.768358	0.635199	0.673614	0.680245	0.468833	0.645250	0.673614	0.701561	
1520.000000	0.760628	0.651745	0.650508	0.670471	0.474569	0.641584	0.651745	0.701561	
1530.000000	0.722840	0.634734	0.726001	0.684252	0.476282	0.648822	0.684252	0.701561	
1540.000000	0.776109	0.652121	0.709999	0.691986	0.477100	0.661463	0.691986	0.701561	
1550.000000	0.787604	0.677823	0.752611	0.679221	0.470641	0.673580	0.679221	0.701561	
1560.000000	0.786188	0.658003	0.741292	0.592553	0.450944	0.645796	0.658003	0.701561	
1570.000000	0.812385	0.691443	0.741724	0.691334	0.465304	0.680438	0.691443	0.701561	
1580.000000	0.817804	0.685319	0.737916	0.672775	0.471483	0.677059	0.685319	0.701561	
1590.000000	0.797957	0.684852	0.723700	0.664895	0.459825	0.666246	0.684852	0.701561	
1600.000000	0.797363	0.638941	0.713426	0.639374	0.433764	0.644574	0.639374	0.701561	
1610.000000	0.648387	0.632735	0.731765	0.660484	0.446907	0.624056	0.648387	0.701561	
1620.000000	0.807534	0.649819	0.737054	0.649230	0.441384	0.657004	0.649819	0.701561	
1630.000000	0.818219	0.667500	0.777502	0.668405	0.456054	0.677536	0.668405	0.701561	
1640.000000	0.483708	0.650862	0.738881	0.670893	0.427898	0.594448	0.650862	0.701561	
1650.000000	0.799547	0.639465	0.730009	0.643502	0.453582	0.653221	0.643502	0.701561	
1660.000000	0.804130	0.608367	0.729210	0.643896	0.453260	0.647773	0.643896	0.701561	
1670.000000	0.796216	0.601945	0.700165	0.654651	0.452146	0.641025	0.654651	0.701561	
1680.000000	0.799335	0.633522	0.738075	0.625945	0.434366	0.646249	0.633522	0.701561	
1690.000000	0.759900	0.519142	0.750787	0.636210	0.505839	0.634376	0.636210	0.701561	
1700.000000	0.817460	0.673795	0.742503	0.625947	0.573478	0.686637	0.673795	0.701561	
1710.000000	0.786796	0.656044	0.707329	0.620943	0.433799	0.640982	0.656044	0.701561	
1720.000000	0.811063	0.651621	0.748333	0.626475	0.447424	0.656983	0.651621	0.701561	
1730.000000	0.798668	0.653246	0.735925	0.627512	0.441765	0.651423	0.653246	0.701561	
1740.000000	0.792366	0.646399	0.762949	0.611874	0.459300	0.654577	0.646399	0.701561	
1750.000000	0.784832	0.606746	0.730791	0.619099	0.421982	0.632690	0.619099	0.701561	
1760.000000	0.793582	0.632829	0.722894	0.616178	0.422517	0.637600	0.632829	0.701561	
1770.000000	0.793862	0.625864	0.673373	0.632492	0.438867	0.632892	0.632492	0.701561	
1780.000000	0.772260	0.594830	0.698439	0.544643	0.442896	0.610613	0.594830	0.701561	
1790.000000	0.717338	0.627001	0.719708	0.634534	0.452084	0.630133	0.634534	0.701561	
1800.000000	0.784000	0.574852	0.721570	0.639597	0.459034	0.635810	0.639597	0.701561	
1810.000000	0.771904	0.609518	0.714784	0.625409	0.454592	0.635241	0.625409	0.701561	
1820.000000	0.736481	0.564961	0.673149	0.619884	0.458493	0.610594	0.619884	0.701561	
1830.000000	0.753393	0.587317	0.672431	0.544655	0.469808	0.605521	0.587317	0.701561	
1840.000000	0.793346	0.585234	0.642720	0.639442	0.462906	0.624730	0.639442	0.701561	
1850.000000	0.748947	0.565071	0.678076	0.639955	0.489295	0.624269	0.639955	0.701561	
1860.000000	0.778576	0.582366	0.698507	0.637610	0.483341	0.636080	0.637610	0.701561	
1870.000000	0.806701	0.606606	0.642242	0.633907	0.442320	0.626355	0.633907	0.701561	
1880.000000	0.800739	0.503523	0.724406	0.622963	0.448224	0.619971	0.622963	0.701561	
1890.000000	0.793181	0.593789	0.718143	0.640447	0.458558	0.640824	0.640447	0.701561	
1900.000000	0.809643	0.575028	0.706146	0.633736	0.483657	0.641642	0.633736	0.701561	
1910.000000	0.782004	0.613692	0.699219	0.649630	0.474563	0.643822	0.649630	0.701561	
1920.000000	0.806304	0.586000	0.653197	0.635065	0.459001	0.627913	0.635065	0.701561	
1930.000000	0.790660	0.634098	0.648231	0.643867	0.478603	0.639092	0.643867	0.701561	
1940.000000	0.427903	0.549237	0.526405	0.639180	0.465006	0.521546	0.526405	0.701561	
1950.000000	0.795064	0.577657	0.711230	0.657145	0.466045	0.641428	0.657145	0.701561	
1960.000000	0.496718	0.591267	0.721711	0.603856	0.488775	0.580465	0.591267	0.701561	
1970.000000	0.797509	0.571935	0.726663	0.650308	0.490075	0.647298	0.650308	0.701561	
1980.000000	0.796564	0.523995	0.703604	0.641646	0.507856	0.634733	0.641646	0.701561	
1990.000000	0.790893	0.570678	0.691195	0.630012	0.463877	0.629331	0.630012	0.701561	
2000.000000	0.797780	0.563081	0.681437	0.648063	0.465942	0.631261	0.648063	0.701561	
2010.000000	0.707811	0.568392	0.681969	0.659881	0.482972	0.620205	0.659881	0.701561	
2020.000000	0.777733	0.534951	0.704373	0.650071	0.493675	0.632161	0.650071	0.701561	
2030.000000	0.775167	0.560984	0.669050	0.652253	0.458080	0.623107	0.652253	0.701561	
2040.000000	0.800157	0.524819	0.617457	0.643092	0.450826	0.607270	0.617457	0.701561	
2050.000000	0.759674	0.503453	0.303578	0.651083	0.587977	0.561153	0.587977	0.701561	
2060.000000	0.509339	0.354092	0.597912	0.629995	0.459565	0.510181	0.509339	0.701561	
2070.000000	0.753617	0.535389	0.662731	0.635895	0.448428	0.607212	0.635895	0.701561	
2080.000000	0.642426	0.535634	0.697854	0.649572	0.459683	0.597034	0.642426	0.701561	
2090.000000	0.767821	0.465191	0.656468	0.643182	0.466344	0.599801	0.643182	0.701561	
2100.000000	0.776220	0.565329	0.699586	0.633553	0.508141	0.636566	0.633553	0.701561	
2110.000000	0.434239	0.567582	0.666313	0.648973	0.465221	0.556466	0.567582	0.701561	
2120.000000	0.764235	0.560986	0.687756	0.630697	0.498023	0.628339	0.630697	0.701561	
2130.000000	0.780503	0.546265	0.705932	0.635949	0.587401	0.651210	0.635949	0.701561	
2140.000000	0.797295	0.514505	0.685245	0.629560	0.481146	0.621550	0.629560	0.701561	
2150.000000	0.781418	0.583769	0.685230	0.663122	0.533215	0.649351	0.663122	0.701561	
2160.000000	0.759575	0.514080	0.720329	0.659789	0.574598	0.645674	0.659789	0.701561	
2170.000000	0.811855	0.569683	0.291325	0.644596	0.465762	0.556644	0.569683	0.701561	
2180.000000	0.800106	0.550653	0.682729	0.622578	0.441695	0.619552	0.622578	0.701561	
2190.000000	0.791115	0.549053	0.699889	0.652445	0.489712	0.636443	0.652445	0.701561	
2200.000000	0.774550	0.526369	0.656271	0.632599	0.454624	0.608883	0.632599	0.701561	
2210.000000	0.774333	0.525301	0.319104	0.630956	0.430671	0.536073	0.525301	0.701561	
2220.000000	0.779742	0.385973	0.708098	0.371723	0.444198	0.537947	0.444198	0.701561	
2230.000000	0.759895	0.528979	0.683796	0.649533	0.590210	0.642483	0.649533	0.701561	
2240.000000	0.754838	0.541445	0.508195	0.674781	0.440179	0.583888	0.541445	0.701561	
2250.000000	0.763286	0.442688	0.240285	0.655727	0.444225	0.509242	0.444225	0.701561	
2260.000000	0.786068	0.501594	0.719650	0.646105	0.590381	0.648760	0.646105	0.701561	
2270.000000	0.778741	0.543106	0.579897	0.645052	0.457616	0.600882	0.579897	0.701561	
2280.000000	0.785319	0.412980	0.703010	0.347761	0.443776	0.538569	0.443776	0.701561	
2290.000000	0.767894	0.545062	0.700579	0.643293	0.462395	0.623845	0.643293	0.701561	
2300.000000	0.779528	0.552116	0.703965	0.652338	0.422874	0.622164	0.652338	0.701561	
2310.000000	0.775763	0.517025	0.688022	0.638972	0.591545	0.642265	0.638972	0.701561	
2320.000000	0.789240	0.564714	0.699200	0.632134	0.467032	0.630464	0.632134	0.701561	
2330.000000	0.787032	0.583642	0.713973	0.636293	0.445716	0.633331	0.636293	0.701561	
2340.000000	0.735628	0.587938	0.689033	0.639040	0.492836	0.628895	0.639040	0.701561	
2350.000000	0.797646	0.495114	0.735047	0.631632	0.555019	0.642892	0.631632	0.701561	
2360.000000	0.782655	0.589916	0.729017	0.624942	0.462684	0.637843	0.624942	0.701561	
2370.000000	0.792121	0.597529	0.720175	0.654191	0.498436	0.652490	0.654191	0.701561	
2380.000000	0.487944	0.542603	0.587443	0.655269	0.520906	0.558833	0.542603	0.701561	
2390.000000	0.512466	0.532099	0.686676	0.644926	0.512405	0.577714	0.532099	0.701561	
2400.000000	0.785651	0.526191	0.701542	0.652941	0.618653	0.656996	0.652941	0.701561	
2410.000000	0.724668	0.556734	0.690690	0.618176	0.554437	0.628941	0.618176	0.701561	
2420.000000	0.770499	0.454444	0.692038	0.504870	0.498737	0.584118	0.504870	0.701561	
2430.000000	0.783458	0.546044	0.711081	0.595111	0.616626	0.650464	0.616626	0.701561	
2440.000000	0.770643	0.603108	0.723605	0.666581	0.477706	0.648328	0.666581	0.701561	
2450.000000	0.795690	0.567049	0.703330	0.484008	0.501540	0.610324	0.567049	0.701561	
2460.000000	0.555410	0.584490	0.665159	0.637601	0.503141	0.589160	0.584490	0.701561	
2470.000000	0.788361	0.570178	0.682941	0.659477	0.488313	0.637854	0.659477	0.701561	
2480.000000	0.752172	0.566647	0.620551	0.629413	0.514497	0.616656	0.620551	0.701561	
2490.000000	0.797865	0.495481	0.714015	0.653334	0.558613	0.643861	0.653334	0.701561	
2500.000000	0.733875	0.475083	0.766974	0.486547	0.445554	0.581607	0.486547	0.701561	
2510.000000	0.776562	0.551912	0.706330	0.686790	0.510185	0.646356	0.686790	0.701561	
2520.000000	0.761217	0.558172	0.688689	0.648891	0.458372	0.623068	0.648891	0.701561	
2530.000000	0.807579	0.362374	0.685186	0.429940	0.633726	0.583761	0.633726	0.701561	
2540.000000	0.387712	0.346869	0.712212	0.659857	0.505696	0.522469	0.505696	0.701561	
2550.000000	0.742432	0.513417	0.720480	0.484764	0.467525	0.585724	0.513417	0.701561	
2560.000000	0.761676	0.557028	0.681693	0.671571	0.632663	0.660926	0.671571	0.701561	
2570.000000	0.776715	0.548952	0.694923	0.602342	0.490314	0.622649	0.602342	0.701561	
2580.000000	0.786940	0.581699	0.673073	0.662657	0.504074	0.641689	0.662657	0.701561	
2590.000000	0.781076	0.475157	0.659091	0.641174	0.480319	0.607363	0.641174	0.701561	
2600.000000	0.747517	0.527567	0.663112	0.674039	0.497311	0.621909	0.663112	0.701561	
2610.000000	0.768763	0.341039	0.666136	0.667497	0.515106	0.591708	0.666136	0.701561	
2620.000000	0.692678	0.528286	0.669262	0.674928	0.528771	0.618785	0.669262	0.701561	
2630.000000	0.727410	0.493848	0.610360	0.670910	0.535053	0.607516	0.610360	0.701561	
2640.000000	0.781045	0.576867	0.694344	0.512166	0.577418	0.628368	0.577418	0.701561	
2650.000000	0.761003	0.478223	0.655347	0.652338	0.492591	0.607900	0.652338	0.701561	
2660.000000	0.732608	0.562499	0.661475	0.644357	0.492145	0.618617	0.644357	0.701561	
2670.000000	0.756430	0.545302	0.604295	0.642734	0.509258	0.611604	0.604295	0.701561	
2680.000000	0.774006	0.499749	0.690294	0.647871	0.456378	0.613660	0.647871	0.701561	
2690.000000	0.781561	0.325611	0.629254	0.524193	0.538101	0.559744	0.538101	0.701561	
2700.000000	0.747017	0.259969	0.443225	0.354832	0.506588	0.462326	0.443225	0.701561	
2710.000000	0.748674	0.528091	0.632642	0.625506	0.601659	0.627314	0.625506	0.701561	
2720.000000	0.762126	0.479024	0.631853	0.638131	0.565378	0.615303	0.631853	0.701561	
2730.000000	0.740279	0.489611	0.400232	0.645575	0.469303	0.549000	0.489611	0.701561	
2740.000000	0.240444	0.570347	0.722432	0.604156	0.508177	0.529111	0.570347	0.701561	
2750.000000	0.769385	0.426809	0.492506	0.480346	0.451913	0.524192	0.480346	0.701561	
2760.000000	0.713967	0.209191	0.329690	0.562519	0.445424	0.452158	0.445424	0.701561	
2770.000000	0.764796	0.268707	0.407093	0.578325	0.502958	0.504376	0.502958	0.701561	
2780.000000	0.676096	0.639582	0.379613	0.634769	0.521544	0.570321	0.634769	0.701561	
2790.000000	0.747844	0.477208	0.725082	0.624906	0.560719	0.627152	0.624906	0.701561	
2800.000000	0.760583	0.475289	0.471968	0.631453	0.474687	0.562796	0.475289	0.701561	
2810.000000	0.665626	0.404700	0.581216	0.503411	0.455743	0.522139	0.503411	0.701561	
2820.000000	0.792617	0.666445	0.350247	0.629854	0.511736	0.590180	0.629854	0.701561	
2830.000000	0.603554	0.297731	0.419995	0.651141	0.572702	0.509025	0.572702	0.701561	
2840.000000	0.809843	0.319804	0.662362	0.530437	0.473092	0.559108	0.530437	0.701561	
2850.000000	0.790754	0.598393	0.606481	0.421273	0.430184	0.569417	0.598393	0.701561	
2860.000000	0.766650	0.683109	0.675423	0.654530	0.479114	0.651765	0.675423	0.701561	
2870.000000	0.788003	0.682227	0.600259	0.455251	0.464958	0.598140	0.600259	0.701561	
2880.000000	0.764190	0.344985	0.736441	0.640197	0.419265	0.581016	0.640197	0.701561	
2890.000000	0.822353	0.576980	0.729955	0.612302	0.449243	0.638167	0.612302	0.701561	
2900.000000	0.783573	0.581316	0.702192	0.355857	0.456033	0.575794	0.581316	0.701561	
2910.000000	0.751852	0.533804	0.678044	0.627204	0.545987	0.627378	0.627204	0.701561	
2920.000000	0.772663	0.272877	0.669712	0.609539	0.504030	0.565764	0.609539	0.701561	
2930.000000	0.708364	0.557355	0.671842	0.622038	0.477331	0.607386	0.622038	0.701561	
2940.000000	0.778133	0.533125	0.611400	0.630174	0.455723	0.601711	0.611400	0.701561	
2950.000000	0.810974	0.615881	0.465004	0.640076	0.498696	0.606126	0.615881	0.701561	
2960.000000	0.790964	0.594529	0.653886	0.566281	0.483223	0.617777	0.594529	0.701561	
2970.000000	0.765642	0.494088	0.557039	0.375184	0.566919	0.551774	0.557039	0.701561	
2980.000000	0.760673	0.389951	0.647948	0.588322	0.436513	0.564681	0.588322	0.701561	
2990.000000	0.734594	0.464400	0.491922	0.617215	0.467365	0.555099	0.491922	0.701561	
3000.000000	0.722050	0.577396	0.648155	0.608717	0.613607	0.633985	0.613607	0.701561	
3010.000000	0.794300	0.466210	0.685108	0.602289	0.468142	0.603210	0.602289	0.701561	
3020.000000	0.618600	0.634753	0.657188	0.545898	0.559804	0.603248	0.618600	0.701561	
3030.000000	0.808050	0.518909	0.592873	0.600687	0.556767	0.615457	0.592873	0.701561	
3040.000000	0.780473	0.493369	0.672672	0.628071	0.469908	0.608899	0.628071	0.701561	
3050.000000	0.752092	0.596834	0.618743	0.637213	0.453830	0.611742	0.618743	0.701561	
3060.000000	0.755834	0.556335	0.714786	0.662521	0.540565	0.646008	0.662521	0.701561	
3070.000000	0.784160	0.675329	0.694153	0.565354	0.453159	0.634431	0.675329	0.701561	
3080.000000	0.779125	0.507944	0.672167	0.662635	0.567988	0.637972	0.662635	0.701561	
3090.000000	0.748473	0.548400	0.670804	0.625535	0.474014	0.613445	0.625535	0.701561	
3100.000000	0.695286	0.687052	0.641345	0.651510	0.476456	0.630330	0.651510	0.701561	
3110.000000	0.760159	0.621253	0.672958	0.611648	0.430146	0.619233	0.621253	0.701561	
3120.000000	0.797019	0.452389	0.606657	0.631056	0.505773	0.598579	0.606657	0.701561	
3130.000000	0.784447	0.545018	0.617522	0.672709	0.425148	0.608969	0.617522	0.701561	
3140.000000	0.793744	0.632738	0.691207	0.550934	0.578570	0.649439	0.632738	0.701561	
3150.000000	0.800786	0.572327	0.534149	0.573129	0.573972	0.610872	0.573129	0.701561	
3160.000000	0.819102	0.637940	0.293218	0.600293	0.509435	0.571998	0.600293	0.701561	
3170.000000	0.718008	0.639801	0.742611	0.456987	0.436445	0.598770	0.639801	0.701561	
3180.000000	0.792727	0.245445	0.744531	0.682963	0.558368	0.604807	0.682963	0.701561	
3190.000000	0.726068	0.626541	0.625258	0.606142	0.439836	0.604769	0.625258	0.701561	
3200.000000	0.684453	0.570363	0.314064	0.644071	0.502016	0.542993	0.570363	0.701561	
3210.000000	0.821998	0.663868	0.703057	0.655969	0.559418	0.680862	0.663868	0.701561	
3220.000000	0.776225	0.560014	0.644201	0.629297	0.473072	0.616562	0.629297	0.701561	
3230.000000	0.777108	0.557573	0.405107	0.497636	0.431664	0.533818	0.497636	0.701561	
3240.000000	0.813813	0.660967	0.740200	0.660181	0.416483	0.658329	0.660967	0.701561	
3250.000000	0.717395	0.590428	0.705228	0.495247	0.413653	0.584390	0.590428	0.701561	
3260.000000	0.820553	0.668749	0.715161	0.643933	0.539203	0.677520	0.668749	0.701561	
3270.000000	0.781137	0.551548	0.445655	0.626800	0.443404	0.569709	0.551548	0.701561	
3280.000000	0.769998	0.587875	0.607260	0.627953	0.482405	0.615098	0.607260	0.701561	
3290.000000	0.709832	0.447881	0.648678	0.625056	0.468754	0.580040	0.625056	0.701561	
3300.000000	0.791450	0.504771	0.413691	0.638717	0.489378	0.567601	0.504771	0.701561	
3310.000000	0.656947	0.517591	0.589304	0.517411	0.504402	0.557131	0.517591	0.701561	
3320.000000	0.753970	0.621726	0.640436	0.635585	0.545473	0.639438	0.635585	0.701561	
3330.000000	0.708218	0.706474	0.708348	0.611629	0.468405	0.640615	0.706474	0.701561	
3340.000000	0.662912	0.523774	0.627078	0.633465	0.479971	0.585440	0.627078	0.701561	
3350.000000	0.790250	0.653956	0.650718	0.639992	0.455865	0.638156	0.650718	0.701561	
3360.000000	0.723224	0.547734	0.702453	0.605738	0.446594	0.605149	0.605738	0.701561	
3370.000000	0.730603	0.492143	0.697969	0.618518	0.447341	0.597315	0.618518	0.701561	
3380.000000	0.735758	0.662205	0.754060	0.614567	0.488595	0.651037	0.662205	0.701561	
3390.000000	0.651398	0.508174	0.692045	0.600581	0.473296	0.585099	0.600581	0.701561	
3400.000000	0.727613	0.449121	0.458076	0.610587	0.479523	0.544984	0.479523	0.701561	
3410.000000	0.750396	0.616572	0.624053	0.365524	0.493460	0.570001	0.616572	0.701561	
3420.000000	0.760828	0.561259	0.641150	0.643145	0.418568	0.604990	0.641150	0.701561	
3430.000000	0.751124	0.416457	0.578942	0.633594	0.418205	0.559664	0.578942	0.701561	
3440.000000	0.674049	0.484044	0.657870	0.636421	0.510167	0.592510	0.636421	0.701561	
3450.000000	0.747849	0.502626	0.670425	0.605239	0.515992	0.608426	0.605239	0.701561	
3460.000000	0.759902	0.637208	0.603220	0.652001	0.487337	0.627934	0.637208	0.701561	
3470.000000	0.786985	0.287257	0.670906	0.608507	0.547039	0.580139	0.608507	0.701561	
3480.000000	0.744725	0.601344	0.655178	0.601211	0.483512	0.617194	0.601344	0.701561	
3490.000000	0.711218	0.529113	0.370509	0.613240	0.547948	0.554406	0.547948	0.701561	
3500.000000	0.730775	0.580043	0.612668	0.636046	0.496000	0.611106	0.612668	0.701561	
3510.000000	0.721459	0.497294	0.559660	0.491185	0.452719	0.544463	0.497294	0.701561	
3520.000000	0.722720	0.449124	0.410591	0.586907	0.461751	0.526218	0.461751	0.701561	
3530.000000	0.687014	0.635056	0.581080	0.582225	0.449736	0.587022	0.582225	0.701561	
3540.000000	0.793751	0.543520	0.607578	0.647392	0.510433	0.620535	0.607578	0.701561	
3550.000000	0.729724	0.582949	0.696782	0.640759	0.484702	0.626983	0.640759	0.701561	
3560.000000	0.766235	0.558332	0.661959	0.637407	0.547118	0.634210	0.637407	0.701561	
3570.000000	0.807030	0.423050	0.686704	0.603270	0.424106	0.588832	0.603270	0.701561	
3580.000000	0.734410	0.567749	0.686161	0.635287	0.493643	0.623450	0.635287	0.701561	
3590.000000	0.733430	0.568601	0.608061	0.597667	0.468916	0.595335	0.597667	0.701561	
3600.000000	0.739725	0.523638	0.657459	0.481094	0.558950	0.592173	0.558950	0.701561	
3610.000000	0.793735	0.403467	0.696945	0.547215	0.557258	0.599724	0.557258	0.701561	
3620.000000	0.801321	0.577983	0.687507	0.639880	0.462966	0.633932	0.639880	0.701561	
3630.000000	0.720135	0.593073	0.616012	0.628871	0.472360	0.606090	0.616012	0.701561	
3640.000000	0.798388	0.821224	0.468365	0.638342	0.454255	0.636115	0.638342	0.701561	
3650.000000	0.700046	0.571690	0.663376	0.530172	0.479439	0.588945	0.571690	0.701561	
3660.000000	0.685549	0.620572	0.574401	0.416518	0.455584	0.550525	0.574401	0.701561	
3670.000000	0.456769	0.571690	0.742787	0.343721	0.549100	0.532814	0.549100	0.701561	
3680.000000	0.714356	0.490585	0.588803	0.557847	0.522463	0.574811	0.557847	0.701561	
3690.000000	0.336822	0.390769	0.540885	0.616413	0.585331	0.494044	0.540885	0.701561	
3700.000000	0.726593	0.553784	0.532490	0.583942	0.489463	0.577255	0.553784	0.701561	
3710.000000	0.705428	0.508813	0.330498	0.633686	0.529778	0.541641	0.529778	0.701561	
3720.000000	0.750292	0.656673	0.618601	0.522479	0.506535	0.610916	0.618601	0.701561	
3730.000000	0.721242	0.416466	0.524849	0.556250	0.500758	0.543913	0.524849	0.701561	
3740.000000	0.555513	0.548349	0.453176	0.550427	0.576473	0.536788	0.550427	0.701561	
3750.000000	0.664740	0.321004	0.434214	0.640321	0.490798	0.510216	0.490798	0.701561	
3760.000000	0.641590	0.550587	0.478119	0.633190	0.439290	0.548555	0.550587	0.701561	
3770.000000	0.779255	0.505922	0.718602	0.635484	0.461786	0.620210	0.635484	0.701561	
3780.000000	0.701303	0.569621	0.578764	0.642155	0.414380	0.581245	0.578764	0.701561	
3790.000000	0.740274	0.529378	0.683718	0.577237	0.468881	0.599898	0.577237	0.701561	
3800.000000	0.810489	0.634135	0.542380	0.635215	0.496253	0.623694	0.634135	0.701561	
3810.000000	0.819920	0.386101	0.657701	0.626214	0.559089	0.609805	0.626214	0.701561	
3820.000000	0.690892	0.457869	0.653241	0.635423	0.450525	0.577590	0.635423	0.701561	
3830.000000	0.327565	0.503131	0.510159	0.620889	0.586648	0.509678	0.510159	0.701561	
3840.000000	0.642806	0.422184	0.724352	0.561618	0.455909	0.561374	0.561618	0.701561	
3850.000000	0.396952	0.424197	0.642178	0.488593	0.568336	0.504051	0.488593	0.701561	
3860.000000	0.467942	0.661296	0.613504	0.314748	0.530641	0.517626	0.530641	0.701561	
3870.000000	0.641917	0.645220	0.544190	0.630158	0.480946	0.588486	0.630158	0.701561	
3880.000000	0.523537	0.356885	0.490386	0.608180	0.436599	0.483117	0.490386	0.701561	
3890.000000	0.836344	0.596390	0.381179	0.630196	0.435961	0.576014	0.596390	0.701561	
3900.000000	0.674906	0.365130	0.651267	0.498069	0.559378	0.549750	0.559378	0.701561	
3910.000000	0.770754	0.627260	0.455050	0.616646	0.513325	0.596607	0.616646	0.701561	
3920.000000	0.806545	0.560173	0.748553	0.589651	0.526107	0.646206	0.589651	0.701561	
3930.000000	0.777224	0.410880	0.686190	0.606632	0.421812	0.580548	0.606632	0.701561	
3940.000000	0.736281	0.567629	0.749829	0.563548	0.488781	0.621214	0.567629	0.701561	
3950.000000	0.762002	0.311977	0.705382	0.639069	0.567387	0.597163	0.639069	0.701561	
3960.000000	0.792194	0.357181	0.699898	0.624690	0.557916	0.606376	0.624690	0.701561	
3970.000000	0.697527	0.471454	0.570320	0.505344	0.531249	0.555179	0.531249	0.701561	
3980.000000	0.808425	0.617685	0.570857	0.425173	0.524586	0.589345	0.570857	0.701561	
3990.000000	0.689759	0.644936	0.649657	0.404562	0.438764	0.565536	0.644936	0.701561	
4000.000000	0.632251	0.494927	0.692905	0.633350	0.458384	0.582363	0.632251	0.701561	
4010.000000	0.764292	0.648452	0.566167	0.570685	0.541427	0.618205	0.570685	0.701561	
4020.000000	0.738722	0.535777	0.606879	0.581462	0.518266	0.596221	0.581462	0.701561	
4030.000000	0.737230	0.547623	0.646118	0.649097	0.481581	0.612330	0.646118	0.701561	
4040.000000	0.747024	0.551656	0.652479	0.603926	0.412983	0.593614	0.603926	0.701561	
4050.000000	0.802850	0.539322	0.487833	0.504416	0.456665	0.558217	0.504416	0.701561	
4060.000000	0.755075	0.569979	0.668425	0.671704	0.446833	0.622403	0.668425	0.701561	
4070.000000	0.805244	0.605471	0.702278	0.496219	0.437030	0.609248	0.605471	0.701561	
4080.000000	0.811115	0.609053	0.600482	0.656478	0.466406	0.628707	0.609053	0.701561	
4090.000000	0.795323	0.625207	0.719533	0.647968	0.367281	0.631062	0.647968	0.701561	
4100.000000	0.792931	0.531173	0.706823	0.612683	0.409265	0.610575	0.612683	0.701561	
4110.000000	0.786690	0.665638	0.726516	0.636363	0.497775	0.662596	0.665638	0.701561	
4120.000000	0.775575	0.579859	0.549926	0.656173	0.392775	0.590861	0.579859	0.701561	
4130.000000	0.774976	0.491366	0.676693	0.641772	0.402728	0.597507	0.641772	0.701561	
4140.000000	0.801251	0.734133	0.735779	0.624186	0.566820	0.692434	0.734133	0.701561	
4150.000000	0.751447	0.472010	0.692368	0.677062	0.416010	0.601779	0.677062	0.701561	
4160.000000	0.777210	0.524948	0.727415	0.605820	0.403502	0.607779	0.605820	0.701561	
4170.000000	0.739478	0.615000	0.318536	0.557280	0.499996	0.546058	0.557280	0.701561	
4180.000000	0.794135	0.503009	0.752333	0.621847	0.455404	0.625346	0.621847	0.701561	
4190.000000	0.634084	0.479522	0.601806	0.537868	0.375834	0.525823	0.537868	0.701561	
4200.000000	0.779116	0.454775	0.742054	0.605844	0.409749	0.598308	0.605844	0.701561	
4210.000000	0.750848	0.606495	0.581163	0.646130	0.454984	0.607924	0.606495	0.701561	
4220.000000	0.788422	0.222637	0.731787	0.572608	0.571987	0.577488	0.572608	0.701561	
4230.000000	0.817137	0.571831	0.616911	0.561325	0.435113	0.600464	0.571831	0.701561	
4240.000000	0.726878	0.508127	0.682336	0.572404	0.482700	0.594489	0.572404	0.701561	
4250.000000	0.724682	0.437929	0.760423	0.621199	0.519554	0.612757	0.621199	0.701561	
4260.000000	0.788509	0.537327	0.744568	0.621667	0.396505	0.617715	0.621667	0.701561	
4270.000000	0.690795	0.351574	0.731763	0.649155	0.427889	0.570235	0.649155	0.701561	
4280.000000	0.780362	0.624622	0.723358	0.635748	0.398871	0.632592	0.635748	0.701561	
4290.000000	0.810646	0.621812	0.820635	0.632676	0.467534	0.670661	0.632676	0.701561	
4300.000000	0.823850	0.541196	0.724875	0.609904	0.464149	0.632795	0.609904	0.701561	
4310.000000	0.839095	0.579815	0.508129	0.619719	0.394140	0.588180	0.579815	0.701561	
4320.000000	0.483880	0.408295	0.702578	0.495340	0.510900	0.520199	0.495340	0.701561	
4330.000000	0.757261	0.377170	0.629469	0.418126	0.400995	0.516604	0.418126	0.701561	
4340.000000	0.735077	0.389552	0.720473	0.491641	0.409743	0.549297	0.491641	0.701561	
4350.000000	0.715025	0.287381	0.738339	0.671246	0.536743	0.589747	0.671246	0.701561	
4360.000000	0.787557	0.604221	0.542224	0.646275	0.459223	0.607900	0.604221	0.701561	
4370.000000	0.781535	0.441445	0.669595	0.643879	0.494086	0.606108	0.643879	0.701561	
4380.000000	0.812986	0.221235	0.650566	0.638989	0.492913	0.563338	0.638989	0.701561	
4390.000000	0.517041	0.524201	0.528521	0.652643	0.407336	0.525948	0.524201	0.701561	
4400.000000	0.770742	0.549342	0.634220	0.661463	0.514934	0.626140	0.634220	0.701561	
4410.000000	0.719148	0.378249	0.309121	0.636094	0.538680	0.516258	0.538680	0.701561	
4420.000000	0.777573	0.552692	0.314240	0.616338	0.450820	0.542332	0.552692	0.701561	
4430.000000	0.611976	0.481680	0.701362	0.446869	0.527097	0.553797	0.527097	0.701561	
4440.000000	0.755753	0.506175	0.722881	0.572400	0.390457	0.589533	0.572400	0.701561	
4450.000000	0.774198	0.622336	0.687394	0.620538	0.437742	0.628442	0.622336	0.701561	
4460.000000	0.741954	0.553472	0.760157	0.621577	0.513280	0.638088	0.621577	0.701561	
4470.000000	0.795125	0.502380	0.759922	0.663306	0.408762	0.625899	0.663306	0.701561	
4480.000000	0.788097	0.595429	0.674303	0.661308	0.462220	0.636271	0.661308	0.701561	
4490.000000	0.797622	0.626193	0.766779	0.623154	0.613067	0.685363	0.626193	0.701561	
4500.000000	0.755883	0.560086	0.655438	0.631271	0.444990	0.609534	0.631271	0.701561	
4510.000000	0.538705	0.618230	0.730871	0.618712	0.594873	0.620278	0.618230	0.701561	
4520.000000	0.829337	0.564206	0.626254	0.622633	0.445832	0.617653	0.622633	0.701561	
4530.000000	0.763526	0.608423	0.711330	0.674587	0.474563	0.646486	0.674587	0.701561	
4540.000000	0.751736	0.727253	0.572049	0.644863	0.426026	0.624385	0.644863	0.701561	
4550.000000	0.737282	0.606178	0.611244	0.665367	0.374304	0.598875	0.611244	0.701561	
4560.000000	0.769701	0.655029	0.656790	0.620664	0.427709	0.625979	0.655029	0.701561	
4570.000000	0.809353	0.586404	0.710097	0.629469	0.467614	0.640587	0.629469	0.701561	
4580.000000	0.780928	0.563739	0.690704	0.653556	0.448809	0.627547	0.653556	0.701561	
4590.000000	0.742925	0.654132	0.756353	0.493491	0.489378	0.627256	0.654132	0.701561	
4600.000000	0.772981	0.570546	0.726304	0.582111	0.525824	0.635553	0.582111	0.701561	
4610.000000	0.826326	0.653244	0.736632	0.588937	0.451402	0.651308	0.653244	0.701561	
4620.000000	0.813057	0.610871	0.741359	0.642203	0.541344	0.669767	0.642203	0.701561	
4630.000000	0.785508	0.614420	0.769190	0.645495	0.509107	0.664744	0.645495	0.701561	
4640.000000	0.690452	0.549626	0.688000	0.542976	0.447799	0.583771	0.549626	0.701561	
4650.000000	0.692869	0.462092	0.451586	0.634394	0.456721	0.539532	0.462092	0.701561	
4660.000000	0.809582	0.531603	0.731230	0.635427	0.455039	0.632576	0.635427	0.701561	
4670.000000	0.708734	0.604425	0.758706	0.626487	0.414900	0.622650	0.626487	0.701561	
4680.000000	0.773659	0.548053	0.689908	0.632700	0.434901	0.615844	0.632700	0.701561	
4690.000000	0.798782	0.580252	0.712477	0.625787	0.582664	0.659992	0.625787	0.701561	
4700.000000	0.814642	0.573687	0.709327	0.599440	0.498223	0.639064	0.599440	0.701561	
4710.000000	0.770356	0.521458	0.746741	0.612181	0.436915	0.617530	0.612181	0.701561	
4720.000000	0.840438	0.614874	0.687091	0.655172	0.466730	0.652861	0.655172	0.701561	
4730.000000	0.803418	0.604432	0.766070	0.686661	0.497175	0.671551	0.686661	0.701561	
4740.000000	0.804405	0.562825	0.310793	0.630189	0.490001	0.559643	0.562825	0.701561	
4750.000000	0.771119	0.519839	0.696503	0.667138	0.440362	0.618992	0.667138	0.701561	
4760.000000	0.703626	0.628016	0.676959	0.626000	0.514872	0.629895	0.628016	0.701561	
4770.000000	0.819762	0.579611	0.682404	0.653779	0.502160	0.647543	0.653779	0.701561	
4780.000000	0.767793	0.512937	0.694615	0.596083	0.430273	0.600340	0.596083	0.701561	
4790.000000	0.766742	0.609231	0.780626	0.648971	0.473751	0.655864	0.648971	0.701561	
4800.000000	0.749411	0.586907	0.572320	0.576881	0.464678	0.590039	0.576881	0.701561	
4810.000000	0.820252	0.503244	0.765665	0.635137	0.433451	0.631550	0.635137	0.701561	
4820.000000	0.743735	0.606596	0.750391	0.647518	0.531338	0.655916	0.647518	0.701561	
4830.000000	0.827322	0.637917	0.767692	0.523810	0.572495	0.665847	0.637917	0.701561	
4840.000000	0.803835	0.596089	0.231196	0.612222	0.514293	0.551527	0.596089	0.701561	
4850.000000	0.745257	0.532355	0.390007	0.661376	0.416004	0.549000	0.532355	0.701561	
4860.000000	0.608179	0.418298	0.746561	0.683942	0.437441	0.578884	0.608179	0.701561	
4870.000000	0.767051	0.558282	0.479628	0.586849	0.441939	0.566750	0.558282	0.701561	
4880.000000	0.719518	0.591393	0.552349	0.646304	0.408201	0.583553	0.591393	0.701561	
4890.000000	0.831554	0.618778	0.783325	0.603485	0.518969	0.671222	0.618778	0.701561	
4900.000000	0.819932	0.600679	0.623646	0.638407	0.457123	0.627957	0.623646	0.701561	
4910.000000	0.815856	0.613349	0.629745	0.557958	0.530145	0.629411	0.613349	0.701561	
4920.000000	0.763455	0.420556	0.788032	0.605227	0.434662	0.602386	0.605227	0.701561	
4930.000000	0.689252	0.573360	0.711618	0.561839	0.453038	0.597822	0.573360	0.701561	
4940.000000	0.796487	0.628775	0.455260	0.654431	0.454417	0.597874	0.628775	0.701561	
4950.000000	0.727674	0.433137	0.605318	0.630898	0.478222	0.575050	0.605318	0.701561	
4960.000000	0.708861	0.556730	0.543309	0.661647	0.405844	0.575278	0.556730	0.701561	
4970.000000	0.561019	0.485420	0.532856	0.643482	0.541516	0.552859	0.541516	0.701561	
4980.000000	0.724169	0.413149	0.647664	0.671259	0.374171	0.566082	0.647664	0.701561	
4990.000000	0.802073	0.576788	0.712737	0.665411	0.377266	0.626855	0.665411	0.701561	
5000.000000	0.805166	0.630038	0.748536	0.643247	0.426153	0.650628	0.643247	0.701561	
