Epoch	AUC-21	AUC-22	AUC-23	AUC-24	AUC-25	AUC-26	AUC-Avg	AUC-Mid	AUC-Best	
1.000000	0.510825	0.413726	0.498524	0.492579	0.429199	0.512627	0.476247	0.495552	0.476247	
10.000000	0.502003	0.453801	0.515725	0.469784	0.511572	0.495978	0.491477	0.498990	0.491477	
20.000000	0.576855	0.468303	0.514939	0.481747	0.524788	0.531216	0.516308	0.519864	0.516308	
30.000000	0.541163	0.484243	0.512485	0.498607	0.569543	0.505072	0.518519	0.508778	0.518519	
40.000000	0.565983	0.543400	0.560128	0.611122	0.671033	0.546618	0.583047	0.563056	0.583047	
50.000000	0.567206	0.472599	0.556811	0.596886	0.633384	0.544030	0.561819	0.562008	0.583047	
60.000000	0.585992	0.521640	0.572686	0.595976	0.681400	0.547700	0.584232	0.579339	0.584232	
70.000000	0.597874	0.527188	0.572124	0.615187	0.685634	0.573907	0.595319	0.585890	0.595319	
80.000000	0.626048	0.536789	0.574744	0.628555	0.722783	0.576432	0.610892	0.601240	0.610892	
90.000000	0.624063	0.531533	0.588058	0.635920	0.729816	0.573342	0.613789	0.606060	0.613789	
100.000000	0.633686	0.547147	0.580850	0.632687	0.761729	0.580709	0.622801	0.606769	0.622801	
110.000000	0.639475	0.547488	0.583334	0.611266	0.734704	0.582334	0.616434	0.597300	0.622801	
120.000000	0.635496	0.571347	0.582641	0.633075	0.760307	0.578607	0.626912	0.607858	0.626912	
130.000000	0.633338	0.569667	0.586040	0.637472	0.773077	0.582348	0.630324	0.609689	0.630324	
140.000000	0.638545	0.575358	0.595057	0.650035	0.780129	0.585381	0.637417	0.616801	0.637417	
150.000000	0.641542	0.579142	0.604865	0.663550	0.786674	0.593537	0.644885	0.623203	0.644885	
160.000000	0.651265	0.588232	0.599040	0.661205	0.795019	0.603619	0.649730	0.627442	0.649730	
170.000000	0.655383	0.572543	0.605462	0.653921	0.788993	0.610410	0.647785	0.632166	0.649730	
180.000000	0.659653	0.558547	0.604169	0.642626	0.790968	0.608247	0.644035	0.625437	0.649730	
190.000000	0.653550	0.558069	0.609111	0.654893	0.802681	0.614173	0.648746	0.633861	0.649730	
200.000000	0.671192	0.565006	0.611709	0.643383	0.715361	0.617684	0.637389	0.630534	0.649730	
210.000000	0.663186	0.573579	0.607310	0.631865	0.769278	0.606817	0.642006	0.619588	0.649730	
220.000000	0.664654	0.564101	0.613746	0.620387	0.776374	0.613668	0.642155	0.617066	0.649730	
230.000000	0.674380	0.573349	0.609282	0.628388	0.785495	0.617293	0.648031	0.622841	0.649730	
240.000000	0.668684	0.549583	0.604227	0.622448	0.792918	0.615288	0.642191	0.618868	0.649730	
250.000000	0.670261	0.564373	0.604901	0.633031	0.770523	0.620380	0.643912	0.626706	0.649730	
260.000000	0.672929	0.550544	0.618468	0.646827	0.799259	0.620649	0.651446	0.633738	0.651446	
270.000000	0.669404	0.565176	0.615292	0.657530	0.800410	0.616086	0.653983	0.636808	0.653983	
280.000000	0.666847	0.556259	0.614283	0.663436	0.806084	0.617359	0.654045	0.640398	0.654045	
290.000000	0.670748	0.550110	0.609106	0.652096	0.793818	0.626627	0.650418	0.639361	0.654045	
300.000000	0.668944	0.550141	0.614247	0.653923	0.792767	0.617472	0.649583	0.635698	0.654045	
310.000000	0.652517	0.567972	0.624222	0.653051	0.794289	0.614034	0.651014	0.638369	0.654045	
320.000000	0.669120	0.555435	0.635419	0.667830	0.808953	0.613690	0.658408	0.651625	0.658408	
330.000000	0.667270	0.549441	0.629978	0.662966	0.804776	0.612566	0.654499	0.646472	0.658408	
340.000000	0.674582	0.537502	0.627146	0.662804	0.798756	0.613774	0.652427	0.644975	0.658408	
350.000000	0.676495	0.539848	0.635268	0.670372	0.799165	0.615146	0.656049	0.652820	0.658408	
360.000000	0.665215	0.561547	0.626874	0.662332	0.795365	0.612211	0.653924	0.644603	0.658408	
370.000000	0.672534	0.535822	0.631079	0.660391	0.800586	0.620717	0.653522	0.645735	0.658408	
380.000000	0.671273	0.548691	0.625232	0.660657	0.796699	0.618419	0.653495	0.642945	0.658408	
390.000000	0.676966	0.563035	0.621391	0.650835	0.791113	0.623221	0.654427	0.637028	0.658408	
400.000000	0.684411	0.550885	0.624339	0.658394	0.796170	0.621281	0.655913	0.641366	0.658408	
410.000000	0.686416	0.556352	0.623297	0.662926	0.796689	0.628333	0.659003	0.645630	0.659003	
420.000000	0.648645	0.567752	0.630855	0.647671	0.750355	0.618088	0.643894	0.639263	0.659003	
430.000000	0.667598	0.564008	0.635785	0.664289	0.755010	0.627108	0.652300	0.650037	0.659003	
440.000000	0.686815	0.548220	0.637973	0.647770	0.787219	0.633450	0.656908	0.642872	0.659003	
450.000000	0.692550	0.554059	0.636702	0.661816	0.794365	0.633664	0.662193	0.649259	0.662193	
460.000000	0.695700	0.557914	0.630654	0.658483	0.804386	0.628190	0.662555	0.644568	0.662555	
470.000000	0.693611	0.556142	0.637699	0.658381	0.710680	0.639868	0.649397	0.649124	0.662555	
480.000000	0.695912	0.567622	0.564364	0.561503	0.499667	0.481989	0.561843	0.562933	0.662555	
490.000000	0.687707	0.573802	0.633019	0.669838	0.797271	0.639720	0.666893	0.654779	0.666893	
500.000000	0.683709	0.571031	0.636782	0.679542	0.795321	0.638640	0.667504	0.659091	0.667504	
510.000000	0.675359	0.561411	0.641500	0.676451	0.797818	0.623686	0.662704	0.658429	0.667504	
520.000000	0.690628	0.570727	0.642237	0.666359	0.796623	0.637100	0.667279	0.654298	0.667504	
530.000000	0.671403	0.566283	0.632849	0.665630	0.788886	0.620320	0.657562	0.649240	0.667504	
540.000000	0.684157	0.557264	0.634125	0.667937	0.793855	0.601410	0.656458	0.651031	0.667504	
550.000000	0.682247	0.561212	0.643794	0.667155	0.789817	0.628283	0.662085	0.655475	0.667504	
560.000000	0.682612	0.555509	0.638589	0.668038	0.794195	0.633274	0.662036	0.653314	0.667504	
570.000000	0.678829	0.551933	0.642275	0.675186	0.799680	0.624676	0.662096	0.658730	0.667504	
580.000000	0.677233	0.551164	0.647119	0.681654	0.790930	0.617449	0.660925	0.662176	0.667504	
590.000000	0.684431	0.551412	0.642051	0.674737	0.795535	0.620939	0.661518	0.658394	0.667504	
600.000000	0.684272	0.554040	0.643024	0.679016	0.801228	0.626435	0.664669	0.661020	0.667504	
610.000000	0.681613	0.564076	0.641523	0.678047	0.799781	0.629956	0.665833	0.659785	0.667504	
620.000000	0.692237	0.560592	0.645742	0.682877	0.763880	0.634938	0.663378	0.664310	0.667504	
630.000000	0.684063	0.547147	0.653616	0.676525	0.792125	0.633021	0.664416	0.665071	0.667504	
640.000000	0.687707	0.572928	0.654118	0.679595	0.803606	0.641464	0.673236	0.666856	0.673236	
650.000000	0.687957	0.571477	0.647464	0.654735	0.797617	0.627456	0.664451	0.651100	0.673236	
660.000000	0.695376	0.590923	0.648653	0.692035	0.812935	0.631795	0.678619	0.670344	0.678619	
670.000000	0.684867	0.568967	0.650911	0.688251	0.803945	0.627374	0.670719	0.667889	0.678619	
680.000000	0.695649	0.571012	0.658831	0.705380	0.807217	0.634899	0.678831	0.677240	0.678831	
690.000000	0.684579	0.573269	0.656561	0.690592	0.810676	0.627814	0.673915	0.670570	0.678831	
700.000000	0.693334	0.575661	0.654736	0.686111	0.799819	0.633009	0.673778	0.670424	0.678831	
710.000000	0.690133	0.582994	0.658265	0.692389	0.816395	0.638276	0.679742	0.674199	0.679742	
720.000000	0.690176	0.580983	0.653303	0.691795	0.810393	0.631735	0.676398	0.671740	0.679742	
730.000000	0.692762	0.581600	0.652241	0.688769	0.818489	0.631863	0.677621	0.670505	0.679742	
740.000000	0.704965	0.564826	0.651470	0.681936	0.820408	0.645597	0.678201	0.666703	0.679742	
750.000000	0.699674	0.564349	0.660787	0.686026	0.818118	0.647377	0.679388	0.673406	0.679742	
760.000000	0.703083	0.554078	0.656820	0.687994	0.818766	0.638684	0.676571	0.672407	0.679742	
770.000000	0.697090	0.564938	0.665392	0.690063	0.795428	0.632478	0.674231	0.677728	0.679742	
780.000000	0.708770	0.574397	0.664161	0.694235	0.823006	0.641120	0.684282	0.679198	0.684282	
790.000000	0.703777	0.565644	0.665675	0.695378	0.825485	0.639194	0.682526	0.680527	0.684282	
800.000000	0.702612	0.578147	0.666424	0.696259	0.821081	0.637242	0.683628	0.681342	0.684282	
810.000000	0.705996	0.581755	0.659422	0.693849	0.824730	0.642639	0.684732	0.676635	0.684732	
820.000000	0.700440	0.588697	0.473357	0.700980	0.827101	0.638651	0.654871	0.669545	0.684732	
830.000000	0.696385	0.592119	0.664272	0.700858	0.823805	0.646733	0.687362	0.680329	0.687362	
840.000000	0.688698	0.624018	0.669616	0.706146	0.809330	0.641907	0.689953	0.679157	0.689953	
850.000000	0.703335	0.611546	0.659969	0.697890	0.811249	0.638505	0.687082	0.678929	0.689953	
860.000000	0.695873	0.585220	0.666016	0.695787	0.813621	0.645668	0.683697	0.680902	0.689953	
870.000000	0.708810	0.582468	0.665963	0.702620	0.820194	0.641168	0.686871	0.684291	0.689953	
880.000000	0.703026	0.593926	0.653860	0.704836	0.823157	0.641371	0.686696	0.678443	0.689953	
890.000000	0.702501	0.587625	0.664669	0.702829	0.817533	0.641724	0.686147	0.683585	0.689953	
900.000000	0.699112	0.593334	0.666821	0.700534	0.816080	0.645025	0.686818	0.682966	0.689953	
910.000000	0.698237	0.623850	0.657542	0.702042	0.802354	0.634436	0.686410	0.677889	0.689953	
920.000000	0.692245	0.623893	0.664306	0.667139	0.807405	0.634762	0.681625	0.665722	0.689953	
930.000000	0.710496	0.618178	0.659658	0.704408	0.820836	0.645729	0.693217	0.682033	0.693217	
940.000000	0.704178	0.606642	0.664514	0.697885	0.828957	0.644826	0.691167	0.681200	0.693217	
950.000000	0.713372	0.612866	0.658841	0.710189	0.828454	0.648016	0.695290	0.684515	0.695290	
960.000000	0.714008	0.601770	0.665953	0.705553	0.826139	0.646940	0.693394	0.685753	0.695290	
970.000000	0.717109	0.607814	0.660975	0.712759	0.809859	0.646687	0.692534	0.686867	0.695290	
980.000000	0.725529	0.603624	0.661710	0.710980	0.810491	0.654426	0.694460	0.686345	0.695290	
990.000000	0.718389	0.602229	0.657383	0.697240	0.783331	0.651197	0.684961	0.677311	0.695290	
1000.000000	0.731719	0.591146	0.665430	0.706375	0.811557	0.656221	0.693741	0.685902	0.695290	
1010.000000	0.725633	0.573083	0.669101	0.707920	0.797491	0.655077	0.688051	0.688511	0.695290	
1020.000000	0.732786	0.581073	0.669801	0.691555	0.826158	0.653944	0.692553	0.680678	0.695290	
1030.000000	0.729103	0.594397	0.665868	0.704978	0.815791	0.661383	0.695253	0.685423	0.695290	
1040.000000	0.720478	0.609091	0.670221	0.700806	0.813476	0.652108	0.694363	0.685513	0.695290	
1050.000000	0.719686	0.594964	0.674055	0.700698	0.805996	0.651993	0.691232	0.687376	0.695290	
1060.000000	0.716230	0.602613	0.675228	0.705357	0.798045	0.638940	0.689402	0.690292	0.695290	
1070.000000	0.721349	0.602787	0.672006	0.708704	0.816275	0.643056	0.694029	0.690355	0.695290	
1080.000000	0.719810	0.608465	0.667756	0.698528	0.821811	0.650787	0.694526	0.683142	0.695290	
1090.000000	0.728930	0.613901	0.669818	0.704906	0.818609	0.660492	0.699443	0.687362	0.699443	
1100.000000	0.719499	0.602496	0.666969	0.705965	0.826762	0.661991	0.697280	0.686467	0.699443	
1110.000000	0.719953	0.600369	0.668754	0.700305	0.828347	0.655635	0.695561	0.684530	0.699443	
1120.000000	0.718240	0.603463	0.668685	0.704362	0.831763	0.660473	0.697831	0.686524	0.699443	
1130.000000	0.724899	0.585536	0.666143	0.703381	0.823711	0.630825	0.689082	0.684762	0.699443	
1140.000000	0.673560	0.585846	0.669042	0.694291	0.831473	0.624072	0.679714	0.671301	0.699443	
1150.000000	0.721329	0.607132	0.671917	0.707152	0.823843	0.657238	0.698102	0.689534	0.699443	
1160.000000	0.718041	0.589869	0.666125	0.712574	0.828699	0.637917	0.692204	0.689350	0.699443	
1170.000000	0.708588	0.593935	0.671590	0.710550	0.815193	0.656358	0.692702	0.690089	0.699443	
1180.000000	0.710300	0.605421	0.663191	0.701357	0.830882	0.656870	0.694670	0.682274	0.699443	
1190.000000	0.713705	0.584426	0.664603	0.705378	0.831222	0.644590	0.690654	0.684991	0.699443	
1200.000000	0.712760	0.598119	0.658292	0.703562	0.825831	0.647773	0.691056	0.680927	0.699443	
1210.000000	0.710805	0.616579	0.651211	0.705076	0.811041	0.658417	0.692188	0.681746	0.699443	
1220.000000	0.706732	0.628574	0.659643	0.704360	0.806430	0.652191	0.692988	0.682001	0.699443	
1230.000000	0.713202	0.614577	0.657318	0.703108	0.798473	0.657346	0.690671	0.680227	0.699443	
1240.000000	0.709856	0.617131	0.651722	0.695443	0.810960	0.660696	0.690968	0.678069	0.699443	
1250.000000	0.710010	0.600500	0.663827	0.704850	0.821849	0.653113	0.692358	0.684338	0.699443	
1260.000000	0.708343	0.623391	0.648687	0.696948	0.820289	0.648358	0.691003	0.672817	0.699443	
1270.000000	0.704423	0.610250	0.649756	0.699494	0.819461	0.637567	0.686825	0.674625	0.699443	
1280.000000	0.704438	0.601020	0.658772	0.695880	0.811903	0.639676	0.685282	0.677326	0.699443	
1290.000000	0.706877	0.619034	0.666589	0.697723	0.821389	0.647985	0.693266	0.682156	0.699443	
1300.000000	0.715519	0.608570	0.672434	0.706928	0.827171	0.660218	0.698473	0.689681	0.699443	
1310.000000	0.706088	0.598088	0.673799	0.704383	0.810897	0.646371	0.689938	0.689091	0.699443	
1320.000000	0.717250	0.618333	0.676440	0.697127	0.818653	0.650979	0.696464	0.686783	0.699443	
1330.000000	0.731081	0.620081	0.678229	0.694776	0.816917	0.662152	0.700539	0.686503	0.700539	
1340.000000	0.728000	0.612922	0.670243	0.702068	0.819383	0.654512	0.697854	0.686155	0.700539	
1350.000000	0.726372	0.608614	0.668313	0.691580	0.815596	0.665330	0.695967	0.679946	0.700539	
1360.000000	0.725827	0.614341	0.676259	0.701616	0.814432	0.656155	0.698105	0.688938	0.700539	
1370.000000	0.722800	0.622133	0.675259	0.703516	0.813834	0.664193	0.700289	0.689388	0.700539	
1380.000000	0.713938	0.603537	0.654292	0.694115	0.801737	0.653856	0.686912	0.674203	0.700539	
1390.000000	0.721453	0.619759	0.664280	0.701131	0.819490	0.657732	0.697307	0.682706	0.700539	
1400.000000	0.722864	0.623584	0.671588	0.692900	0.825359	0.661325	0.699603	0.682244	0.700539	
1410.000000	0.726235	0.613988	0.668350	0.692447	0.815332	0.659045	0.695900	0.680399	0.700539	
1420.000000	0.722001	0.613542	0.673207	0.704672	0.823302	0.656384	0.698851	0.688939	0.700539	
1430.000000	0.728642	0.606760	0.680110	0.706553	0.821968	0.653576	0.699602	0.693331	0.700539	
1440.000000	0.726553	0.606072	0.679119	0.707281	0.819886	0.659455	0.699728	0.693200	0.700539	
1450.000000	0.727539	0.591344	0.677859	0.704610	0.815042	0.660205	0.696100	0.691234	0.700539	
1460.000000	0.728535	0.594946	0.672358	0.707592	0.807235	0.667571	0.696373	0.689975	0.700539	
1470.000000	0.736419	0.609029	0.681527	0.710522	0.820622	0.666142	0.704044	0.696024	0.704044	
1480.000000	0.728531	0.601436	0.677485	0.703878	0.821232	0.656204	0.698127	0.690681	0.704044	
1490.000000	0.725065	0.599669	0.674077	0.693597	0.808462	0.609354	0.685037	0.683837	0.704044	
1500.000000	0.721568	0.603283	0.673669	0.684309	0.736717	0.661242	0.680132	0.678989	0.704044	
1510.000000	0.725352	0.592826	0.660111	0.704318	0.781249	0.662086	0.687657	0.683202	0.704044	
1520.000000	0.728638	0.581209	0.675186	0.704204	0.807078	0.659697	0.692669	0.689695	0.704044	
1530.000000	0.722861	0.591604	0.680314	0.701957	0.793251	0.660545	0.691755	0.691135	0.704044	
1540.000000	0.728281	0.601138	0.687265	0.704186	0.811406	0.658951	0.698538	0.695726	0.704044	
1550.000000	0.723367	0.603655	0.681535	0.707693	0.811268	0.659614	0.697855	0.694614	0.704044	
1560.000000	0.726604	0.604833	0.684445	0.700564	0.810494	0.658148	0.697515	0.692505	0.704044	
1570.000000	0.723132	0.604498	0.679117	0.701126	0.821572	0.658038	0.697914	0.690122	0.704044	
1580.000000	0.718807	0.618482	0.678523	0.708924	0.818250	0.660241	0.700538	0.693723	0.704044	
1590.000000	0.725320	0.625170	0.672699	0.703460	0.814441	0.663213	0.700717	0.688080	0.704044	
1600.000000	0.738635	0.616368	0.676141	0.701158	0.815766	0.660591	0.701443	0.688650	0.704044	
1610.000000	0.741780	0.613232	0.671441	0.702817	0.807198	0.654464	0.698489	0.687129	0.704044	
1620.000000	0.740674	0.625288	0.678527	0.698154	0.795145	0.666487	0.700712	0.688340	0.704044	
1630.000000	0.723449	0.607188	0.678101	0.715873	0.827013	0.663025	0.702441	0.696987	0.704044	
1640.000000	0.728990	0.605576	0.675089	0.710494	0.830379	0.665547	0.702679	0.692792	0.704044	
1650.000000	0.732393	0.614447	0.670954	0.709481	0.811482	0.668351	0.701185	0.690218	0.704044	
1660.000000	0.728008	0.608279	0.689082	0.720416	0.830888	0.663009	0.706614	0.704749	0.706614	
1670.000000	0.721927	0.603531	0.681315	0.717496	0.790119	0.659142	0.695588	0.699406	0.706614	
1680.000000	0.730313	0.599948	0.665727	0.712495	0.805329	0.667895	0.696951	0.690195	0.706614	
1690.000000	0.737792	0.614626	0.684863	0.711593	0.537486	0.665791	0.658692	0.675327	0.706614	
1700.000000	0.702037	0.608037	0.685642	0.722940	0.832360	0.662769	0.702298	0.693839	0.706614	
1710.000000	0.721918	0.613145	0.690144	0.716705	0.817797	0.665637	0.704225	0.703425	0.706614	
1720.000000	0.726910	0.605830	0.682686	0.710578	0.792522	0.665860	0.697398	0.696632	0.706614	
1730.000000	0.731493	0.624919	0.672890	0.721992	0.835153	0.669130	0.709263	0.697441	0.709263	
1740.000000	0.742741	0.618947	0.678043	0.725817	0.821157	0.671466	0.709695	0.701930	0.709695	
1750.000000	0.736846	0.642366	0.674334	0.715817	0.826586	0.669030	0.710830	0.695076	0.710830	
1760.000000	0.723600	0.609748	0.690417	0.719596	0.746965	0.639879	0.688367	0.705006	0.710830	
1770.000000	0.719159	0.614131	0.672791	0.717425	0.806185	0.665690	0.699230	0.695108	0.710830	
1780.000000	0.727562	0.622499	0.683308	0.711864	0.817458	0.646552	0.701540	0.697586	0.710830	
1790.000000	0.728036	0.629541	0.685428	0.705454	0.810607	0.666764	0.704305	0.695441	0.710830	
1800.000000	0.727671	0.630501	0.683570	0.720284	0.817621	0.652454	0.705350	0.701927	0.710830	
1810.000000	0.728053	0.635572	0.682191	0.717957	0.813224	0.669090	0.707681	0.700074	0.710830	
1820.000000	0.717815	0.635615	0.686072	0.721059	0.810475	0.664153	0.705865	0.701944	0.710830	
1830.000000	0.728199	0.631096	0.684590	0.720441	0.810777	0.667117	0.707037	0.702516	0.710830	
1840.000000	0.734862	0.632516	0.682687	0.716163	0.828611	0.671317	0.711026	0.699425	0.711026	
1850.000000	0.726869	0.612401	0.684158	0.719088	0.832694	0.664297	0.706584	0.701623	0.711026	
1860.000000	0.733774	0.602093	0.661534	0.712958	0.692746	0.667231	0.678389	0.679988	0.711026	
1870.000000	0.739085	0.608744	0.687140	0.719788	0.824315	0.667641	0.707785	0.703464	0.711026	
1880.000000	0.736479	0.615767	0.687158	0.722912	0.743285	0.669610	0.695868	0.705035	0.711026	
1890.000000	0.729982	0.622093	0.688020	0.714429	0.827139	0.668071	0.708289	0.701225	0.711026	
1900.000000	0.693251	0.623274	0.690493	0.723882	0.821786	0.669286	0.703662	0.691872	0.711026	
1910.000000	0.728738	0.637388	0.698382	0.720048	0.825327	0.660247	0.711688	0.709215	0.711688	
1920.000000	0.739627	0.625877	0.698460	0.723906	0.820289	0.667701	0.712643	0.711183	0.712643	
1930.000000	0.730113	0.624947	0.693459	0.721651	0.819804	0.666338	0.709385	0.707555	0.712643	
1940.000000	0.732351	0.632268	0.690408	0.724552	0.832247	0.676398	0.714704	0.707480	0.714704	
1950.000000	0.732417	0.622722	0.682902	0.721686	0.828555	0.674244	0.710421	0.702294	0.714704	
1960.000000	0.751520	0.625871	0.685852	0.712426	0.805814	0.671508	0.708832	0.699139	0.714704	
1970.000000	0.743764	0.635739	0.687796	0.725347	0.822836	0.677454	0.715489	0.706572	0.715489	
1980.000000	0.741323	0.622710	0.685600	0.716513	0.829454	0.666464	0.710344	0.701056	0.715489	
1990.000000	0.737188	0.632008	0.677550	0.720392	0.826133	0.664255	0.709588	0.698971	0.715489	
2000.000000	0.736046	0.635045	0.687816	0.729155	0.838406	0.673713	0.716697	0.708485	0.716697	
2010.000000	0.740017	0.633006	0.690399	0.727797	0.834270	0.670445	0.715989	0.709098	0.716697	
2020.000000	0.729670	0.636613	0.689397	0.730994	0.831461	0.670926	0.714844	0.709534	0.716697	
2030.000000	0.744338	0.631320	0.694454	0.729598	0.838909	0.673084	0.718617	0.712026	0.718617	
2040.000000	0.737815	0.615959	0.683846	0.732067	0.830624	0.673481	0.712299	0.707957	0.718617	
2050.000000	0.739570	0.617025	0.688442	0.734595	0.830391	0.669601	0.713271	0.711519	0.718617	
2060.000000	0.742445	0.614633	0.687150	0.725380	0.805103	0.671748	0.707743	0.706265	0.718617	
2070.000000	0.736605	0.619660	0.682991	0.720251	0.816219	0.672069	0.707966	0.701621	0.718617	
2080.000000	0.734917	0.603835	0.686092	0.722798	0.833543	0.660553	0.706956	0.704445	0.718617	
2090.000000	0.732758	0.612816	0.690158	0.722294	0.773794	0.661111	0.698822	0.706226	0.718617	
2100.000000	0.742727	0.609271	0.687003	0.719261	0.810450	0.677229	0.707657	0.703132	0.718617	
2110.000000	0.735165	0.621761	0.688652	0.727163	0.753023	0.671248	0.699502	0.707908	0.718617	
2120.000000	0.736262	0.625232	0.682923	0.729187	0.825837	0.673785	0.712204	0.706055	0.718617	
2130.000000	0.732451	0.609953	0.689631	0.719035	0.832014	0.670765	0.708975	0.704333	0.718617	
2140.000000	0.729506	0.607857	0.689587	0.680944	0.820131	0.671617	0.699940	0.685265	0.718617	
2150.000000	0.729478	0.626615	0.693485	0.722282	0.828674	0.671354	0.711981	0.707884	0.718617	
2160.000000	0.745746	0.614106	0.693645	0.731898	0.832870	0.670523	0.714798	0.712772	0.718617	
2170.000000	0.739966	0.617224	0.688628	0.728935	0.827592	0.663604	0.710992	0.708782	0.718617	
2180.000000	0.746978	0.609674	0.691269	0.730513	0.822471	0.667593	0.711416	0.710891	0.718617	
2190.000000	0.738374	0.614763	0.689135	0.723495	0.816011	0.661841	0.707270	0.706315	0.718617	
2200.000000	0.744053	0.626578	0.695343	0.730832	0.832140	0.675985	0.717489	0.713088	0.718617	
2210.000000	0.735538	0.627334	0.692456	0.655951	0.823270	0.667337	0.700314	0.679897	0.718617	
2220.000000	0.742913	0.612166	0.697497	0.726839	0.817294	0.678402	0.712518	0.712168	0.718617	
2230.000000	0.732570	0.630167	0.690061	0.619855	0.828844	0.677739	0.696539	0.683900	0.718617	
2240.000000	0.731675	0.615042	0.689145	0.719335	0.832398	0.662315	0.708318	0.704240	0.718617	
2250.000000	0.725281	0.635702	0.697705	0.739944	0.840400	0.675414	0.719074	0.711493	0.719074	
2260.000000	0.738043	0.625896	0.700764	0.735176	0.839878	0.676828	0.719431	0.717970	0.719431	
2270.000000	0.738178	0.632956	0.694099	0.731791	0.843306	0.675783	0.719352	0.712945	0.719431	
2280.000000	0.740926	0.642186	0.693934	0.736006	0.829611	0.643314	0.714330	0.714970	0.719431	
2290.000000	0.738461	0.642669	0.691695	0.704681	0.810532	0.674564	0.710434	0.698188	0.719431	
2300.000000	0.726258	0.632720	0.701826	0.724036	0.826126	0.659414	0.711730	0.712931	0.719431	
2310.000000	0.733983	0.625369	0.703331	0.717279	0.812954	0.670276	0.710532	0.710305	0.719431	
2320.000000	0.741139	0.630588	0.694533	0.726890	0.815690	0.663283	0.712021	0.710712	0.719431	
2330.000000	0.741716	0.630805	0.688361	0.718597	0.819823	0.673589	0.712148	0.703479	0.719431	
2340.000000	0.754333	0.630018	0.686118	0.712581	0.821736	0.676936	0.713620	0.699349	0.719431	
2350.000000	0.755628	0.632516	0.697184	0.727138	0.808387	0.678360	0.716535	0.712161	0.719431	
2360.000000	0.756419	0.625846	0.698046	0.721501	0.816829	0.686495	0.717523	0.709773	0.719431	
2370.000000	0.733349	0.626857	0.694454	0.722840	0.825541	0.673957	0.712833	0.708647	0.719431	
2380.000000	0.757119	0.630749	0.693990	0.724538	0.834908	0.680862	0.720361	0.709264	0.720361	
2390.000000	0.733200	0.634499	0.699513	0.725220	0.836953	0.688810	0.719699	0.712367	0.720361	
2400.000000	0.756434	0.635070	0.695830	0.724577	0.820068	0.686971	0.719825	0.710203	0.720361	
2410.000000	0.758991	0.636967	0.700665	0.720545	0.819527	0.687136	0.720639	0.710605	0.720639	
2420.000000	0.752694	0.653381	0.691602	0.734908	0.830756	0.681980	0.724220	0.713255	0.724220	
2430.000000	0.748422	0.645242	0.699169	0.739807	0.833084	0.676865	0.723765	0.719488	0.724220	
2440.000000	0.752158	0.639948	0.700422	0.715216	0.841941	0.677401	0.721181	0.707819	0.724220	
2450.000000	0.743708	0.633185	0.694206	0.727660	0.828680	0.665900	0.715557	0.710933	0.724220	
2460.000000	0.741901	0.640680	0.702153	0.733899	0.823692	0.678521	0.720141	0.718026	0.724220	
2470.000000	0.731646	0.642657	0.705096	0.736097	0.828611	0.672348	0.719409	0.718371	0.724220	
2480.000000	0.743615	0.651193	0.697232	0.739337	0.840123	0.673668	0.724195	0.718284	0.724220	
2490.000000	0.741724	0.633173	0.694636	0.733275	0.840633	0.676162	0.719934	0.713955	0.724220	
2500.000000	0.738545	0.641938	0.696831	0.739231	0.837311	0.673470	0.721221	0.717688	0.724220	
2510.000000	0.742443	0.643233	0.698896	0.736992	0.846508	0.676246	0.724053	0.717944	0.724220	
2520.000000	0.741039	0.643097	0.698239	0.730575	0.802870	0.671429	0.714541	0.714407	0.724220	
2530.000000	0.733133	0.633768	0.689548	0.724602	0.810287	0.671060	0.710400	0.707075	0.724220	
2540.000000	0.734766	0.538668	0.689829	0.725833	0.814621	0.668589	0.695384	0.707831	0.724220	
2550.000000	0.727991	0.650808	0.686492	0.727687	0.828523	0.675000	0.716084	0.707090	0.724220	
2560.000000	0.702091	0.656666	0.679179	0.727748	0.825214	0.670128	0.710171	0.690635	0.724220	
2570.000000	0.744343	0.645056	0.693808	0.734734	0.837663	0.676168	0.721962	0.714271	0.724220	
2580.000000	0.750753	0.624600	0.695143	0.720774	0.830310	0.678816	0.716733	0.707959	0.724220	
2590.000000	0.740141	0.632782	0.690021	0.724343	0.821377	0.677394	0.714343	0.707182	0.724220	
2600.000000	0.751729	0.645437	0.698082	0.724522	0.838620	0.668439	0.721138	0.711302	0.724220	
2610.000000	0.744869	0.640469	0.693200	0.726550	0.833650	0.673313	0.718675	0.709875	0.724220	
2620.000000	0.744549	0.647604	0.693253	0.725609	0.832197	0.667088	0.718383	0.709431	0.724220	
2630.000000	0.744165	0.638820	0.700031	0.725796	0.827661	0.662363	0.716473	0.712914	0.724220	
2640.000000	0.741617	0.646674	0.700788	0.730138	0.823289	0.674894	0.719567	0.715463	0.724220	
2650.000000	0.739311	0.640804	0.694773	0.725486	0.819483	0.671911	0.715295	0.710129	0.724220	
2660.000000	0.741848	0.638336	0.693538	0.720698	0.800089	0.678258	0.712128	0.707118	0.724220	
2670.000000	0.744355	0.631574	0.685187	0.719705	0.817753	0.682284	0.713477	0.702446	0.724220	
2680.000000	0.745200	0.637605	0.688620	0.720147	0.811966	0.679976	0.713919	0.704384	0.724220	
2690.000000	0.753556	0.635776	0.690563	0.721959	0.810173	0.691680	0.717285	0.706819	0.724220	
2700.000000	0.752472	0.648143	0.686101	0.718693	0.817395	0.682606	0.717568	0.702397	0.724220	
2710.000000	0.746000	0.649383	0.687580	0.724165	0.817703	0.684508	0.718223	0.705873	0.724220	
2720.000000	0.757275	0.645211	0.685678	0.713839	0.819301	0.685128	0.717739	0.699759	0.724220	
2730.000000	0.741331	0.635869	0.674701	0.724984	0.825120	0.676997	0.713167	0.700991	0.724220	
2740.000000	0.742051	0.649779	0.680845	0.721479	0.827278	0.675044	0.716079	0.701162	0.724220	
2750.000000	0.749301	0.660875	0.689380	0.728454	0.818294	0.676058	0.720394	0.708917	0.724220	
2760.000000	0.746896	0.644951	0.685858	0.725731	0.778129	0.674927	0.709415	0.705795	0.724220	
2770.000000	0.734723	0.657205	0.685634	0.726948	0.765711	0.679625	0.708308	0.706291	0.724220	
2780.000000	0.739955	0.656034	0.701103	0.738375	0.828045	0.684619	0.724689	0.719739	0.724689	
2790.000000	0.739153	0.651205	0.700554	0.736127	0.718009	0.666781	0.701972	0.709282	0.724689	
2800.000000	0.753313	0.654813	0.705373	0.739081	0.841274	0.680470	0.729054	0.722227	0.729054	
2810.000000	0.729907	0.642552	0.698894	0.740570	0.820024	0.679649	0.718599	0.714401	0.729054	
2820.000000	0.750477	0.629429	0.685026	0.742173	0.843375	0.667855	0.719723	0.713600	0.729054	
2830.000000	0.756618	0.648509	0.710618	0.745731	0.844904	0.691781	0.733027	0.728175	0.733027	
2840.000000	0.753539	0.662908	0.698147	0.739789	0.832543	0.677371	0.727383	0.718968	0.733027	
2850.000000	0.735865	0.662573	0.702371	0.727908	0.848829	0.669198	0.724457	0.715140	0.733027	
2860.000000	0.729519	0.648186	0.701159	0.742870	0.841167	0.662075	0.720829	0.715339	0.733027	
2870.000000	0.734230	0.670433	0.703270	0.746758	0.844630	0.680223	0.729924	0.718750	0.733027	
2880.000000	0.727772	0.659530	0.687515	0.750246	0.844218	0.682341	0.725270	0.707643	0.733027	
2890.000000	0.743798	0.647461	0.698615	0.734945	0.836128	0.684663	0.724268	0.716780	0.733027	
2900.000000	0.748913	0.655526	0.698720	0.730647	0.842240	0.689458	0.727584	0.714683	0.733027	
2910.000000	0.748115	0.656499	0.700893	0.735296	0.818093	0.684332	0.723871	0.718095	0.733027	
2920.000000	0.759631	0.648006	0.700200	0.742909	0.848257	0.690747	0.731625	0.721554	0.733027	
2930.000000	0.752944	0.647727	0.696633	0.736034	0.845898	0.684680	0.727319	0.716334	0.733027	
2940.000000	0.756127	0.656133	0.699351	0.733373	0.843470	0.688638	0.729515	0.716362	0.733027	
2950.000000	0.753543	0.666101	0.697002	0.737512	0.816156	0.680088	0.725067	0.717257	0.733027	
2960.000000	0.755404	0.665375	0.698365	0.736356	0.841589	0.677586	0.729112	0.717360	0.733027	
2970.000000	0.740817	0.673062	0.699223	0.732327	0.828240	0.692859	0.727755	0.715775	0.733027	
2980.000000	0.756494	0.651025	0.698046	0.684161	0.830835	0.692610	0.718862	0.695328	0.733027	
2990.000000	0.746290	0.663472	0.703485	0.739638	0.839437	0.696468	0.731465	0.721562	0.733027	
3000.000000	0.751476	0.667340	0.701058	0.733166	0.807607	0.699854	0.726750	0.717112	0.733027	
3010.000000	0.753733	0.667340	0.701234	0.738724	0.844464	0.692665	0.733027	0.719979	0.733027	
3020.000000	0.759304	0.661148	0.704444	0.746115	0.846634	0.691036	0.734780	0.725279	0.734780	
3030.000000	0.764417	0.625561	0.696867	0.737808	0.832650	0.702418	0.726620	0.720113	0.734780	
3040.000000	0.763115	0.656493	0.705292	0.749968	0.848383	0.701453	0.737451	0.727630	0.737451	
3050.000000	0.750887	0.651943	0.694993	0.744112	0.827051	0.694028	0.727169	0.719552	0.737451	
3060.000000	0.755137	0.666903	0.698052	0.746534	0.832788	0.690827	0.731707	0.722293	0.737451	
3070.000000	0.754492	0.648099	0.699330	0.753383	0.846521	0.695886	0.732952	0.726356	0.737451	
3080.000000	0.759543	0.646134	0.703511	0.746506	0.831096	0.682249	0.728173	0.725008	0.737451	
3090.000000	0.756003	0.648149	0.708559	0.749307	0.822050	0.701550	0.730936	0.728933	0.737451	
3100.000000	0.764304	0.662871	0.707224	0.744510	0.829240	0.657149	0.727550	0.725867	0.737451	
3110.000000	0.765040	0.636427	0.708772	0.751398	0.846382	0.696477	0.734083	0.730085	0.737451	
3120.000000	0.758139	0.647380	0.701321	0.745231	0.843029	0.694118	0.731537	0.723276	0.737451	
3130.000000	0.763448	0.645434	0.706289	0.743795	0.838066	0.696102	0.732189	0.725042	0.737451	
3140.000000	0.764601	0.647201	0.694709	0.755278	0.845954	0.681226	0.731495	0.724993	0.737451	
3150.000000	0.770264	0.644752	0.704997	0.736150	0.838708	0.699447	0.732386	0.720573	0.737451	
3160.000000	0.776097	0.640720	0.699562	0.742486	0.835569	0.702136	0.732762	0.722311	0.737451	
3170.000000	0.767714	0.640872	0.697658	0.742150	0.841299	0.694974	0.730778	0.719904	0.737451	
3180.000000	0.772393	0.637326	0.705051	0.746335	0.846835	0.688190	0.732688	0.725693	0.737451	
3190.000000	0.774102	0.660150	0.707208	0.671557	0.835002	0.702564	0.725097	0.704886	0.737451	
3200.000000	0.767959	0.650226	0.708880	0.747161	0.836179	0.697873	0.734713	0.728020	0.737451	
3210.000000	0.770724	0.663107	0.710089	0.749538	0.840261	0.700683	0.739067	0.729814	0.739067	
3220.000000	0.767195	0.654732	0.706178	0.755664	0.821534	0.699922	0.734204	0.730921	0.739067	
3230.000000	0.764432	0.656858	0.708409	0.743335	0.826592	0.684826	0.730742	0.725872	0.739067	
3240.000000	0.764684	0.661861	0.708673	0.744306	0.839645	0.691103	0.735045	0.726490	0.739067	
3250.000000	0.765689	0.653096	0.708009	0.745407	0.814445	0.698909	0.730926	0.726708	0.739067	
3260.000000	0.751981	0.652318	0.703849	0.740098	0.831178	0.697324	0.729458	0.721974	0.739067	
3270.000000	0.767558	0.660763	0.706796	0.747188	0.831322	0.694054	0.734614	0.726992	0.739067	
3280.000000	0.750259	0.658718	0.705655	0.745888	0.831958	0.691182	0.730610	0.725771	0.739067	
3290.000000	0.752448	0.657230	0.704872	0.747556	0.830536	0.691098	0.730623	0.726214	0.739067	
3300.000000	0.765127	0.660999	0.704503	0.744401	0.834858	0.698216	0.734684	0.724452	0.739067	
3310.000000	0.760356	0.639483	0.705435	0.741942	0.838676	0.694608	0.730083	0.723688	0.739067	
3320.000000	0.764720	0.654069	0.705310	0.743922	0.834650	0.695309	0.732997	0.724616	0.739067	
3330.000000	0.757258	0.651069	0.706913	0.736927	0.838896	0.697982	0.731507	0.721920	0.739067	
3340.000000	0.769961	0.643878	0.700037	0.738741	0.832002	0.696252	0.730145	0.719389	0.739067	
3350.000000	0.763459	0.650120	0.695334	0.738690	0.831121	0.692035	0.728460	0.717012	0.739067	
3360.000000	0.766704	0.647827	0.703095	0.743624	0.837059	0.693510	0.731970	0.723359	0.739067	
3370.000000	0.761080	0.637630	0.705034	0.751440	0.834191	0.694830	0.730701	0.728237	0.739067	
3380.000000	0.752751	0.665722	0.711351	0.749756	0.829410	0.692308	0.733550	0.730554	0.739067	
3390.000000	0.759345	0.634654	0.699897	0.741075	0.818326	0.697707	0.725167	0.720486	0.739067	
3400.000000	0.765569	0.655693	0.702633	0.736946	0.784985	0.691984	0.722968	0.719789	0.739067	
3410.000000	0.759716	0.654404	0.706970	0.740147	0.833040	0.698746	0.732170	0.723559	0.739067	
3420.000000	0.769192	0.658557	0.708005	0.734066	0.824327	0.704277	0.733071	0.721035	0.739067	
3430.000000	0.766613	0.648031	0.707666	0.740667	0.820112	0.703430	0.731087	0.724167	0.739067	
3440.000000	0.766886	0.655470	0.710367	0.742472	0.810595	0.693979	0.729961	0.726420	0.739067	
3450.000000	0.740482	0.651385	0.709833	0.741431	0.825875	0.704349	0.728892	0.725158	0.739067	
3460.000000	0.763960	0.639229	0.711847	0.749931	0.826202	0.706755	0.732987	0.730889	0.739067	
3470.000000	0.756413	0.659022	0.712243	0.739199	0.816407	0.702683	0.730994	0.725721	0.739067	
3480.000000	0.745978	0.650753	0.704855	0.736039	0.793195	0.695377	0.721033	0.720447	0.739067	
3490.000000	0.754550	0.665320	0.706548	0.742995	0.814816	0.691543	0.729295	0.724771	0.739067	
3500.000000	0.762612	0.689370	0.703699	0.734012	0.822679	0.703552	0.735987	0.718856	0.739067	
3510.000000	0.763890	0.659177	0.706085	0.733922	0.817099	0.701425	0.730266	0.720003	0.739067	
3520.000000	0.762825	0.677897	0.708526	0.742504	0.826963	0.691894	0.735101	0.725515	0.739067	
3530.000000	0.767590	0.666807	0.708977	0.735863	0.832140	0.698937	0.735053	0.722420	0.739067	
3540.000000	0.768625	0.660608	0.703937	0.739474	0.824862	0.697123	0.732438	0.721705	0.739067	
3550.000000	0.659157	0.657645	0.706253	0.744003	0.793616	0.691718	0.708732	0.698986	0.739067	
3560.000000	0.764611	0.663385	0.704902	0.739215	0.837707	0.694107	0.733988	0.722058	0.739067	
3570.000000	0.774473	0.664824	0.713018	0.744847	0.828718	0.613985	0.723311	0.728932	0.739067	
3580.000000	0.777382	0.666367	0.699069	0.729770	0.821679	0.700648	0.732486	0.715209	0.739067	
3590.000000	0.759872	0.664545	0.715039	0.734756	0.805103	0.697917	0.729539	0.724897	0.739067	
3600.000000	0.762541	0.657261	0.708708	0.738241	0.842205	0.691539	0.733416	0.723474	0.739067	
3610.000000	0.779631	0.657633	0.704521	0.740621	0.765189	0.711429	0.726504	0.726025	0.739067	
3620.000000	0.765554	0.664483	0.708968	0.742268	0.838538	0.709791	0.738267	0.726029	0.739067	
3630.000000	0.541703	0.656214	0.524754	0.738357	0.837811	0.696801	0.665940	0.676507	0.739067	
3640.000000	0.766120	0.663001	0.703025	0.737304	0.827957	0.699722	0.732855	0.720165	0.739067	
3650.000000	0.761246	0.657881	0.708486	0.742613	0.830410	0.704204	0.734140	0.725549	0.739067	
3660.000000	0.762309	0.685490	0.703917	0.732699	0.818351	0.701922	0.734115	0.718308	0.739067	
3670.000000	0.746226	0.664185	0.705877	0.741415	0.814791	0.701645	0.729023	0.723646	0.739067	
3680.000000	0.757708	0.645955	0.703945	0.736517	0.819081	0.693673	0.726146	0.720231	0.739067	
3690.000000	0.763256	0.652922	0.705001	0.742939	0.829662	0.697321	0.731850	0.723970	0.739067	
3700.000000	0.761765	0.647740	0.706729	0.744595	0.824799	0.701499	0.731188	0.725662	0.739067	
3710.000000	0.763497	0.659102	0.708362	0.748796	0.828907	0.683399	0.732011	0.728579	0.739067	
3720.000000	0.766141	0.659239	0.707519	0.742731	0.824925	0.699480	0.733339	0.725125	0.739067	
3730.000000	0.761863	0.658265	0.709019	0.744722	0.830844	0.687022	0.731956	0.726871	0.739067	
3740.000000	0.766980	0.670080	0.715025	0.753901	0.836242	0.702132	0.740727	0.734463	0.740727	
3750.000000	0.763239	0.665648	0.709687	0.752553	0.835562	0.696565	0.737209	0.731120	0.740727	
3760.000000	0.758097	0.673136	0.711290	0.749189	0.837575	0.700293	0.738263	0.730239	0.740727	
3770.000000	0.758216	0.664706	0.709350	0.754595	0.830593	0.698761	0.736037	0.731973	0.740727	
3780.000000	0.763427	0.664074	0.711906	0.744489	0.817917	0.704048	0.734310	0.728197	0.740727	
3790.000000	0.760346	0.666193	0.715903	0.746913	0.834153	0.700293	0.737300	0.731408	0.740727	
3800.000000	0.751399	0.689023	0.714753	0.753115	0.825994	0.701616	0.739317	0.733076	0.740727	
3810.000000	0.745006	0.672429	0.715615	0.746749	0.835323	0.696590	0.735285	0.730311	0.740727	
3820.000000	0.750438	0.663131	0.724599	0.746120	0.838796	0.702112	0.737533	0.735359	0.740727	
3830.000000	0.751467	0.686538	0.710551	0.753138	0.840714	0.695896	0.739717	0.731009	0.740727	
3840.000000	0.763568	0.672931	0.718850	0.737001	0.841394	0.703064	0.739468	0.727926	0.740727	
3850.000000	0.760380	0.688125	0.717480	0.741343	0.830964	0.694359	0.738775	0.729411	0.740727	
3860.000000	0.755237	0.676465	0.715958	0.748980	0.841847	0.696631	0.739186	0.732469	0.740727	
3870.000000	0.738602	0.687945	0.714195	0.744348	0.838318	0.706415	0.738304	0.726398	0.740727	
3880.000000	0.757668	0.686854	0.673003	0.700807	0.829007	0.705648	0.725498	0.703227	0.740727	
3890.000000	0.761276	0.671059	0.721928	0.751979	0.828687	0.708496	0.740571	0.736953	0.740727	
3900.000000	0.760467	0.667346	0.720062	0.747357	0.834543	0.700809	0.738431	0.733709	0.740727	
3910.000000	0.769367	0.668899	0.728586	0.757172	0.838846	0.704361	0.744538	0.742879	0.744538	
3920.000000	0.752472	0.650802	0.723636	0.760100	0.839010	0.703483	0.738251	0.738054	0.744538	
3930.000000	0.755592	0.660032	0.722637	0.749136	0.840966	0.688167	0.736088	0.735887	0.744538	
3940.000000	0.758065	0.656858	0.715134	0.745925	0.841325	0.700578	0.736314	0.730530	0.744538	
3950.000000	0.752542	0.656802	0.712298	0.746413	0.836563	0.691455	0.732679	0.729356	0.744538	
3960.000000	0.758216	0.670074	0.716907	0.750984	0.836386	0.699039	0.738601	0.733946	0.744538	
3970.000000	0.746625	0.658327	0.715135	0.751257	0.828114	0.685736	0.730866	0.730880	0.744538	
3980.000000	0.749288	0.655259	0.716400	0.751528	0.816370	0.699993	0.731473	0.732844	0.744538	
3990.000000	0.756861	0.676378	0.719499	0.743325	0.830574	0.694548	0.736864	0.731412	0.744538	
4000.000000	0.681857	0.668623	0.710501	0.743499	0.828020	0.699604	0.722018	0.705053	0.744538	
4010.000000	0.740243	0.659127	0.705704	0.740496	0.831310	0.694484	0.728561	0.722974	0.744538	
4020.000000	0.759232	0.642688	0.701931	0.742634	0.826781	0.703942	0.729535	0.723288	0.744538	
4030.000000	0.765518	0.657125	0.709386	0.744140	0.823943	0.695487	0.732600	0.726763	0.744538	
4040.000000	0.713436	0.665629	0.708191	0.746500	0.834468	0.699943	0.728028	0.710814	0.744538	
4050.000000	0.764402	0.674432	0.711060	0.749858	0.830077	0.707482	0.739552	0.730459	0.744538	
4060.000000	0.757920	0.678281	0.710303	0.749742	0.833612	0.702449	0.738718	0.730023	0.744538	
4070.000000	0.748661	0.670483	0.660644	0.738433	0.835908	0.691135	0.724211	0.714784	0.744538	
4080.000000	0.768264	0.632330	0.721334	0.744487	0.833414	0.699843	0.733279	0.732910	0.744538	
4090.000000	0.763122	0.676310	0.708740	0.747660	0.828957	0.703580	0.738061	0.728200	0.744538	
4100.000000	0.763450	0.672374	0.714486	0.752391	0.834814	0.694724	0.738706	0.733438	0.744538	
4110.000000	0.761492	0.672299	0.717952	0.751905	0.839003	0.699087	0.740290	0.734929	0.744538	
4120.000000	0.762565	0.673750	0.708345	0.750505	0.821377	0.708245	0.737465	0.729425	0.744538	
4130.000000	0.751006	0.672603	0.717716	0.752145	0.833128	0.702064	0.738110	0.734361	0.744538	
4140.000000	0.765970	0.688887	0.711450	0.746571	0.830869	0.708250	0.742000	0.729010	0.744538	
4150.000000	0.772617	0.682192	0.719372	0.751343	0.844803	0.700123	0.745075	0.735357	0.745075	
4160.000000	0.762567	0.674177	0.718391	0.747279	0.829838	0.709400	0.740275	0.732835	0.745075	
4170.000000	0.736200	0.681690	0.714115	0.752745	0.833342	0.700009	0.736350	0.725158	0.745075	
4180.000000	0.771471	0.692594	0.715007	0.747195	0.842557	0.697978	0.744467	0.731101	0.745075	
4190.000000	0.769081	0.671431	0.721589	0.744193	0.837714	0.706825	0.741806	0.732891	0.745075	
4200.000000	0.771068	0.681715	0.719332	0.746240	0.836795	0.708100	0.743875	0.732786	0.745075	
4210.000000	0.776283	0.687263	0.724028	0.751526	0.844615	0.701839	0.747592	0.737777	0.747592	
4220.000000	0.759463	0.677395	0.716561	0.761433	0.822968	0.709711	0.741255	0.738012	0.747592	
4230.000000	0.765923	0.669981	0.704268	0.750374	0.843048	0.699522	0.738853	0.727321	0.747592	
4240.000000	0.755698	0.680612	0.714732	0.757428	0.847055	0.702669	0.743032	0.735215	0.747592	
4250.000000	0.763584	0.667421	0.715597	0.761856	0.849641	0.706151	0.744042	0.738727	0.747592	
4260.000000	0.748541	0.658811	0.713319	0.753707	0.847741	0.710209	0.738721	0.730930	0.747592	
4270.000000	0.769798	0.663987	0.716200	0.754658	0.850893	0.706638	0.743696	0.735429	0.747592	
4280.000000	0.772374	0.679471	0.705550	0.760188	0.815501	0.702024	0.739185	0.732869	0.747592	
4290.000000	0.755907	0.677221	0.719973	0.734577	0.841633	0.704480	0.738965	0.727275	0.747592	
4300.000000	0.767473	0.682955	0.720392	0.753709	0.839142	0.704597	0.744711	0.737051	0.747592	
4310.000000	0.774678	0.687579	0.708020	0.704198	0.837733	0.710417	0.737104	0.709219	0.747592	
4320.000000	0.773586	0.683661	0.719378	0.761262	0.846420	0.719242	0.750591	0.740320	0.750591	
4330.000000	0.762913	0.684393	0.723684	0.763452	0.842023	0.703591	0.746676	0.743298	0.750591	
4340.000000	0.765913	0.675070	0.718433	0.749916	0.842444	0.715961	0.744623	0.734174	0.750591	
4350.000000	0.760610	0.681356	0.719216	0.756860	0.841224	0.697791	0.742843	0.738038	0.750591	
4360.000000	0.774128	0.679223	0.718209	0.752048	0.849993	0.696962	0.745094	0.735129	0.750591	
4370.000000	0.758658	0.686972	0.724185	0.748343	0.846194	0.705546	0.744983	0.736264	0.750591	
4380.000000	0.763348	0.676787	0.727379	0.759671	0.831083	0.712297	0.745094	0.743525	0.750591	
4390.000000	0.768243	0.686755	0.735253	0.755208	0.827567	0.718086	0.748519	0.745231	0.750591	
4400.000000	0.777777	0.692727	0.703215	0.754359	0.833851	0.705657	0.744598	0.730008	0.750591	
4410.000000	0.769510	0.686612	0.721779	0.749673	0.834298	0.711034	0.745484	0.735726	0.750591	
4420.000000	0.774078	0.666751	0.733319	0.763306	0.810815	0.718928	0.744533	0.748313	0.750591	
4430.000000	0.773012	0.700695	0.714975	0.764738	0.827806	0.709711	0.748490	0.739857	0.750591	
4440.000000	0.768036	0.675163	0.719342	0.760804	0.808808	0.721903	0.742343	0.741353	0.750591	
4450.000000	0.775604	0.696741	0.712685	0.748965	0.830719	0.706548	0.745210	0.730825	0.750591	
4460.000000	0.778216	0.685385	0.711125	0.758710	0.844369	0.708483	0.747715	0.734918	0.750591	
4470.000000	0.754173	0.667818	0.722059	0.747447	0.793843	0.713426	0.733128	0.734753	0.750591	
4480.000000	0.768083	0.688565	0.718619	0.686410	0.846804	0.703018	0.735250	0.710819	0.750591	
4490.000000	0.755370	0.695594	0.716586	0.753126	0.845885	0.706874	0.745573	0.734856	0.750591	
4500.000000	0.782780	0.681969	0.716842	0.754320	0.833461	0.717480	0.747809	0.735900	0.750591	
4510.000000	0.766339	0.680698	0.716953	0.663923	0.839569	0.702138	0.728270	0.709546	0.750591	
4520.000000	0.773838	0.687529	0.711018	0.739908	0.819980	0.715688	0.741327	0.727798	0.750591	
4530.000000	0.753697	0.680010	0.712063	0.740411	0.829341	0.713274	0.738133	0.726842	0.750591	
4540.000000	0.764297	0.690232	0.712489	0.741715	0.838261	0.705505	0.742083	0.727102	0.750591	
4550.000000	0.769670	0.685087	0.712948	0.746976	0.832731	0.694912	0.740387	0.729962	0.750591	
4560.000000	0.769864	0.686978	0.705569	0.738498	0.831222	0.713265	0.740899	0.725881	0.750591	
4570.000000	0.752954	0.681312	0.711472	0.741070	0.826938	0.695143	0.734815	0.726271	0.750591	
4580.000000	0.770784	0.678269	0.707151	0.742035	0.831794	0.593250	0.720547	0.724593	0.750591	
4590.000000	0.766145	0.680333	0.713287	0.744662	0.828643	0.713120	0.741032	0.728975	0.750591	
4600.000000	0.767380	0.679112	0.711640	0.671473	0.820326	0.711378	0.726885	0.711509	0.750591	
4610.000000	0.747165	0.665791	0.710515	0.753455	0.835449	0.705813	0.736365	0.728840	0.750591	
4620.000000	0.768328	0.682347	0.727637	0.757618	0.797347	0.712848	0.741021	0.742628	0.750591	
4630.000000	0.748964	0.670812	0.719610	0.749791	0.838664	0.708547	0.739398	0.734287	0.750591	
4640.000000	0.767027	0.682174	0.715861	0.753729	0.827491	0.700163	0.741074	0.734795	0.750591	
4650.000000	0.761630	0.656740	0.714090	0.754026	0.828422	0.708422	0.737222	0.734058	0.750591	
4660.000000	0.774055	0.677785	0.713884	0.751515	0.836720	0.702564	0.742754	0.732699	0.750591	
4670.000000	0.773029	0.679341	0.719854	0.751664	0.827825	0.719156	0.745145	0.735759	0.750591	
4680.000000	0.768471	0.684027	0.721986	0.755217	0.838563	0.716018	0.747380	0.738601	0.750591	
4690.000000	0.767336	0.695861	0.712031	0.749323	0.841381	0.707604	0.745589	0.730677	0.750591	
4700.000000	0.770861	0.695904	0.721852	0.749356	0.845407	0.708007	0.748564	0.735604	0.750591	
4710.000000	0.765337	0.686023	0.720571	0.745724	0.844174	0.711175	0.745501	0.733147	0.750591	
4720.000000	0.755348	0.693697	0.722538	0.760843	0.849628	0.699993	0.747008	0.738943	0.750591	
4730.000000	0.765985	0.685242	0.723351	0.758713	0.853101	0.715970	0.750394	0.741032	0.750591	
4740.000000	0.768431	0.688558	0.726567	0.759846	0.847382	0.711484	0.750378	0.743206	0.750591	
4750.000000	0.755602	0.684945	0.729511	0.765147	0.847577	0.712831	0.749269	0.742557	0.750591	
4760.000000	0.763077	0.687492	0.729889	0.690862	0.840853	0.659872	0.728674	0.710376	0.750591	
4770.000000	0.760883	0.693517	0.725877	0.745152	0.832832	0.718322	0.746097	0.735514	0.750591	
4780.000000	0.757864	0.695879	0.725659	0.755833	0.803084	0.710101	0.741403	0.740746	0.750591	
4790.000000	0.760493	0.684238	0.727438	0.750177	0.845791	0.711949	0.746681	0.738808	0.750591	
4800.000000	0.771328	0.669665	0.725263	0.759208	0.855642	0.703499	0.747434	0.742235	0.750591	
4810.000000	0.771939	0.696673	0.729010	0.755962	0.838009	0.701673	0.748878	0.742486	0.750591	
4820.000000	0.741404	0.682701	0.724524	0.760688	0.821635	0.710320	0.740212	0.732964	0.750591	
4830.000000	0.758397	0.688955	0.727391	0.758471	0.855126	0.703011	0.748559	0.742894	0.750591	
4840.000000	0.754407	0.688329	0.731035	0.758181	0.851830	0.712066	0.749308	0.742721	0.750591	
4850.000000	0.762729	0.690790	0.711490	0.763691	0.854617	0.704059	0.747896	0.737110	0.750591	
4860.000000	0.719558	0.691019	0.729816	0.763593	0.849483	0.708992	0.743744	0.724687	0.750591	
4870.000000	0.729715	0.681585	0.728170	0.761840	0.839702	0.711556	0.742095	0.728942	0.750591	
4880.000000	0.736722	0.624117	0.695670	0.684878	0.838576	0.706021	0.714331	0.700845	0.750591	
4890.000000	0.760982	0.694385	0.725322	0.760440	0.834568	0.711306	0.747834	0.742881	0.750591	
4900.000000	0.754870	0.660906	0.728588	0.753339	0.820062	0.707220	0.737498	0.740963	0.750591	
4910.000000	0.760807	0.681758	0.718413	0.750360	0.852811	0.695461	0.743268	0.734386	0.750591	
4920.000000	0.759149	0.683643	0.725744	0.752310	0.846722	0.709667	0.746206	0.739027	0.750591	
4930.000000	0.760222	0.686848	0.690556	0.731896	0.838431	0.699129	0.734514	0.715513	0.750591	
4940.000000	0.710782	0.687715	0.722812	0.746874	0.793783	0.701598	0.727261	0.716797	0.750591	
4950.000000	0.754058	0.664855	0.717578	0.750855	0.838815	0.694246	0.736734	0.734216	0.750591	
4960.000000	0.760060	0.689811	0.723680	0.749117	0.838053	0.704678	0.744233	0.736399	0.750591	
4970.000000	0.737489	0.687486	0.727728	0.743353	0.837531	0.699857	0.738907	0.732608	0.750591	
4980.000000	0.757935	0.677934	0.726301	0.753811	0.846835	0.708344	0.745193	0.740056	0.750591	
4990.000000	0.761477	0.671400	0.732444	0.750141	0.848917	0.708982	0.745560	0.741292	0.750591	
5000.000000	0.762972	0.658296	0.728306	0.736106	0.846382	0.712000	0.740677	0.732206	0.750591	
