Epoch	AUC-21	AUC-22	AUC-23	AUC-24	AUC-25	AUC-26	AUC-Avg	AUC-Mid	AUC-Best	
1.000000	0.479813	0.487993	0.442379	0.453246	0.440185	0.484091	0.464618	0.466530	0.464618	
10.000000	0.504726	0.462783	0.449446	0.475966	0.472148	0.497677	0.477124	0.474057	0.477124	
20.000000	0.516037	0.493219	0.490670	0.491166	0.590601	0.505575	0.514545	0.499397	0.514545	
30.000000	0.560278	0.514356	0.520720	0.577101	0.617321	0.532957	0.553789	0.546618	0.553789	
40.000000	0.574100	0.553535	0.539880	0.600745	0.703279	0.534924	0.584411	0.563818	0.584411	
50.000000	0.573472	0.543416	0.565879	0.595907	0.693353	0.555075	0.587850	0.569675	0.587850	
60.000000	0.586298	0.557567	0.570916	0.612016	0.706953	0.538073	0.595304	0.578607	0.595304	
70.000000	0.573927	0.570746	0.565697	0.605591	0.707699	0.541187	0.594141	0.572337	0.595304	
80.000000	0.611948	0.548046	0.585350	0.608377	0.741662	0.564109	0.609915	0.596864	0.609915	
90.000000	0.602620	0.541835	0.577948	0.610925	0.732833	0.559315	0.604246	0.590284	0.609915	
100.000000	0.610601	0.540521	0.570943	0.608326	0.734978	0.561013	0.604397	0.589635	0.609915	
110.000000	0.633334	0.533132	0.568143	0.602441	0.729867	0.565090	0.605335	0.585292	0.609915	
120.000000	0.635161	0.549301	0.577325	0.613129	0.743823	0.562760	0.613583	0.595227	0.613583	
130.000000	0.632174	0.556266	0.587941	0.617815	0.746443	0.572928	0.618928	0.602878	0.618928	
140.000000	0.645581	0.556185	0.589458	0.620468	0.758200	0.574655	0.624091	0.604963	0.624091	
150.000000	0.650923	0.578714	0.593246	0.618007	0.764981	0.572853	0.629787	0.605626	0.629787	
160.000000	0.645322	0.561683	0.596793	0.619802	0.759923	0.595853	0.629896	0.608297	0.629896	
170.000000	0.653708	0.545288	0.594889	0.624405	0.753689	0.590833	0.627135	0.609647	0.629896	
180.000000	0.658591	0.566586	0.604035	0.627160	0.754470	0.604204	0.635841	0.615682	0.635841	
190.000000	0.662356	0.580546	0.601348	0.639387	0.761861	0.601268	0.641128	0.620368	0.641128	
200.000000	0.668613	0.577261	0.617069	0.635191	0.752853	0.611739	0.643788	0.626130	0.643788	
210.000000	0.654766	0.568992	0.604201	0.643951	0.754564	0.602418	0.638149	0.624076	0.643788	
220.000000	0.657640	0.572853	0.605260	0.647959	0.778059	0.599839	0.643602	0.626610	0.643788	
230.000000	0.660698	0.569128	0.600559	0.644763	0.768410	0.596947	0.640084	0.622661	0.643788	
240.000000	0.642231	0.567640	0.606278	0.637666	0.764421	0.595088	0.635554	0.621972	0.643788	
250.000000	0.647961	0.578463	0.608852	0.647106	0.765522	0.599199	0.641184	0.627979	0.643788	
260.000000	0.657237	0.568347	0.605218	0.645936	0.770517	0.604352	0.641934	0.625577	0.643788	
270.000000	0.656199	0.567225	0.606094	0.647833	0.769448	0.603276	0.641679	0.626963	0.643788	
280.000000	0.655092	0.568489	0.606494	0.643843	0.768762	0.604055	0.641123	0.625168	0.643788	
290.000000	0.670129	0.567275	0.608951	0.651853	0.773102	0.612028	0.647223	0.631941	0.647223	
300.000000	0.672956	0.568118	0.614303	0.653072	0.775178	0.606437	0.648344	0.633687	0.648344	
310.000000	0.677406	0.581129	0.610390	0.643371	0.776267	0.620439	0.651500	0.631905	0.651500	
320.000000	0.680356	0.578643	0.611129	0.659711	0.796221	0.615611	0.656945	0.637661	0.656945	
330.000000	0.678254	0.585276	0.612496	0.655619	0.780016	0.619415	0.655179	0.637517	0.656945	
340.000000	0.687515	0.572137	0.611634	0.661622	0.789131	0.619275	0.656886	0.640448	0.656945	
350.000000	0.681167	0.573737	0.609269	0.649022	0.763843	0.616545	0.648930	0.632784	0.656945	
360.000000	0.677955	0.573374	0.608234	0.649431	0.790886	0.616770	0.652775	0.633101	0.656945	
370.000000	0.673646	0.577310	0.612300	0.638143	0.786483	0.626885	0.652461	0.632514	0.656945	
380.000000	0.682908	0.562288	0.617017	0.647437	0.781563	0.631843	0.653843	0.639640	0.656945	
390.000000	0.676522	0.568248	0.610994	0.652096	0.790874	0.620639	0.653229	0.636368	0.656945	
400.000000	0.670434	0.588772	0.617997	0.662748	0.786803	0.621387	0.658024	0.642067	0.658024	
410.000000	0.670304	0.576982	0.615455	0.663000	0.785118	0.625677	0.656089	0.644339	0.658024	
420.000000	0.668479	0.585654	0.621474	0.664936	0.783859	0.617440	0.656974	0.643205	0.658024	
430.000000	0.672675	0.582616	0.616112	0.663976	0.793874	0.620026	0.658213	0.642001	0.658213	
440.000000	0.673358	0.571620	0.615206	0.659954	0.773971	0.615481	0.651598	0.637717	0.658213	
450.000000	0.681057	0.582443	0.614154	0.655124	0.781236	0.624317	0.656389	0.639720	0.658213	
460.000000	0.681498	0.577781	0.620019	0.667391	0.785445	0.630898	0.660505	0.649145	0.660505	
470.000000	0.686167	0.584185	0.622702	0.673377	0.788326	0.631733	0.664415	0.652555	0.664415	
480.000000	0.687840	0.586001	0.624839	0.672751	0.794478	0.637417	0.667221	0.655084	0.667221	
490.000000	0.686324	0.584271	0.623203	0.678027	0.799649	0.633923	0.667566	0.655975	0.667566	
500.000000	0.690142	0.582127	0.627103	0.670951	0.799548	0.635559	0.667572	0.653255	0.667572	
510.000000	0.692941	0.582430	0.619007	0.662078	0.804424	0.636887	0.666295	0.649483	0.667572	
520.000000	0.697044	0.589664	0.623279	0.658085	0.805820	0.634579	0.668078	0.646332	0.668078	
530.000000	0.689822	0.588059	0.624870	0.658534	0.801020	0.630494	0.665466	0.644514	0.668078	
540.000000	0.696407	0.585474	0.626756	0.666972	0.801932	0.637238	0.669130	0.652105	0.669130	
550.000000	0.690462	0.584395	0.616790	0.666845	0.801977	0.629916	0.665064	0.648381	0.669130	
560.000000	0.700787	0.577217	0.625515	0.670849	0.799643	0.636215	0.668371	0.653532	0.669130	
570.000000	0.699388	0.573721	0.620487	0.665094	0.795057	0.632789	0.664422	0.648941	0.669130	
580.000000	0.692679	0.586999	0.620366	0.666937	0.799973	0.635586	0.667090	0.651262	0.669130	
590.000000	0.685234	0.589571	0.616446	0.671809	0.800247	0.635856	0.666527	0.653833	0.669130	
600.000000	0.694631	0.596049	0.614309	0.667513	0.796692	0.631321	0.666753	0.649417	0.669130	
610.000000	0.698289	0.594784	0.621309	0.669655	0.801618	0.637130	0.670464	0.653392	0.670464	
620.000000	0.698063	0.595820	0.622050	0.678589	0.795170	0.636387	0.671013	0.657488	0.671013	
630.000000	0.695778	0.603946	0.620715	0.674476	0.789861	0.633036	0.669635	0.653756	0.671013	
640.000000	0.700239	0.602750	0.619806	0.672910	0.773986	0.632723	0.667069	0.652816	0.671013	
650.000000	0.702743	0.594493	0.619125	0.666221	0.796283	0.633812	0.668780	0.650017	0.671013	
660.000000	0.689355	0.597890	0.627606	0.680102	0.789452	0.632870	0.669546	0.656486	0.671013	
670.000000	0.682637	0.597828	0.625203	0.677611	0.778355	0.627842	0.664913	0.652727	0.671013	
680.000000	0.684031	0.602180	0.620988	0.675757	0.778858	0.637835	0.666608	0.656796	0.671013	
690.000000	0.707421	0.593681	0.623362	0.668984	0.781255	0.636748	0.668575	0.652866	0.671013	
700.000000	0.700523	0.602582	0.624096	0.668008	0.769687	0.640373	0.667545	0.654190	0.671013	
710.000000	0.700316	0.596130	0.624559	0.671989	0.777908	0.639300	0.668367	0.655645	0.671013	
720.000000	0.690334	0.596464	0.624349	0.674036	0.792610	0.637575	0.669228	0.655806	0.671013	
730.000000	0.698067	0.593737	0.628545	0.672561	0.796183	0.638316	0.671235	0.655438	0.671235	
740.000000	0.698600	0.590420	0.632391	0.672015	0.805946	0.635999	0.672562	0.654007	0.672562	
750.000000	0.707445	0.596306	0.637224	0.684589	0.803971	0.643693	0.678871	0.664141	0.678871	
760.000000	0.710387	0.595361	0.639930	0.687622	0.809563	0.644903	0.681294	0.666262	0.681294	
770.000000	0.708369	0.587898	0.640951	0.693132	0.811972	0.637039	0.679893	0.667041	0.681294	
780.000000	0.707673	0.600149	0.643941	0.694376	0.814476	0.646001	0.684436	0.670189	0.684436	
790.000000	0.716810	0.613368	0.646511	0.699935	0.808041	0.643970	0.688106	0.673223	0.688106	
800.000000	0.704507	0.614183	0.642778	0.691862	0.778959	0.637460	0.678291	0.667320	0.688106	
810.000000	0.709291	0.606153	0.618030	0.684349	0.797384	0.637081	0.675381	0.660715	0.688106	
820.000000	0.704694	0.586453	0.632504	0.692269	0.800310	0.629876	0.674351	0.662387	0.688106	
830.000000	0.707878	0.599223	0.631670	0.686414	0.796384	0.635377	0.676158	0.660896	0.688106	
840.000000	0.715395	0.588115	0.640531	0.689979	0.804141	0.637670	0.679305	0.665255	0.688106	
850.000000	0.704499	0.586776	0.639528	0.688945	0.815772	0.638333	0.678976	0.664237	0.688106	
860.000000	0.691589	0.609327	0.640192	0.697897	0.795799	0.634213	0.678169	0.665890	0.688106	
870.000000	0.678193	0.620360	0.642477	0.698989	0.804222	0.636103	0.680057	0.660335	0.688106	
880.000000	0.691296	0.620329	0.630517	0.703037	0.795422	0.640719	0.680220	0.666007	0.688106	
890.000000	0.702992	0.619003	0.636278	0.703666	0.796944	0.641925	0.683468	0.672458	0.688106	
900.000000	0.688768	0.624712	0.637531	0.702664	0.795560	0.644261	0.682249	0.666515	0.688106	
910.000000	0.694271	0.617335	0.637959	0.709757	0.799913	0.641812	0.683508	0.668041	0.688106	
920.000000	0.693353	0.623546	0.637436	0.703324	0.787086	0.643446	0.681365	0.668399	0.688106	
930.000000	0.686072	0.617881	0.640109	0.696622	0.783753	0.644356	0.678132	0.665214	0.688106	
940.000000	0.671130	0.624048	0.627722	0.700835	0.786734	0.633384	0.673976	0.652257	0.688106	
950.000000	0.711019	0.613058	0.640438	0.695338	0.801524	0.649771	0.685191	0.672555	0.688106	
960.000000	0.695150	0.607523	0.646594	0.697988	0.800083	0.647720	0.682510	0.671435	0.688106	
970.000000	0.703086	0.609370	0.644640	0.709729	0.809632	0.645089	0.686925	0.674088	0.688106	
980.000000	0.690074	0.621426	0.649029	0.706342	0.796887	0.650712	0.685745	0.670393	0.688106	
990.000000	0.707246	0.616796	0.648439	0.708965	0.812029	0.649692	0.690528	0.678469	0.690528	
1000.000000	0.697715	0.619790	0.644882	0.702846	0.799907	0.639425	0.684094	0.671298	0.690528	
1010.000000	0.683824	0.627166	0.631333	0.697439	0.795541	0.632324	0.677938	0.658074	0.690528	
1020.000000	0.689980	0.619052	0.638133	0.686133	0.776128	0.627170	0.672766	0.662133	0.690528	
1030.000000	0.670360	0.621129	0.641835	0.708336	0.785237	0.643724	0.678437	0.657042	0.690528	
1040.000000	0.699578	0.619592	0.646301	0.704566	0.808884	0.647647	0.687761	0.673612	0.690528	
1050.000000	0.707847	0.620193	0.655913	0.709780	0.808582	0.656047	0.693060	0.681947	0.693060	
1060.000000	0.709561	0.616319	0.656438	0.718997	0.813092	0.644290	0.693116	0.683000	0.693116	
1070.000000	0.698269	0.616399	0.652741	0.714575	0.815602	0.643578	0.690194	0.675505	0.693116	
1080.000000	0.712905	0.616040	0.648878	0.720820	0.815451	0.642842	0.692823	0.680891	0.693116	
1090.000000	0.702602	0.608725	0.657274	0.721135	0.815602	0.650692	0.692672	0.679938	0.693116	
1100.000000	0.713675	0.633917	0.656783	0.713973	0.823340	0.653274	0.699160	0.685229	0.699160	
1110.000000	0.699317	0.604299	0.660399	0.712375	0.812432	0.612114	0.683489	0.679858	0.699160	
1120.000000	0.714065	0.604696	0.653375	0.710326	0.808783	0.653929	0.690862	0.682127	0.699160	
1130.000000	0.706248	0.606488	0.652211	0.719209	0.810425	0.652454	0.691172	0.679351	0.699160	
1140.000000	0.715222	0.641114	0.668388	0.717469	0.810802	0.658247	0.701874	0.691805	0.701874	
1150.000000	0.713039	0.617168	0.659194	0.712107	0.809997	0.655711	0.694536	0.685650	0.701874	
1160.000000	0.704368	0.615153	0.651159	0.716511	0.812450	0.656351	0.692666	0.680360	0.701874	
1170.000000	0.699407	0.611595	0.656527	0.709477	0.813155	0.657200	0.691227	0.678303	0.701874	
1180.000000	0.695732	0.614100	0.659244	0.708378	0.770360	0.653884	0.683616	0.677488	0.701874	
1190.000000	0.714237	0.624867	0.666087	0.717335	0.797919	0.653918	0.695727	0.690162	0.701874	
1200.000000	0.708682	0.625121	0.664375	0.719965	0.823610	0.653603	0.699226	0.686529	0.701874	
1210.000000	0.719134	0.622214	0.661087	0.717439	0.803706	0.650547	0.695688	0.689263	0.701874	
1220.000000	0.713102	0.608124	0.658364	0.711267	0.819295	0.656056	0.694368	0.684815	0.701874	
1230.000000	0.715974	0.611831	0.657522	0.711718	0.816149	0.641138	0.692389	0.684620	0.701874	
1240.000000	0.722307	0.601628	0.655685	0.708665	0.808406	0.650917	0.691268	0.682175	0.701874	
1250.000000	0.721137	0.595163	0.662885	0.707237	0.796994	0.649691	0.688851	0.685061	0.701874	
1260.000000	0.715545	0.618203	0.661990	0.710564	0.805090	0.653331	0.694120	0.686277	0.701874	
1270.000000	0.720661	0.602564	0.664633	0.710976	0.809884	0.654927	0.693941	0.687804	0.701874	
1280.000000	0.722563	0.603599	0.661015	0.708716	0.818181	0.656543	0.695103	0.684865	0.701874	
1290.000000	0.724577	0.611316	0.669468	0.718755	0.822654	0.663884	0.701776	0.694111	0.701874	
1300.000000	0.722775	0.634221	0.654710	0.711605	0.813665	0.659365	0.699390	0.685485	0.701874	
1310.000000	0.713080	0.644318	0.653283	0.709069	0.817496	0.656658	0.698984	0.682864	0.701874	
1320.000000	0.723126	0.627675	0.655279	0.709916	0.813595	0.654918	0.697418	0.682597	0.701874	
1330.000000	0.717521	0.613473	0.664718	0.713194	0.797397	0.653810	0.693352	0.688956	0.701874	
1340.000000	0.715318	0.632491	0.670130	0.710906	0.816332	0.651340	0.699420	0.690518	0.701874	
1350.000000	0.722861	0.634909	0.665380	0.710361	0.819691	0.665895	0.703183	0.688128	0.703183	
1360.000000	0.720484	0.645267	0.663561	0.698001	0.801568	0.662101	0.698497	0.680781	0.703183	
1370.000000	0.713392	0.651819	0.668507	0.713215	0.818137	0.666292	0.705227	0.690861	0.705227	
1380.000000	0.715385	0.626026	0.667300	0.724494	0.797466	0.645245	0.695986	0.691342	0.705227	
1390.000000	0.724985	0.621154	0.663484	0.720406	0.808409	0.648497	0.697822	0.691945	0.705227	
1400.000000	0.727009	0.616935	0.677818	0.723430	0.815527	0.667024	0.704624	0.700624	0.705227	
1410.000000	0.660329	0.618172	0.672616	0.717129	0.817140	0.666203	0.691931	0.669409	0.705227	
1420.000000	0.731898	0.625356	0.680677	0.716319	0.815847	0.658000	0.704683	0.698498	0.705227	
1430.000000	0.725430	0.625257	0.669363	0.705424	0.813256	0.659711	0.699740	0.687393	0.705227	
1440.000000	0.721391	0.629379	0.667635	0.713355	0.815162	0.666845	0.702295	0.690495	0.705227	
1450.000000	0.735333	0.639186	0.665196	0.704422	0.818125	0.666316	0.704763	0.685369	0.705227	
1460.000000	0.727699	0.627117	0.659386	0.703252	0.801385	0.667533	0.697729	0.685392	0.705227	
1470.000000	0.729024	0.633917	0.662220	0.710816	0.812136	0.668666	0.702796	0.689741	0.705227	
1480.000000	0.730449	0.633471	0.669670	0.716476	0.814960	0.660545	0.704262	0.693073	0.705227	
1490.000000	0.723975	0.635002	0.670627	0.712352	0.802297	0.661488	0.700957	0.691489	0.705227	
1500.000000	0.729549	0.634834	0.674707	0.719076	0.810595	0.662218	0.705163	0.696891	0.705227	
1510.000000	0.727039	0.633675	0.669430	0.712990	0.819389	0.659689	0.703702	0.691210	0.705227	
1520.000000	0.718174	0.638126	0.665675	0.716321	0.814319	0.660251	0.702144	0.690998	0.705227	
1530.000000	0.720019	0.648645	0.669331	0.720163	0.801631	0.664594	0.704064	0.694675	0.705227	
1540.000000	0.709051	0.636359	0.664108	0.729909	0.804883	0.665057	0.701561	0.687054	0.705227	
1550.000000	0.719762	0.627086	0.658720	0.722699	0.801253	0.655688	0.697535	0.689241	0.705227	
1560.000000	0.698320	0.638451	0.667308	0.723876	0.805361	0.649250	0.697094	0.682814	0.705227	
1570.000000	0.690626	0.641095	0.673853	0.698822	0.808833	0.648920	0.693692	0.682239	0.705227	
1580.000000	0.719586	0.642279	0.667915	0.721290	0.771857	0.659290	0.697036	0.693751	0.705227	
1590.000000	0.705551	0.621253	0.657016	0.702294	0.776046	0.659153	0.686886	0.680724	0.705227	
1600.000000	0.716744	0.631809	0.673894	0.699865	0.815917	0.665736	0.700661	0.686880	0.705227	
1610.000000	0.728603	0.637332	0.671905	0.704762	0.818672	0.669899	0.705196	0.688334	0.705227	
1620.000000	0.720419	0.623063	0.664668	0.714829	0.807883	0.668304	0.699861	0.691566	0.705227	
1630.000000	0.733530	0.639347	0.661705	0.711859	0.821352	0.660366	0.704693	0.686782	0.705227	
1640.000000	0.730543	0.643491	0.665525	0.713076	0.821811	0.665256	0.706617	0.689300	0.706617	
1650.000000	0.735139	0.625598	0.670250	0.711436	0.814224	0.666477	0.703854	0.690843	0.706617	
1660.000000	0.727726	0.631208	0.672071	0.705669	0.815967	0.672956	0.704266	0.689313	0.706617	
1670.000000	0.714435	0.617906	0.670655	0.718294	0.813130	0.673781	0.701367	0.694108	0.706617	
1680.000000	0.718861	0.618451	0.676403	0.724177	0.816558	0.660161	0.702435	0.697632	0.706617	
1690.000000	0.600233	0.622505	0.679044	0.725852	0.818666	0.655172	0.683578	0.667108	0.706617	
1700.000000	0.715101	0.614943	0.679628	0.724293	0.812438	0.651389	0.699632	0.697365	0.706617	
1710.000000	0.720568	0.618761	0.675002	0.730975	0.837393	0.663119	0.707636	0.697785	0.707636	
1720.000000	0.707204	0.625108	0.675054	0.727681	0.830014	0.657808	0.703812	0.691129	0.707636	
1730.000000	0.718423	0.624600	0.668041	0.723224	0.815577	0.654797	0.700777	0.693232	0.707636	
1740.000000	0.721989	0.640246	0.681648	0.732118	0.820307	0.664679	0.710164	0.701818	0.710164	
1750.000000	0.729615	0.622821	0.675006	0.718112	0.818879	0.661914	0.704391	0.696559	0.710164	
1760.000000	0.719911	0.634834	0.676738	0.722812	0.830851	0.661580	0.707788	0.698325	0.710164	
1770.000000	0.729732	0.619449	0.668388	0.725220	0.814042	0.662588	0.703237	0.696804	0.710164	
1780.000000	0.742226	0.627458	0.674003	0.725093	0.823855	0.654045	0.707780	0.699548	0.710164	
1790.000000	0.735950	0.630842	0.679230	0.730941	0.829907	0.672618	0.713248	0.705085	0.713248	
1800.000000	0.737341	0.623156	0.679195	0.729628	0.827705	0.655302	0.708721	0.704411	0.713248	
1810.000000	0.712677	0.633728	0.670918	0.729451	0.819477	0.670630	0.706147	0.691797	0.713248	
1820.000000	0.743945	0.629373	0.679395	0.714007	0.825107	0.665455	0.709547	0.696701	0.713248	
1830.000000	0.725955	0.607014	0.682100	0.730813	0.814614	0.671748	0.705374	0.704028	0.713248	
1840.000000	0.723719	0.653232	0.671574	0.720291	0.824264	0.661481	0.709094	0.695932	0.713248	
1850.000000	0.726783	0.650932	0.670434	0.709292	0.797460	0.667621	0.703754	0.689863	0.713248	
1860.000000	0.729690	0.629522	0.675380	0.725596	0.803719	0.673028	0.706156	0.700488	0.713248	
1870.000000	0.730772	0.625877	0.680356	0.720811	0.820786	0.667985	0.707764	0.700583	0.713248	
1880.000000	0.730494	0.631630	0.680098	0.724621	0.813256	0.670753	0.708475	0.702360	0.713248	
1890.000000	0.712419	0.624817	0.686486	0.725567	0.813800	0.678942	0.707005	0.699452	0.713248	
1900.000000	0.716259	0.621340	0.677076	0.718785	0.807261	0.666109	0.701138	0.696668	0.713248	
1910.000000	0.716343	0.631258	0.670201	0.733062	0.791993	0.667597	0.701742	0.693272	0.713248	
1920.000000	0.716797	0.631320	0.676375	0.733897	0.808173	0.665626	0.705365	0.696586	0.713248	
1930.000000	0.725439	0.616765	0.677936	0.713985	0.799655	0.671102	0.700814	0.695961	0.713248	
1940.000000	0.733146	0.630092	0.682072	0.729813	0.810242	0.665247	0.708435	0.705942	0.713248	
1950.000000	0.726664	0.629014	0.675317	0.735218	0.816961	0.658433	0.706934	0.700990	0.713248	
1960.000000	0.745275	0.619133	0.687956	0.735340	0.813073	0.668137	0.711486	0.711648	0.713248	
1970.000000	0.748808	0.637456	0.682434	0.736050	0.803090	0.667840	0.712613	0.709242	0.713248	
1980.000000	0.735449	0.621805	0.675034	0.740193	0.798630	0.659508	0.705103	0.705241	0.713248	
1990.000000	0.713872	0.616170	0.669802	0.741729	0.806462	0.662063	0.701683	0.691837	0.713248	
2000.000000	0.728652	0.639431	0.684384	0.740105	0.819043	0.644081	0.709283	0.706518	0.713248	
2010.000000	0.732858	0.624923	0.686968	0.735407	0.811444	0.672844	0.710741	0.709913	0.713248	
2020.000000	0.747799	0.648812	0.690267	0.738216	0.801819	0.676770	0.717281	0.714241	0.717281	
2030.000000	0.741419	0.640004	0.682858	0.724822	0.819628	0.673481	0.713702	0.703840	0.717281	
2040.000000	0.729216	0.631084	0.677401	0.721928	0.822377	0.675146	0.709525	0.699665	0.717281	
2050.000000	0.739238	0.634159	0.671334	0.725523	0.819433	0.677176	0.711144	0.701350	0.717281	
2060.000000	0.744457	0.622958	0.676722	0.727499	0.817842	0.677222	0.711117	0.702360	0.717281	
2070.000000	0.743079	0.628852	0.677092	0.726488	0.813249	0.683137	0.711983	0.704812	0.717281	
2080.000000	0.745983	0.640847	0.685706	0.728445	0.814646	0.681852	0.716246	0.707075	0.717281	
2090.000000	0.735822	0.632485	0.687988	0.743707	0.813551	0.675507	0.714843	0.711905	0.717281	
2100.000000	0.743092	0.631351	0.684689	0.731214	0.809796	0.673736	0.712313	0.707951	0.717281	
2110.000000	0.736387	0.645831	0.684804	0.740429	0.823730	0.676067	0.717875	0.710596	0.717875	
2120.000000	0.734610	0.629175	0.679068	0.735659	0.824019	0.668790	0.711887	0.706839	0.717875	
2130.000000	0.745627	0.631568	0.682945	0.734396	0.828429	0.675439	0.716401	0.708671	0.717875	
2140.000000	0.725093	0.630879	0.683173	0.727047	0.822528	0.672194	0.710153	0.704133	0.717875	
2150.000000	0.737346	0.644814	0.682688	0.732295	0.817118	0.666096	0.713393	0.707491	0.717875	
2160.000000	0.745849	0.648887	0.685216	0.741175	0.818798	0.667332	0.717876	0.713196	0.717876	
2170.000000	0.743002	0.638956	0.691892	0.735486	0.814898	0.670006	0.715707	0.713689	0.717876	
2180.000000	0.747556	0.640103	0.683885	0.727289	0.815866	0.672372	0.714512	0.705587	0.717876	
2190.000000	0.726698	0.615370	0.689627	0.738118	0.798460	0.678165	0.707740	0.708162	0.717876	
2200.000000	0.738007	0.641690	0.692339	0.728142	0.814017	0.673642	0.714639	0.710241	0.717876	
2210.000000	0.734064	0.637314	0.692652	0.732222	0.685341	0.667439	0.691505	0.688997	0.717876	
2220.000000	0.736848	0.643835	0.683607	0.724216	0.808362	0.676446	0.712219	0.703912	0.717876	
2230.000000	0.733774	0.645812	0.684132	0.721325	0.809324	0.676508	0.711812	0.702728	0.717876	
2240.000000	0.728563	0.635064	0.685499	0.689174	0.804543	0.678667	0.703585	0.687337	0.717876	
2250.000000	0.744460	0.650579	0.684309	0.727818	0.814960	0.679978	0.717017	0.706063	0.717876	
2260.000000	0.730682	0.637524	0.685638	0.726166	0.810481	0.677273	0.711294	0.705902	0.717876	
2270.000000	0.660431	0.627359	0.696475	0.731264	0.789383	0.677643	0.697092	0.687059	0.717876	
2280.000000	0.746107	0.649221	0.694699	0.735592	0.819836	0.685811	0.721878	0.715146	0.721878	
2290.000000	0.741146	0.626466	0.694965	0.734329	0.813133	0.679403	0.714907	0.714647	0.721878	
2300.000000	0.753289	0.642508	0.696074	0.726821	0.828146	0.680007	0.721141	0.711448	0.721878	
2310.000000	0.746677	0.632646	0.695609	0.738203	0.827800	0.675562	0.719416	0.716906	0.721878	
2320.000000	0.740894	0.643252	0.695264	0.738130	0.825881	0.675974	0.719899	0.716697	0.721878	
2330.000000	0.749022	0.627073	0.694735	0.739689	0.830876	0.679149	0.720091	0.717212	0.721878	
2340.000000	0.746943	0.650374	0.694176	0.736300	0.829133	0.670957	0.721314	0.715238	0.721878	
2350.000000	0.752003	0.647195	0.689561	0.733121	0.807556	0.675139	0.717429	0.711341	0.721878	
2360.000000	0.739537	0.657224	0.694061	0.744003	0.821352	0.681203	0.722897	0.716799	0.722897	
2370.000000	0.747253	0.648527	0.702292	0.736235	0.834424	0.684396	0.725521	0.719264	0.725521	
2380.000000	0.760718	0.638126	0.698127	0.735181	0.834600	0.685284	0.725339	0.716654	0.725521	
2390.000000	0.762810	0.640785	0.688008	0.727869	0.828492	0.688622	0.722764	0.708245	0.725521	
2400.000000	0.761423	0.649383	0.691713	0.730085	0.824705	0.677374	0.722447	0.710899	0.725521	
2410.000000	0.755378	0.633997	0.701500	0.745396	0.815187	0.685597	0.722843	0.723448	0.725521	
2420.000000	0.764765	0.644579	0.695141	0.742761	0.820930	0.684407	0.725430	0.718951	0.725521	
2430.000000	0.747931	0.651735	0.697994	0.742505	0.823031	0.689325	0.725420	0.720250	0.725521	
2440.000000	0.742770	0.657459	0.693572	0.745106	0.829567	0.688128	0.726101	0.718171	0.726101	
2450.000000	0.749120	0.666609	0.696352	0.742981	0.819924	0.671630	0.724436	0.719666	0.726101	
2460.000000	0.736603	0.665921	0.693441	0.744623	0.825453	0.687307	0.725558	0.715022	0.726101	
2470.000000	0.765025	0.666097	0.686631	0.736811	0.836242	0.687986	0.729799	0.712399	0.729799	
2480.000000	0.758338	0.660484	0.693314	0.743205	0.819213	0.688007	0.727094	0.718260	0.729799	
2490.000000	0.761255	0.656911	0.692722	0.728907	0.828875	0.693302	0.726995	0.711105	0.729799	
2500.000000	0.758078	0.671035	0.689436	0.738278	0.833461	0.693787	0.730679	0.716033	0.730679	
2510.000000	0.756347	0.667731	0.699455	0.739955	0.832518	0.686184	0.730365	0.719705	0.730679	
2520.000000	0.733402	0.674878	0.698498	0.742335	0.832153	0.688095	0.728227	0.715950	0.730679	
2530.000000	0.761585	0.658575	0.696595	0.740686	0.817401	0.690829	0.727612	0.718641	0.730679	
2540.000000	0.755393	0.662363	0.696283	0.736284	0.823245	0.683699	0.726211	0.716284	0.730679	
2550.000000	0.756262	0.658972	0.694792	0.736612	0.822729	0.695569	0.727489	0.716091	0.730679	
2560.000000	0.760070	0.656387	0.694406	0.742597	0.830895	0.690029	0.729064	0.718501	0.730679	
2570.000000	0.765840	0.669088	0.696930	0.739337	0.826516	0.696111	0.732304	0.718134	0.732304	
2580.000000	0.762560	0.659195	0.701595	0.736585	0.819615	0.698483	0.729672	0.719090	0.732304	
2590.000000	0.765770	0.661830	0.698781	0.734644	0.823031	0.692063	0.729353	0.716713	0.732304	
2600.000000	0.763269	0.663119	0.698833	0.729270	0.827649	0.691490	0.728938	0.714051	0.732304	
2610.000000	0.769500	0.648124	0.678164	0.722049	0.744058	0.682196	0.707349	0.702122	0.732304	
2620.000000	0.762398	0.651565	0.687790	0.714968	0.800486	0.689209	0.717736	0.702088	0.732304	
2630.000000	0.751253	0.638126	0.688547	0.716479	0.805040	0.687862	0.714551	0.702513	0.732304	
2640.000000	0.774572	0.661396	0.699544	0.724933	0.816936	0.687028	0.727401	0.712239	0.732304	
2650.000000	0.757160	0.643915	0.689219	0.724431	0.786187	0.688720	0.714939	0.706825	0.732304	
2660.000000	0.752939	0.661761	0.703604	0.747089	0.821877	0.695534	0.730467	0.725346	0.732304	
2670.000000	0.764084	0.660540	0.675335	0.741928	0.820836	0.696839	0.726594	0.719383	0.732304	
2680.000000	0.764573	0.668685	0.690457	0.732243	0.813520	0.696164	0.727607	0.714203	0.732304	
2690.000000	0.734975	0.651986	0.698333	0.747815	0.828932	0.672050	0.722349	0.716654	0.732304	
2700.000000	0.748134	0.665431	0.701440	0.734737	0.816068	0.681133	0.724490	0.718088	0.732304	
2710.000000	0.764854	0.660807	0.703497	0.721473	0.819031	0.681715	0.725229	0.712485	0.732304	
2720.000000	0.753671	0.647678	0.696839	0.726555	0.809953	0.692683	0.721230	0.711697	0.732304	
2730.000000	0.753810	0.668363	0.686143	0.717193	0.815615	0.695794	0.722820	0.706493	0.732304	
2740.000000	0.745712	0.647938	0.698773	0.729585	0.815935	0.684657	0.720434	0.714179	0.732304	
2750.000000	0.757209	0.638262	0.696996	0.718172	0.793893	0.664969	0.711583	0.707584	0.732304	
2760.000000	0.691578	0.660785	0.695349	0.700828	0.812171	0.691111	0.708637	0.693464	0.732304	
2770.000000	0.756095	0.662784	0.695222	0.730732	0.773511	0.692894	0.718540	0.712977	0.732304	
2780.000000	0.675060	0.653378	0.703943	0.737288	0.741926	0.689660	0.700209	0.696802	0.732304	
2790.000000	0.747168	0.672876	0.679199	0.730112	0.816835	0.694824	0.723502	0.712468	0.732304	
2800.000000	0.737448	0.678157	0.701121	0.725273	0.807934	0.680629	0.721760	0.713197	0.732304	
2810.000000	0.756477	0.663590	0.699023	0.729019	0.820024	0.690756	0.726482	0.714021	0.732304	
2820.000000	0.744334	0.667055	0.705488	0.718086	0.818565	0.693655	0.724531	0.711787	0.732304	
2830.000000	0.764387	0.661699	0.675989	0.723844	0.816206	0.697066	0.723198	0.710455	0.732304	
2840.000000	0.746122	0.662332	0.684988	0.726277	0.820484	0.693779	0.722330	0.710028	0.732304	
2850.000000	0.764410	0.673954	0.694840	0.730943	0.808912	0.699508	0.728761	0.715226	0.732304	
2860.000000	0.744058	0.671965	0.702114	0.740670	0.797510	0.700461	0.726130	0.721392	0.732304	
2870.000000	0.740762	0.641361	0.692819	0.734889	0.824566	0.690842	0.720873	0.713854	0.732304	
2880.000000	0.763992	0.670514	0.701888	0.730987	0.833537	0.691693	0.732102	0.716437	0.732304	
2890.000000	0.759319	0.664693	0.693903	0.737108	0.830385	0.693309	0.729786	0.715505	0.732304	
2900.000000	0.760132	0.668270	0.699457	0.735909	0.825025	0.691792	0.730098	0.717683	0.732304	
2910.000000	0.754354	0.662524	0.700311	0.736444	0.814835	0.691676	0.726690	0.718377	0.732304	
2920.000000	0.752737	0.668090	0.694137	0.739911	0.825497	0.694103	0.729079	0.717024	0.732304	
2930.000000	0.770310	0.672330	0.701745	0.749791	0.834090	0.701670	0.738323	0.725768	0.738323	
2940.000000	0.762285	0.670244	0.707721	0.737714	0.833719	0.695071	0.734459	0.722717	0.738323	
2950.000000	0.746436	0.672181	0.702411	0.721572	0.831417	0.695187	0.728201	0.711992	0.738323	
2960.000000	0.751533	0.651292	0.713990	0.747010	0.820263	0.699802	0.730648	0.730500	0.738323	
2970.000000	0.766986	0.667818	0.711746	0.746640	0.820817	0.694760	0.734794	0.729193	0.738323	
2980.000000	0.764914	0.665890	0.709816	0.716860	0.829561	0.698995	0.731006	0.713338	0.738323	
2990.000000	0.764626	0.666255	0.702619	0.745379	0.827429	0.705148	0.735243	0.725264	0.738323	
3000.000000	0.761732	0.661910	0.709806	0.747261	0.827215	0.697615	0.734256	0.728533	0.738323	
3010.000000	0.766165	0.668710	0.704644	0.737436	0.832272	0.702846	0.735346	0.721040	0.738323	
3020.000000	0.764809	0.670409	0.710519	0.745974	0.835229	0.704914	0.738642	0.728246	0.738642	
3030.000000	0.760410	0.679682	0.706594	0.746374	0.821043	0.691270	0.734229	0.726484	0.738642	
3040.000000	0.772069	0.671190	0.713846	0.750387	0.840167	0.705908	0.742261	0.732117	0.742261	
3050.000000	0.757853	0.655154	0.707757	0.741492	0.824780	0.702939	0.731662	0.724625	0.742261	
3060.000000	0.761238	0.642310	0.705316	0.742326	0.837896	0.697846	0.731155	0.723821	0.742261	
3070.000000	0.760100	0.665276	0.702750	0.744334	0.837588	0.701673	0.735287	0.723542	0.742261	
3080.000000	0.760175	0.672826	0.703574	0.706243	0.805210	0.697317	0.724224	0.704908	0.742261	
3090.000000	0.757427	0.665381	0.706237	0.745139	0.661336	0.701444	0.706161	0.703841	0.742261	
3100.000000	0.765209	0.645763	0.706661	0.739617	0.831782	0.704361	0.732232	0.723139	0.742261	
3110.000000	0.756840	0.660199	0.705815	0.734533	0.814967	0.704339	0.729449	0.720174	0.742261	
3120.000000	0.775581	0.643952	0.703699	0.739795	0.826913	0.700370	0.731718	0.721747	0.742261	
3130.000000	0.768277	0.660323	0.679710	0.741201	0.824440	0.693018	0.727828	0.717109	0.742261	
3140.000000	0.766135	0.655866	0.702367	0.744794	0.822232	0.711157	0.733759	0.727976	0.742261	
3150.000000	0.747082	0.667458	0.703550	0.741732	0.816137	0.703155	0.729852	0.722641	0.742261	
3160.000000	0.747447	0.693059	0.696324	0.738278	0.772190	0.696305	0.723934	0.717301	0.742261	
3170.000000	0.738662	0.683544	0.705772	0.742835	0.816690	0.697984	0.730914	0.722217	0.742261	
3180.000000	0.754237	0.658575	0.696334	0.740989	0.771178	0.700567	0.720313	0.720778	0.742261	
3190.000000	0.756082	0.676663	0.711270	0.747285	0.824334	0.707000	0.737106	0.729278	0.742261	
3200.000000	0.761659	0.667384	0.707374	0.746548	0.821440	0.703878	0.734714	0.726961	0.742261	
3210.000000	0.761664	0.684523	0.703212	0.734790	0.821496	0.707401	0.735514	0.721095	0.742261	
3220.000000	0.766733	0.679304	0.710450	0.747216	0.817426	0.705144	0.737712	0.728833	0.742261	
3230.000000	0.766688	0.684449	0.713242	0.745386	0.827894	0.694425	0.738681	0.729314	0.742261	
3240.000000	0.772493	0.668791	0.716473	0.756150	0.814709	0.708490	0.739518	0.736311	0.742261	
3250.000000	0.696573	0.650759	0.704919	0.744469	0.828146	0.694473	0.719890	0.700746	0.742261	
3260.000000	0.754313	0.686562	0.720070	0.755511	0.827617	0.694868	0.739824	0.737191	0.742261	
3270.000000	0.761590	0.673564	0.703982	0.741401	0.832945	0.708120	0.736934	0.724760	0.742261	
3280.000000	0.766555	0.668034	0.702044	0.750054	0.803555	0.704486	0.732455	0.727270	0.742261	
3290.000000	0.760999	0.662350	0.712231	0.744551	0.822245	0.702692	0.734178	0.728391	0.742261	
3300.000000	0.690769	0.677556	0.712070	0.751100	0.841652	0.705538	0.729781	0.708804	0.742261	
3310.000000	0.738947	0.686618	0.709909	0.736043	0.815533	0.706162	0.732202	0.722976	0.742261	
3320.000000	0.759567	0.671884	0.708765	0.737376	0.805304	0.702839	0.730956	0.723071	0.742261	
3330.000000	0.758899	0.673744	0.709709	0.746034	0.816024	0.710963	0.735895	0.728499	0.742261	
3340.000000	0.748089	0.681244	0.705395	0.733263	0.776468	0.686021	0.721747	0.719329	0.742261	
3350.000000	0.753959	0.666984	0.709655	0.739819	0.815187	0.712011	0.732936	0.725915	0.742261	
3360.000000	0.753601	0.676533	0.713985	0.739291	0.833342	0.699259	0.736002	0.726638	0.742261	
3370.000000	0.755412	0.674989	0.708656	0.742990	0.834852	0.693796	0.735116	0.725823	0.742261	
3380.000000	0.767255	0.668899	0.714892	0.743207	0.801454	0.700018	0.732621	0.729050	0.742261	
3390.000000	0.736573	0.666045	0.717920	0.750975	0.831197	0.707754	0.735077	0.727246	0.742261	
3400.000000	0.741225	0.674500	0.719330	0.741767	0.796567	0.703871	0.729543	0.730278	0.742261	
3410.000000	0.765725	0.681418	0.718155	0.601653	0.808412	0.710060	0.714237	0.714107	0.742261	
3420.000000	0.756629	0.683259	0.706241	0.740307	0.822950	0.701649	0.735172	0.723274	0.742261	
3430.000000	0.767758	0.660243	0.696964	0.749041	0.817665	0.697480	0.731525	0.723261	0.742261	
3440.000000	0.754960	0.680283	0.712091	0.747979	0.822560	0.717174	0.739175	0.732577	0.742261	
3450.000000	0.773550	0.675002	0.710632	0.745565	0.814728	0.700218	0.736616	0.728098	0.742261	
3460.000000	0.766794	0.683692	0.714284	0.753311	0.837814	0.714993	0.745148	0.734152	0.745148	
3470.000000	0.767722	0.658594	0.716975	0.750318	0.835562	0.719482	0.741442	0.734900	0.745148	
3480.000000	0.766538	0.694174	0.714525	0.743180	0.832165	0.703505	0.742348	0.728853	0.745148	
3490.000000	0.756881	0.703485	0.702564	0.749189	0.817326	0.706462	0.739318	0.727825	0.745148	
3500.000000	0.767423	0.701170	0.694073	0.740890	0.823195	0.713111	0.739977	0.727000	0.745148	
3510.000000	0.761560	0.700739	0.717971	0.742611	0.826749	0.706071	0.742617	0.730291	0.745148	
3520.000000	0.769318	0.681504	0.696752	0.746034	0.821874	0.688816	0.734050	0.721393	0.745148	
3530.000000	0.755179	0.702983	0.709864	0.752097	0.830863	0.684012	0.739166	0.730981	0.745148	
3540.000000	0.767547	0.689271	0.716497	0.755349	0.826328	0.703860	0.743142	0.735923	0.745148	
3550.000000	0.779889	0.691844	0.719875	0.746571	0.834115	0.620042	0.732056	0.733223	0.745148	
3560.000000	0.770490	0.684498	0.709946	0.739728	0.721670	0.714114	0.723408	0.717892	0.745148	
3570.000000	0.613380	0.685335	0.713586	0.753931	0.824101	0.710509	0.716807	0.712048	0.745148	
3580.000000	0.757226	0.634276	0.716069	0.750290	0.836286	0.710899	0.734174	0.733180	0.745148	
3590.000000	0.764609	0.680004	0.702389	0.747783	0.831278	0.710606	0.739445	0.729195	0.745148	
3600.000000	0.771350	0.682081	0.701660	0.742740	0.820257	0.710033	0.738020	0.726387	0.745148	
3610.000000	0.777032	0.684213	0.707836	0.743686	0.797365	0.716905	0.737840	0.730295	0.745148	
3620.000000	0.682215	0.678733	0.701900	0.736434	0.824780	0.718593	0.723776	0.710247	0.745148	
3630.000000	0.777369	0.689941	0.710125	0.756143	0.815262	0.687844	0.739447	0.733134	0.745148	
3640.000000	0.770974	0.685416	0.721502	0.748678	0.826976	0.708667	0.743702	0.735090	0.745148	
3650.000000	0.772886	0.693765	0.721457	0.729682	0.811387	0.718329	0.741251	0.725569	0.745148	
3660.000000	0.778421	0.691013	0.720141	0.743078	0.798944	0.712363	0.740660	0.731609	0.745148	
3670.000000	0.774064	0.675783	0.722001	0.754047	0.814445	0.716847	0.742864	0.738024	0.745148	
3680.000000	0.762967	0.691614	0.720050	0.756770	0.824768	0.713902	0.745012	0.738410	0.745148	
3690.000000	0.711296	0.681542	0.718843	0.746330	0.825258	0.715265	0.733089	0.717054	0.745148	
3700.000000	0.760275	0.665803	0.715530	0.739129	0.822786	0.714418	0.736324	0.727330	0.745148	
3710.000000	0.773362	0.684027	0.710878	0.747601	0.826435	0.708933	0.741873	0.729239	0.745148	
3720.000000	0.775457	0.687579	0.724607	0.752451	0.830310	0.722224	0.748771	0.738529	0.748771	
3730.000000	0.759300	0.687970	0.723600	0.755770	0.831467	0.703591	0.743616	0.739685	0.748771	
3740.000000	0.766523	0.688286	0.721080	0.754558	0.818804	0.707888	0.742856	0.737819	0.748771	
3750.000000	0.772683	0.697974	0.724032	0.758599	0.831744	0.711228	0.749377	0.741316	0.749377	
3760.000000	0.756072	0.684951	0.721641	0.755946	0.834877	0.716453	0.744990	0.738793	0.749377	
3770.000000	0.779418	0.700931	0.710473	0.753492	0.830851	0.713847	0.748169	0.733669	0.749377	
3780.000000	0.772525	0.678634	0.713570	0.750991	0.835650	0.709583	0.743492	0.732281	0.749377	
3790.000000	0.756003	0.697199	0.716644	0.754556	0.839884	0.709621	0.745651	0.735600	0.749377	
3800.000000	0.764312	0.700671	0.720981	0.759488	0.824195	0.711219	0.746811	0.740234	0.749377	
3810.000000	0.755784	0.708593	0.692551	0.753309	0.822679	0.662548	0.732577	0.730951	0.749377	
3820.000000	0.760570	0.701179	0.713642	0.727859	0.805524	0.689863	0.733106	0.720751	0.749377	
3830.000000	0.759321	0.689426	0.725304	0.753943	0.829221	0.707485	0.744117	0.739624	0.749377	
3840.000000	0.773067	0.695922	0.721835	0.751051	0.845671	0.714094	0.750274	0.736443	0.750274	
3850.000000	0.775745	0.677488	0.725812	0.737954	0.831775	0.713627	0.743733	0.731883	0.750274	
3860.000000	0.780299	0.698371	0.727159	0.760401	0.832945	0.715655	0.752472	0.743780	0.752472	
3870.000000	0.760604	0.705196	0.720153	0.746087	0.822138	0.712026	0.744367	0.733120	0.752472	
3880.000000	0.773780	0.695513	0.720717	0.737487	0.823704	0.703086	0.742381	0.729102	0.752472	
3890.000000	0.777661	0.700001	0.717947	0.728535	0.835738	0.698100	0.742997	0.723241	0.752472	
3900.000000	0.777847	0.695929	0.719166	0.749476	0.831429	0.716087	0.748322	0.734321	0.752472	
3910.000000	0.777941	0.695569	0.721952	0.750517	0.824289	0.715517	0.747631	0.736234	0.752472	
3920.000000	0.778933	0.698328	0.721556	0.756705	0.820616	0.716634	0.748795	0.739130	0.752472	
3930.000000	0.773795	0.693437	0.719410	0.750457	0.832442	0.713474	0.747169	0.734933	0.752472	
3940.000000	0.775013	0.710682	0.734631	0.754410	0.834524	0.708510	0.752962	0.744521	0.752962	
3950.000000	0.773635	0.702946	0.725322	0.761123	0.812520	0.715762	0.748551	0.743223	0.752962	
3960.000000	0.784061	0.689767	0.727870	0.751433	0.838072	0.717623	0.751471	0.739652	0.752962	
3970.000000	0.777130	0.696889	0.726711	0.760686	0.745952	0.716832	0.737367	0.736332	0.752962	
3980.000000	0.780570	0.697553	0.735093	0.753795	0.819666	0.715778	0.750409	0.744444	0.752962	
3990.000000	0.773840	0.694236	0.733981	0.753934	0.835430	0.714433	0.750976	0.743957	0.752962	
4000.000000	0.774826	0.698160	0.732858	0.758361	0.840362	0.716153	0.753453	0.745609	0.753453	
4010.000000	0.773735	0.696976	0.732093	0.751442	0.842419	0.714541	0.751868	0.741768	0.753453	
4020.000000	0.764884	0.696245	0.736447	0.757688	0.808431	0.711021	0.745786	0.747067	0.753453	
4030.000000	0.750501	0.700448	0.711753	0.755648	0.821673	0.698840	0.739811	0.731127	0.753453	
4040.000000	0.761617	0.699648	0.719770	0.752555	0.812086	0.716237	0.743652	0.736163	0.753453	
4050.000000	0.747887	0.679372	0.726975	0.747022	0.826347	0.706391	0.738999	0.736998	0.753453	
4060.000000	0.776373	0.689742	0.726894	0.767950	0.840085	0.701863	0.750484	0.747422	0.753453	
4070.000000	0.761916	0.683854	0.729121	0.746134	0.837431	0.723750	0.747034	0.737627	0.753453	
4080.000000	0.777060	0.676942	0.717311	0.754512	0.838727	0.717908	0.747077	0.736210	0.753453	
4090.000000	0.781758	0.689023	0.715245	0.731604	0.838827	0.717690	0.745691	0.724647	0.753453	
4100.000000	0.771973	0.704148	0.723511	0.754755	0.837619	0.704965	0.749495	0.739133	0.753453	
4110.000000	0.778651	0.689061	0.724044	0.752213	0.836430	0.710176	0.748429	0.738128	0.753453	
4120.000000	0.781948	0.687796	0.725156	0.747535	0.839601	0.711142	0.748863	0.736346	0.753453	
4130.000000	0.772660	0.701489	0.718587	0.752296	0.825636	0.717011	0.747946	0.735442	0.753453	
4140.000000	0.786051	0.700057	0.713753	0.754709	0.829247	0.723025	0.751140	0.738867	0.753453	
4150.000000	0.762842	0.699636	0.719362	0.763559	0.825346	0.716878	0.747937	0.741102	0.753453	
4160.000000	0.771299	0.709244	0.710620	0.754251	0.826586	0.714475	0.747746	0.734363	0.753453	
4170.000000	0.774224	0.708952	0.726394	0.756776	0.823887	0.690802	0.746839	0.741585	0.753453	
4180.000000	0.768542	0.710006	0.723081	0.754526	0.826542	0.712956	0.749275	0.738804	0.753453	
4190.000000	0.765520	0.715138	0.722025	0.756122	0.833744	0.710832	0.750564	0.739073	0.753453	
4200.000000	0.764421	0.701600	0.718992	0.750651	0.829291	0.720908	0.747644	0.735780	0.753453	
4210.000000	0.771055	0.690765	0.718522	0.747166	0.812935	0.685683	0.737688	0.732844	0.753453	
4220.000000	0.775461	0.695786	0.714808	0.734191	0.823176	0.722083	0.744251	0.728137	0.753453	
4230.000000	0.761694	0.701439	0.696314	0.727295	0.832744	0.714116	0.738934	0.720706	0.753453	
4240.000000	0.766474	0.702034	0.720955	0.749166	0.820666	0.699630	0.743154	0.735061	0.753453	
4250.000000	0.774527	0.702639	0.716584	0.735838	0.836978	0.721129	0.747949	0.728483	0.753453	
4260.000000	0.770656	0.706448	0.725571	0.747949	0.836223	0.711371	0.749703	0.736760	0.753453	
4270.000000	0.781246	0.689978	0.732523	0.746277	0.835279	0.715084	0.750064	0.739400	0.753453	
4280.000000	0.778632	0.686308	0.728311	0.753982	0.838009	0.720814	0.751009	0.741147	0.753453	
4290.000000	0.769589	0.707303	0.724884	0.757727	0.840500	0.714442	0.752408	0.741306	0.753453	
4300.000000	0.782522	0.692017	0.723353	0.754276	0.840526	0.707571	0.750044	0.738814	0.753453	
4310.000000	0.775116	0.693623	0.722905	0.754371	0.845973	0.710093	0.750347	0.738638	0.753453	
4320.000000	0.791727	0.697658	0.727839	0.750769	0.841274	0.717683	0.754492	0.739304	0.754492	
4330.000000	0.784436	0.707768	0.725088	0.764225	0.840979	0.715388	0.756314	0.744657	0.756314	
4340.000000	0.776900	0.703435	0.726069	0.759286	0.835160	0.714548	0.752566	0.742678	0.756314	
4350.000000	0.782686	0.692253	0.734005	0.758231	0.839192	0.722998	0.754894	0.746118	0.756314	
4360.000000	0.775886	0.699084	0.735109	0.759652	0.852176	0.711717	0.755604	0.747380	0.756314	
4370.000000	0.767686	0.677004	0.724662	0.762485	0.852987	0.693234	0.746343	0.743574	0.756314	
4380.000000	0.749348	0.688174	0.719178	0.760168	0.854264	0.716799	0.747989	0.734263	0.756314	
4390.000000	0.784637	0.690815	0.727793	0.756823	0.849075	0.712205	0.753558	0.742308	0.756314	
4400.000000	0.784765	0.681300	0.719574	0.760707	0.840362	0.713059	0.749961	0.740140	0.756314	
4410.000000	0.785108	0.691187	0.721571	0.759580	0.844470	0.721356	0.753879	0.740576	0.756314	
4420.000000	0.774256	0.691577	0.724546	0.759104	0.839928	0.718406	0.751303	0.741825	0.756314	
4430.000000	0.768962	0.683339	0.729275	0.757396	0.840249	0.715899	0.749187	0.743336	0.756314	
4440.000000	0.767022	0.688360	0.727545	0.759862	0.849559	0.711625	0.750662	0.743704	0.756314	
4450.000000	0.759560	0.673899	0.735626	0.766180	0.831637	0.712555	0.746576	0.747593	0.756314	
4460.000000	0.780011	0.686916	0.733309	0.757494	0.851773	0.702690	0.752032	0.745401	0.756314	
4470.000000	0.754892	0.690114	0.724112	0.753001	0.845810	0.717765	0.747616	0.738557	0.756314	
4480.000000	0.770961	0.702084	0.727878	0.756536	0.838513	0.717194	0.752194	0.742207	0.756314	
4490.000000	0.773486	0.694949	0.727720	0.760119	0.823119	0.712361	0.748626	0.743919	0.756314	
4500.000000	0.763969	0.699809	0.722847	0.749432	0.826793	0.719162	0.747002	0.736140	0.756314	
4510.000000	0.769747	0.677537	0.719051	0.752532	0.833575	0.709001	0.743574	0.735791	0.756314	
4520.000000	0.767350	0.696976	0.722917	0.746388	0.811777	0.708228	0.742273	0.734652	0.756314	
4530.000000	0.760371	0.690920	0.727539	0.755159	0.789081	0.718814	0.740314	0.741349	0.756314	
4540.000000	0.768377	0.692544	0.727232	0.744364	0.823434	0.714687	0.745106	0.735798	0.756314	
4550.000000	0.765744	0.700435	0.729164	0.751810	0.808789	0.720908	0.746142	0.740487	0.756314	
4560.000000	0.781576	0.685791	0.717278	0.757723	0.819295	0.721720	0.747230	0.739721	0.756314	
4570.000000	0.775491	0.691633	0.721213	0.736242	0.822308	0.727143	0.745672	0.731693	0.756314	
4580.000000	0.774881	0.695092	0.734469	0.756492	0.828303	0.717712	0.751158	0.745480	0.756314	
4590.000000	0.776541	0.686947	0.732741	0.763931	0.845401	0.729433	0.755832	0.748336	0.756314	
4600.000000	0.774345	0.688620	0.735691	0.760880	0.816376	0.720243	0.749359	0.748286	0.756314	
4610.000000	0.755318	0.685577	0.734439	0.766809	0.839104	0.722438	0.750614	0.744879	0.756314	
4620.000000	0.771294	0.696685	0.730325	0.762020	0.807795	0.725148	0.748878	0.746173	0.756314	
4630.000000	0.761630	0.706299	0.724355	0.754995	0.824994	0.721552	0.748971	0.739675	0.756314	
4640.000000	0.772139	0.705258	0.719013	0.757433	0.837726	0.714094	0.750944	0.738223	0.756314	
4650.000000	0.777794	0.701353	0.722532	0.762726	0.838299	0.722222	0.754154	0.742629	0.756314	
4660.000000	0.783220	0.706150	0.732586	0.753924	0.817376	0.727569	0.753471	0.743255	0.756314	
4670.000000	0.748128	0.697627	0.737336	0.769399	0.827108	0.723474	0.750512	0.742732	0.756314	
4680.000000	0.778880	0.699530	0.734308	0.762923	0.827454	0.725452	0.754758	0.748615	0.756314	
4690.000000	0.773776	0.687449	0.730072	0.763862	0.828687	0.713986	0.749638	0.746967	0.756314	
4700.000000	0.763730	0.689395	0.730718	0.766279	0.840941	0.717423	0.751414	0.747224	0.756314	
4710.000000	0.764634	0.695774	0.727486	0.764863	0.844225	0.709555	0.751089	0.746060	0.756314	
4720.000000	0.776279	0.689879	0.734338	0.702426	0.833065	0.722694	0.743113	0.728516	0.756314	
4730.000000	0.782066	0.688800	0.732905	0.756789	0.827579	0.726477	0.752436	0.744847	0.756314	
4740.000000	0.788298	0.677965	0.730510	0.749337	0.824472	0.725926	0.749418	0.739923	0.756314	
4750.000000	0.787052	0.684876	0.723577	0.747630	0.803996	0.722787	0.744986	0.735603	0.756314	
4760.000000	0.776059	0.692501	0.730561	0.760362	0.836770	0.721852	0.753017	0.745462	0.756314	
4770.000000	0.774610	0.684362	0.733464	0.763080	0.809249	0.726731	0.748582	0.748272	0.756314	
4780.000000	0.778543	0.687895	0.734088	0.762196	0.827649	0.718124	0.751416	0.748142	0.756314	
4790.000000	0.781112	0.684455	0.735313	0.759219	0.839337	0.717383	0.752803	0.747266	0.756314	
4800.000000	0.787146	0.684052	0.737322	0.765400	0.836971	0.725853	0.756124	0.751361	0.756314	
4810.000000	0.773193	0.675981	0.744003	0.755444	0.784042	0.724451	0.742852	0.749724	0.756314	
4820.000000	0.778686	0.693207	0.734639	0.759779	0.827793	0.723706	0.752968	0.747209	0.756314	
4830.000000	0.781498	0.691521	0.727670	0.760517	0.831605	0.719039	0.751975	0.744094	0.756314	
4840.000000	0.775395	0.693158	0.731871	0.751276	0.836654	0.714771	0.750521	0.741573	0.756314	
4850.000000	0.776688	0.679700	0.729406	0.754033	0.823509	0.717052	0.746732	0.741719	0.756314	
4860.000000	0.775071	0.678430	0.725935	0.753154	0.802731	0.722714	0.743006	0.739544	0.756314	
4870.000000	0.758462	0.701793	0.732356	0.758123	0.827265	0.718732	0.749455	0.745240	0.756314	
4880.000000	0.767231	0.697237	0.727740	0.757517	0.821465	0.714616	0.747634	0.742628	0.756314	
4890.000000	0.771682	0.678702	0.730375	0.758383	0.823516	0.711345	0.745667	0.744379	0.756314	
4900.000000	0.762266	0.691838	0.720636	0.757376	0.833134	0.717002	0.747042	0.739006	0.756314	
4910.000000	0.763363	0.681089	0.732461	0.761442	0.840387	0.717773	0.749419	0.746952	0.756314	
4920.000000	0.780324	0.693821	0.733981	0.693173	0.828171	0.714009	0.740580	0.723995	0.756314	
4930.000000	0.767690	0.676694	0.723520	0.745874	0.837424	0.720547	0.745292	0.734697	0.756314	
4940.000000	0.759891	0.684102	0.721536	0.752415	0.832128	0.712928	0.743833	0.736975	0.756314	
4950.000000	0.774973	0.674419	0.733672	0.755086	0.840136	0.721138	0.749904	0.744379	0.756314	
4960.000000	0.769380	0.688670	0.733575	0.756219	0.815382	0.721984	0.747535	0.744897	0.756314	
4970.000000	0.786606	0.682924	0.742995	0.753006	0.850062	0.723827	0.756570	0.748000	0.756570	
4980.000000	0.775946	0.689123	0.741776	0.766755	0.767919	0.722553	0.744012	0.754266	0.756570	
4990.000000	0.773195	0.684697	0.740060	0.744003	0.840199	0.728574	0.751788	0.742032	0.756570	
5000.000000	0.779010	0.695358	0.735273	0.763892	0.821654	0.718898	0.752347	0.749582	0.756570	
