Epoch	AUC-12	AUC-13	AUC-14	AUC-15	AUC-16	AUC-Avg	AUC-Mid	AUC-Best	
1.000000	0.586829	0.487138	0.510908	0.479366	0.629878	0.538824	0.510908	0.538824	
10.000000	0.484337	0.398405	0.445857	0.622759	0.624828	0.515237	0.484337	0.538824	
20.000000	0.410528	0.450987	0.464081	0.632474	0.651828	0.521979	0.464081	0.538824	
30.000000	0.422144	0.434668	0.477090	0.655044	0.576002	0.512990	0.477090	0.538824	
40.000000	0.565375	0.508105	0.479269	0.552370	0.590812	0.539186	0.552370	0.539186	
50.000000	0.580797	0.522997	0.546457	0.625855	0.578027	0.570827	0.578027	0.570827	
60.000000	0.548831	0.568721	0.538286	0.643317	0.566730	0.573177	0.566730	0.573177	
70.000000	0.570318	0.586806	0.631394	0.672367	0.578210	0.607819	0.586806	0.607819	
80.000000	0.606306	0.599998	0.616445	0.654051	0.569939	0.609347	0.606306	0.609347	
90.000000	0.668524	0.628317	0.657413	0.664898	0.565155	0.636861	0.657413	0.636861	
100.000000	0.665068	0.600610	0.684409	0.665954	0.551995	0.633607	0.665068	0.636861	
110.000000	0.713385	0.680800	0.704643	0.673494	0.517888	0.658042	0.680800	0.658042	
120.000000	0.717569	0.716440	0.685929	0.665091	0.507810	0.658568	0.685929	0.658568	
130.000000	0.682283	0.667556	0.720307	0.661099	0.508265	0.647902	0.667556	0.658568	
140.000000	0.693642	0.668484	0.696933	0.658246	0.526326	0.648726	0.668484	0.658568	
150.000000	0.697199	0.677520	0.686527	0.671682	0.512964	0.649179	0.677520	0.658568	
160.000000	0.676288	0.645544	0.676840	0.668814	0.534956	0.640488	0.668814	0.658568	
170.000000	0.701727	0.635697	0.669790	0.643906	0.499346	0.630093	0.643906	0.658568	
180.000000	0.680566	0.624389	0.652567	0.673972	0.527306	0.631760	0.652567	0.658568	
190.000000	0.631744	0.586174	0.631501	0.656395	0.518588	0.604880	0.631501	0.658568	
200.000000	0.664973	0.589084	0.646629	0.643541	0.513419	0.611529	0.643541	0.658568	
210.000000	0.599231	0.570518	0.613977	0.662773	0.514084	0.592117	0.599231	0.658568	
220.000000	0.646625	0.660098	0.656827	0.638055	0.515673	0.623455	0.646625	0.658568	
230.000000	0.662415	0.638640	0.662762	0.658602	0.517415	0.627967	0.658602	0.658568	
240.000000	0.688418	0.622686	0.659316	0.652074	0.481270	0.620753	0.652074	0.658568	
250.000000	0.683171	0.618106	0.675262	0.635823	0.551481	0.632768	0.635823	0.658568	
260.000000	0.694183	0.661245	0.638160	0.670655	0.527531	0.638355	0.661245	0.658568	
270.000000	0.677032	0.639493	0.668099	0.659399	0.522779	0.633360	0.659399	0.658568	
280.000000	0.617259	0.634910	0.607512	0.669764	0.509075	0.607704	0.617259	0.658568	
290.000000	0.672876	0.647743	0.535751	0.621031	0.478970	0.591274	0.621031	0.658568	
300.000000	0.637433	0.649854	0.598542	0.608062	0.507323	0.600243	0.608062	0.658568	
310.000000	0.675229	0.643169	0.620101	0.660804	0.535476	0.626956	0.643169	0.658568	
320.000000	0.622393	0.601409	0.626928	0.635295	0.524220	0.602049	0.622393	0.658568	
330.000000	0.669365	0.577095	0.559464	0.628750	0.487021	0.584339	0.577095	0.658568	
340.000000	0.671688	0.536134	0.624161	0.615706	0.508237	0.591185	0.615706	0.658568	
350.000000	0.702870	0.560359	0.549627	0.634086	0.513369	0.592062	0.560359	0.658568	
360.000000	0.667146	0.560458	0.531769	0.621444	0.489260	0.574015	0.560458	0.658568	
370.000000	0.681197	0.555384	0.578834	0.572439	0.533292	0.584229	0.572439	0.658568	
380.000000	0.603853	0.567704	0.542305	0.631966	0.526857	0.574537	0.567704	0.658568	
390.000000	0.653931	0.569554	0.573578	0.623606	0.514642	0.587062	0.573578	0.658568	
400.000000	0.642320	0.568405	0.583254	0.650233	0.475465	0.583935	0.583254	0.658568	
410.000000	0.696860	0.605100	0.542837	0.627228	0.553056	0.605016	0.605100	0.658568	
420.000000	0.685780	0.633870	0.574062	0.660487	0.532968	0.617433	0.633870	0.658568	
430.000000	0.687452	0.608724	0.602175	0.612838	0.548049	0.611847	0.608724	0.658568	
440.000000	0.632966	0.578498	0.559416	0.621076	0.566053	0.591602	0.578498	0.658568	
450.000000	0.558509	0.505548	0.514478	0.615669	0.567664	0.552374	0.558509	0.658568	
460.000000	0.539466	0.500606	0.489211	0.620880	0.557237	0.541480	0.539466	0.658568	
470.000000	0.584823	0.552715	0.456389	0.586402	0.546779	0.545421	0.552715	0.658568	
480.000000	0.629890	0.605296	0.501278	0.649332	0.533668	0.583893	0.605296	0.658568	
490.000000	0.627060	0.581770	0.546716	0.650328	0.487827	0.578740	0.581770	0.658568	
500.000000	0.647871	0.639646	0.570092	0.644886	0.523213	0.605142	0.639646	0.658568	
510.000000	0.640431	0.646810	0.613505	0.641547	0.558643	0.620187	0.640431	0.658568	
520.000000	0.694287	0.649504	0.603249	0.642097	0.529374	0.623702	0.642097	0.658568	
530.000000	0.693602	0.699516	0.635302	0.626956	0.531574	0.637390	0.635302	0.658568	
540.000000	0.693997	0.679287	0.625463	0.639262	0.522002	0.632002	0.639262	0.658568	
550.000000	0.705867	0.626247	0.617744	0.638267	0.532797	0.624184	0.626247	0.658568	
560.000000	0.686642	0.611813	0.615839	0.620102	0.534947	0.613869	0.615839	0.658568	
570.000000	0.705975	0.627532	0.585545	0.621844	0.521264	0.612432	0.621844	0.658568	
580.000000	0.690916	0.700810	0.670310	0.607145	0.498268	0.633490	0.670310	0.658568	
590.000000	0.700290	0.696782	0.618240	0.604403	0.490990	0.622141	0.618240	0.658568	
600.000000	0.675738	0.676186	0.625854	0.602373	0.495618	0.615154	0.625854	0.658568	
610.000000	0.645545	0.701214	0.628629	0.589654	0.457415	0.604491	0.628629	0.658568	
620.000000	0.650564	0.693766	0.625211	0.522508	0.486856	0.595781	0.625211	0.658568	
630.000000	0.700151	0.750056	0.671673	0.576251	0.487124	0.637051	0.671673	0.658568	
640.000000	0.691549	0.729968	0.683479	0.571309	0.483527	0.631966	0.683479	0.658568	
650.000000	0.696399	0.724857	0.639911	0.568512	0.480949	0.622126	0.639911	0.658568	
660.000000	0.674838	0.698109	0.626508	0.562043	0.487488	0.609797	0.626508	0.658568	
670.000000	0.705101	0.718604	0.664389	0.577627	0.514547	0.636054	0.664389	0.658568	
680.000000	0.692800	0.735956	0.647432	0.585514	0.517411	0.635823	0.647432	0.658568	
690.000000	0.691092	0.727459	0.666778	0.607976	0.536634	0.645988	0.666778	0.658568	
700.000000	0.699421	0.691747	0.646326	0.636116	0.513396	0.637401	0.646326	0.658568	
710.000000	0.670065	0.696458	0.680697	0.608972	0.522873	0.635813	0.670065	0.658568	
720.000000	0.668383	0.720866	0.686332	0.633623	0.522894	0.646420	0.668383	0.658568	
730.000000	0.707436	0.715320	0.707383	0.633885	0.510132	0.654831	0.707383	0.658568	
740.000000	0.689151	0.697153	0.677978	0.644071	0.524430	0.646556	0.677978	0.658568	
750.000000	0.691383	0.692940	0.671915	0.627434	0.540260	0.644787	0.671915	0.658568	
760.000000	0.691809	0.721714	0.716833	0.598876	0.521674	0.650181	0.691809	0.658568	
770.000000	0.682220	0.714895	0.696281	0.617719	0.522791	0.646781	0.682220	0.658568	
780.000000	0.682366	0.709661	0.699550	0.624409	0.546557	0.652509	0.682366	0.658568	
790.000000	0.697159	0.720748	0.696396	0.641341	0.601220	0.671373	0.696396	0.671373	
800.000000	0.709924	0.719391	0.727083	0.632296	0.532292	0.664197	0.709924	0.671373	
810.000000	0.692433	0.725543	0.710096	0.627984	0.521135	0.655438	0.692433	0.671373	
820.000000	0.667658	0.679583	0.697199	0.641077	0.541646	0.645433	0.667658	0.671373	
830.000000	0.730287	0.617878	0.647172	0.656686	0.533075	0.637020	0.647172	0.671373	
840.000000	0.658532	0.682784	0.682690	0.681769	0.527386	0.646632	0.681769	0.671373	
850.000000	0.696991	0.700770	0.732027	0.662504	0.542682	0.666995	0.696991	0.671373	
860.000000	0.701598	0.704867	0.721271	0.679659	0.531456	0.667770	0.701598	0.671373	
870.000000	0.686145	0.678143	0.707099	0.720763	0.533473	0.665125	0.686145	0.671373	
880.000000	0.694612	0.638250	0.692463	0.692228	0.541873	0.651885	0.692228	0.671373	
890.000000	0.686192	0.643982	0.652767	0.712687	0.534182	0.645962	0.652767	0.671373	
900.000000	0.677545	0.680391	0.667237	0.680994	0.520691	0.645372	0.677545	0.671373	
910.000000	0.672953	0.682350	0.673999	0.664193	0.491377	0.636974	0.672953	0.671373	
920.000000	0.738954	0.728869	0.732347	0.696496	0.498684	0.679070	0.728869	0.679070	
930.000000	0.731955	0.617143	0.708514	0.672775	0.517454	0.649568	0.672775	0.679070	
940.000000	0.725135	0.689434	0.701630	0.682401	0.496115	0.658943	0.689434	0.679070	
950.000000	0.679981	0.679400	0.702055	0.688135	0.489124	0.647739	0.679981	0.679070	
960.000000	0.726477	0.696643	0.707014	0.702915	0.481076	0.662825	0.702915	0.679070	
970.000000	0.737169	0.714418	0.730424	0.664638	0.446833	0.658697	0.714418	0.679070	
980.000000	0.697300	0.728521	0.721047	0.663342	0.486959	0.659434	0.697300	0.679070	
990.000000	0.702818	0.736122	0.738791	0.656219	0.483043	0.663398	0.702818	0.679070	
1000.000000	0.729594	0.730344	0.736465	0.670876	0.465812	0.666618	0.729594	0.679070	
1010.000000	0.725233	0.769452	0.748402	0.675924	0.444319	0.672666	0.725233	0.679070	
1020.000000	0.735791	0.776546	0.758073	0.680039	0.470877	0.684265	0.735791	0.684265	
1030.000000	0.747783	0.756713	0.751834	0.675154	0.449804	0.676258	0.747783	0.684265	
1040.000000	0.726984	0.749652	0.753662	0.674359	0.483805	0.677692	0.726984	0.684265	
1050.000000	0.733284	0.754538	0.772795	0.700995	0.444746	0.681272	0.733284	0.684265	
1060.000000	0.734648	0.724220	0.753576	0.689939	0.485205	0.677518	0.724220	0.684265	
1070.000000	0.742835	0.739892	0.785369	0.685126	0.502400	0.691124	0.739892	0.691124	
1080.000000	0.776215	0.765055	0.797257	0.693309	0.485199	0.703407	0.765055	0.703407	
1090.000000	0.570431	0.654195	0.751590	0.668470	0.488028	0.626543	0.654195	0.703407	
1100.000000	0.763233	0.733057	0.705690	0.654983	0.523175	0.676027	0.705690	0.703407	
1110.000000	0.709651	0.640078	0.755051	0.695372	0.422084	0.644447	0.695372	0.703407	
1120.000000	0.837597	0.783031	0.809921	0.674533	0.499343	0.720885	0.783031	0.720885	
1130.000000	0.805338	0.766567	0.816277	0.709487	0.532936	0.726121	0.766567	0.726121	
1140.000000	0.813295	0.768507	0.813988	0.678625	0.525137	0.719910	0.768507	0.726121	
1150.000000	0.801064	0.771904	0.813624	0.687178	0.529002	0.720554	0.771904	0.726121	
1160.000000	0.783964	0.759222	0.804347	0.710776	0.534351	0.718532	0.759222	0.726121	
1170.000000	0.798612	0.769900	0.807007	0.698032	0.512545	0.717219	0.769900	0.726121	
1180.000000	0.798732	0.774185	0.796916	0.678022	0.505076	0.710586	0.774185	0.726121	
1190.000000	0.780520	0.734013	0.798209	0.679195	0.519344	0.702256	0.734013	0.726121	
1200.000000	0.799731	0.747473	0.810092	0.704454	0.524741	0.717298	0.747473	0.726121	
1210.000000	0.773704	0.772449	0.792810	0.675517	0.551439	0.713184	0.772449	0.726121	
1220.000000	0.790116	0.755872	0.799537	0.685763	0.510291	0.708316	0.755872	0.726121	
1230.000000	0.766780	0.670932	0.660965	0.678613	0.504686	0.656395	0.670932	0.726121	
1240.000000	0.765079	0.704132	0.750501	0.686974	0.493572	0.680051	0.704132	0.726121	
1250.000000	0.781997	0.704888	0.745295	0.682018	0.510439	0.684928	0.704888	0.726121	
1260.000000	0.716208	0.643111	0.711892	0.634086	0.525366	0.646132	0.643111	0.726121	
1270.000000	0.727243	0.639881	0.697160	0.676064	0.521241	0.652318	0.676064	0.726121	
1280.000000	0.730491	0.603314	0.705795	0.656807	0.501899	0.639661	0.656807	0.726121	
1290.000000	0.732363	0.607900	0.703660	0.682023	0.543970	0.653983	0.682023	0.726121	
1300.000000	0.770162	0.656326	0.751766	0.684051	0.522624	0.676986	0.684051	0.726121	
1310.000000	0.743585	0.656960	0.748317	0.621861	0.507048	0.655554	0.656960	0.726121	
1320.000000	0.772038	0.652004	0.746492	0.655332	0.526355	0.670444	0.655332	0.726121	
1330.000000	0.757400	0.648386	0.729184	0.641658	0.505527	0.656431	0.648386	0.726121	
1340.000000	0.748954	0.623948	0.750076	0.655041	0.513853	0.658374	0.655041	0.726121	
1350.000000	0.753633	0.620579	0.718353	0.676873	0.561791	0.666246	0.676873	0.726121	
1360.000000	0.702717	0.617490	0.751966	0.670784	0.460959	0.640783	0.670784	0.726121	
1370.000000	0.758453	0.697125	0.746485	0.695678	0.521057	0.683760	0.697125	0.726121	
1380.000000	0.749126	0.645135	0.749753	0.675941	0.504860	0.664963	0.675941	0.726121	
1390.000000	0.777973	0.665355	0.759087	0.668512	0.527103	0.679606	0.668512	0.726121	
1400.000000	0.758039	0.669003	0.768078	0.683626	0.526881	0.681125	0.683626	0.726121	
1410.000000	0.765322	0.674547	0.758395	0.663858	0.543456	0.681116	0.674547	0.726121	
1420.000000	0.777186	0.652565	0.721721	0.674507	0.518919	0.668980	0.674507	0.726121	
1430.000000	0.771697	0.661059	0.745803	0.670343	0.497346	0.669250	0.670343	0.726121	
1440.000000	0.788406	0.659715	0.747088	0.613102	0.504411	0.662544	0.659715	0.726121	
1450.000000	0.797648	0.672914	0.761405	0.667700	0.512323	0.682398	0.672914	0.726121	
1460.000000	0.797825	0.687948	0.766373	0.617665	0.504299	0.674822	0.687948	0.726121	
1470.000000	0.824441	0.701026	0.781098	0.655930	0.487987	0.690096	0.701026	0.726121	
1480.000000	0.806943	0.695516	0.769556	0.636118	0.494768	0.680580	0.695516	0.726121	
1490.000000	0.821225	0.688939	0.771690	0.643104	0.513023	0.687596	0.688939	0.726121	
1500.000000	0.808988	0.655945	0.773511	0.636937	0.495119	0.674100	0.655945	0.726121	
1510.000000	0.802841	0.653897	0.779253	0.673361	0.493973	0.680665	0.673361	0.726121	
1520.000000	0.789833	0.661179	0.767774	0.668014	0.482756	0.673911	0.668014	0.726121	
1530.000000	0.761245	0.642354	0.758068	0.641927	0.516683	0.664055	0.642354	0.726121	
1540.000000	0.770007	0.665151	0.755557	0.642789	0.508112	0.668323	0.665151	0.726121	
1550.000000	0.768436	0.633531	0.755220	0.606050	0.508773	0.654402	0.633531	0.726121	
1560.000000	0.749168	0.609076	0.747303	0.629084	0.524043	0.651735	0.629084	0.726121	
1570.000000	0.715508	0.593789	0.718133	0.638587	0.484419	0.630087	0.638587	0.726121	
1580.000000	0.708807	0.571011	0.698291	0.633267	0.512597	0.624795	0.633267	0.726121	
1590.000000	0.667344	0.508426	0.684302	0.650633	0.506139	0.603369	0.650633	0.726121	
1600.000000	0.722450	0.597054	0.701989	0.676183	0.471235	0.633782	0.676183	0.726121	
1610.000000	0.736827	0.609901	0.719748	0.661902	0.466831	0.639042	0.661902	0.726121	
1620.000000	0.631782	0.476016	0.642590	0.681921	0.485621	0.583586	0.631782	0.726121	
1630.000000	0.775551	0.626534	0.714066	0.627776	0.503005	0.649386	0.627776	0.726121	
1640.000000	0.753016	0.614214	0.726677	0.599689	0.469093	0.632538	0.614214	0.726121	
1650.000000	0.753258	0.632853	0.723040	0.694171	0.495923	0.659849	0.694171	0.726121	
1660.000000	0.757615	0.657214	0.714591	0.660724	0.596120	0.677253	0.660724	0.726121	
1670.000000	0.735819	0.618557	0.699747	0.620386	0.487547	0.632411	0.620386	0.726121	
1680.000000	0.764631	0.624735	0.710531	0.634047	0.484233	0.643635	0.634047	0.726121	
1690.000000	0.740213	0.605302	0.694546	0.630468	0.491029	0.632312	0.630468	0.726121	
1700.000000	0.751776	0.623485	0.684588	0.643775	0.499945	0.640714	0.643775	0.726121	
1710.000000	0.721645	0.581631	0.657501	0.613606	0.503664	0.615609	0.613606	0.726121	
1720.000000	0.714711	0.615233	0.697606	0.668790	0.530998	0.645468	0.668790	0.726121	
1730.000000	0.754418	0.640066	0.699530	0.633560	0.517501	0.649015	0.640066	0.726121	
1740.000000	0.755753	0.640661	0.712324	0.634684	0.475677	0.643820	0.640661	0.726121	
1750.000000	0.779936	0.643897	0.753437	0.647568	0.489357	0.662839	0.647568	0.726121	
1760.000000	0.759775	0.647839	0.729281	0.655245	0.465446	0.651517	0.655245	0.726121	
1770.000000	0.756507	0.650505	0.619569	0.628643	0.501856	0.631416	0.628643	0.726121	
1780.000000	0.768695	0.650385	0.707456	0.665639	0.463798	0.651195	0.665639	0.726121	
1790.000000	0.752413	0.693601	0.626699	0.651122	0.534128	0.651593	0.651122	0.726121	
1800.000000	0.735124	0.657373	0.709745	0.666627	0.492169	0.652208	0.666627	0.726121	
1810.000000	0.729074	0.636538	0.709435	0.666426	0.495997	0.647494	0.666426	0.726121	
1820.000000	0.733350	0.631063	0.680472	0.664193	0.508091	0.643434	0.664193	0.726121	
1830.000000	0.700328	0.638820	0.699085	0.638531	0.481365	0.631626	0.638820	0.726121	
1840.000000	0.745908	0.659729	0.730354	0.669149	0.495276	0.660083	0.669149	0.726121	
1850.000000	0.730959	0.614904	0.738948	0.655688	0.506603	0.649420	0.655688	0.726121	
1860.000000	0.740199	0.597012	0.715680	0.626296	0.509361	0.637710	0.626296	0.726121	
1870.000000	0.709893	0.612172	0.683330	0.657007	0.508032	0.634087	0.657007	0.726121	
1880.000000	0.736726	0.605342	0.657704	0.642671	0.568649	0.642218	0.642671	0.726121	
1890.000000	0.733291	0.626741	0.686503	0.655797	0.546351	0.649736	0.655797	0.726121	
1900.000000	0.698787	0.577762	0.687648	0.657006	0.546026	0.633446	0.657006	0.726121	
1910.000000	0.746216	0.612626	0.664712	0.657798	0.500752	0.636421	0.657798	0.726121	
1920.000000	0.713074	0.585138	0.711965	0.625986	0.499907	0.627214	0.625986	0.726121	
1930.000000	0.657474	0.550536	0.652525	0.627047	0.550045	0.607525	0.627047	0.726121	
1940.000000	0.732339	0.561237	0.597261	0.540461	0.546723	0.595604	0.561237	0.726121	
1950.000000	0.709097	0.548490	0.699222	0.598185	0.517637	0.614526	0.598185	0.726121	
1960.000000	0.745029	0.585535	0.723140	0.621757	0.504895	0.636071	0.621757	0.726121	
1970.000000	0.737011	0.588041	0.712972	0.663841	0.503758	0.641125	0.663841	0.726121	
1980.000000	0.723730	0.592542	0.708775	0.638175	0.488926	0.630430	0.638175	0.726121	
1990.000000	0.264947	0.592925	0.710336	0.624983	0.486619	0.535962	0.592925	0.726121	
2000.000000	0.742939	0.627544	0.756578	0.630845	0.573552	0.666292	0.630845	0.726121	
2010.000000	0.743408	0.602809	0.731746	0.646345	0.493191	0.643500	0.646345	0.726121	
2020.000000	0.752175	0.617338	0.727110	0.648988	0.511006	0.651323	0.648988	0.726121	
2030.000000	0.746862	0.623147	0.735500	0.646539	0.560278	0.662465	0.646539	0.726121	
2040.000000	0.744986	0.606323	0.719266	0.677184	0.510005	0.651553	0.677184	0.726121	
2050.000000	0.759761	0.603714	0.726120	0.655250	0.510947	0.651158	0.655250	0.726121	
2060.000000	0.743870	0.660822	0.727134	0.663246	0.501109	0.659236	0.663246	0.726121	
2070.000000	0.735661	0.610923	0.729218	0.670374	0.525716	0.654378	0.670374	0.726121	
2080.000000	0.745010	0.621070	0.723580	0.642269	0.487874	0.643961	0.642269	0.726121	
2090.000000	0.759933	0.615090	0.724745	0.654259	0.515085	0.653822	0.654259	0.726121	
2100.000000	0.759035	0.642955	0.744233	0.663682	0.505471	0.663075	0.663682	0.726121	
2110.000000	0.722277	0.618538	0.727466	0.681871	0.556759	0.661382	0.681871	0.726121	
2120.000000	0.680801	0.582613	0.727432	0.653690	0.488004	0.626508	0.653690	0.726121	
2130.000000	0.730023	0.590529	0.718206	0.673313	0.470310	0.636476	0.673313	0.726121	
2140.000000	0.739874	0.598088	0.728876	0.615994	0.479348	0.632436	0.615994	0.726121	
2150.000000	0.741539	0.636738	0.742118	0.674156	0.486542	0.656219	0.674156	0.726121	
2160.000000	0.735833	0.599587	0.721787	0.643441	0.477183	0.635566	0.643441	0.726121	
2170.000000	0.738774	0.582792	0.709814	0.630651	0.473470	0.627100	0.630651	0.726121	
2180.000000	0.733694	0.674286	0.746754	0.516559	0.494732	0.633205	0.674286	0.726121	
2190.000000	0.727594	0.592714	0.736104	0.623191	0.608979	0.657716	0.623191	0.726121	
2200.000000	0.724051	0.604658	0.731580	0.628268	0.491259	0.635963	0.628268	0.726121	
2210.000000	0.653742	0.624793	0.740940	0.694292	0.510082	0.644770	0.653742	0.726121	
2220.000000	0.703617	0.603197	0.706146	0.625300	0.568115	0.641275	0.625300	0.726121	
2230.000000	0.760471	0.516802	0.671749	0.684937	0.530613	0.632915	0.671749	0.726121	
2240.000000	0.680071	0.541896	0.629044	0.380455	0.623053	0.570904	0.623053	0.726121	
2250.000000	0.713418	0.437165	0.735407	0.629857	0.546241	0.612418	0.629857	0.726121	
2260.000000	0.718839	0.579315	0.754829	0.620665	0.459041	0.626538	0.620665	0.726121	
2270.000000	0.749713	0.535267	0.699139	0.627340	0.431783	0.608648	0.627340	0.726121	
2280.000000	0.748169	0.552109	0.695037	0.611985	0.468157	0.615092	0.611985	0.726121	
2290.000000	0.301726	0.629033	0.703328	0.619579	0.469805	0.544694	0.619579	0.726121	
2300.000000	0.699605	0.578148	0.679487	0.623561	0.496296	0.615419	0.623561	0.726121	
2310.000000	0.746895	0.596568	0.728031	0.599379	0.462982	0.626771	0.599379	0.726121	
2320.000000	0.777139	0.641957	0.747599	0.577143	0.419947	0.632757	0.641957	0.726121	
2330.000000	0.756507	0.623957	0.754648	0.488555	0.432154	0.611164	0.623957	0.726121	
2340.000000	0.657832	0.638171	0.744641	0.604677	0.446780	0.618420	0.638171	0.726121	
2350.000000	0.612797	0.637414	0.749651	0.546600	0.467391	0.602771	0.612797	0.726121	
2360.000000	0.620141	0.613297	0.723338	0.596354	0.454078	0.601442	0.613297	0.726121	
2370.000000	0.754019	0.598612	0.685559	0.572492	0.484832	0.619103	0.598612	0.726121	
2380.000000	0.436095	0.591483	0.700722	0.601826	0.494904	0.565006	0.591483	0.726121	
2390.000000	0.758658	0.424778	0.662618	0.490996	0.532809	0.573972	0.532809	0.726121	
2400.000000	0.671599	0.508399	0.713155	0.570174	0.466915	0.586048	0.570174	0.726121	
2410.000000	0.738413	0.562060	0.401282	0.455122	0.450495	0.521474	0.455122	0.726121	
2420.000000	0.746881	0.513713	0.794823	0.574178	0.413157	0.608550	0.574178	0.726121	
2430.000000	0.742852	0.568491	0.722972	0.467377	0.458543	0.592047	0.568491	0.726121	
2440.000000	0.674661	0.549462	0.731763	0.392596	0.433861	0.556469	0.549462	0.726121	
2450.000000	0.666971	0.517829	0.699683	0.399162	0.415018	0.539733	0.517829	0.726121	
2460.000000	0.705160	0.477208	0.683396	0.591146	0.433315	0.578045	0.591146	0.726121	
2470.000000	0.684564	0.503987	0.559223	0.580810	0.554316	0.576580	0.559223	0.726121	
2480.000000	0.545914	0.481998	0.501700	0.594581	0.397244	0.504287	0.501700	0.726121	
2490.000000	0.585561	0.369081	0.523338	0.595530	0.487697	0.512242	0.523338	0.726121	
2500.000000	0.738047	0.604428	0.746181	0.615218	0.461178	0.633010	0.615218	0.726121	
2510.000000	0.744640	0.550066	0.774390	0.597466	0.396204	0.612553	0.597466	0.726121	
2520.000000	0.761785	0.599046	0.754735	0.610008	0.386726	0.622460	0.610008	0.726121	
2530.000000	0.758936	0.582324	0.758989	0.612830	0.495837	0.641783	0.612830	0.726121	
2540.000000	0.703860	0.554085	0.664993	0.597102	0.501425	0.604293	0.597102	0.726121	
2550.000000	0.507608	0.435634	0.596483	0.613378	0.495657	0.529752	0.507608	0.726121	
2560.000000	0.684307	0.568745	0.668833	0.580684	0.529501	0.606414	0.580684	0.726121	
2570.000000	0.705530	0.412280	0.685780	0.535986	0.594909	0.586897	0.594909	0.726121	
2580.000000	0.690654	0.543402	0.522499	0.446102	0.515803	0.543692	0.522499	0.726121	
2590.000000	0.780643	0.502584	0.795590	0.588198	0.484785	0.630360	0.588198	0.726121	
2600.000000	0.732521	0.614986	0.726265	0.542342	0.496339	0.622491	0.614986	0.726121	
2610.000000	0.716780	0.614555	0.738002	0.515592	0.559399	0.628866	0.614555	0.726121	
2620.000000	0.564188	0.546606	0.760538	0.560536	0.463077	0.578989	0.560536	0.726121	
2630.000000	0.664743	0.498572	0.634537	0.554911	0.617157	0.593984	0.617157	0.726121	
2640.000000	0.744169	0.444494	0.692988	0.570821	0.560911	0.602677	0.570821	0.726121	
2650.000000	0.729840	0.510507	0.705771	0.457324	0.578750	0.596438	0.578750	0.726121	
2660.000000	0.743109	0.533149	0.727300	0.587268	0.511877	0.620541	0.587268	0.726121	
2670.000000	0.763366	0.509027	0.772270	0.592682	0.521810	0.631831	0.592682	0.726121	
2680.000000	0.766683	0.523259	0.731279	0.563164	0.457764	0.608430	0.563164	0.726121	
2690.000000	0.421756	0.448041	0.756632	0.567662	0.459893	0.530797	0.459893	0.726121	
2700.000000	0.641884	0.543270	0.749272	0.426568	0.573151	0.586829	0.573151	0.726121	
2710.000000	0.528932	0.480426	0.708316	0.482497	0.545893	0.549213	0.528932	0.726121	
2720.000000	0.748285	0.596152	0.769046	0.620446	0.526289	0.652044	0.620446	0.726121	
2730.000000	0.679831	0.700809	0.464545	0.462571	0.527702	0.567091	0.527702	0.726121	
2740.000000	0.791070	0.729700	0.748056	0.634851	0.499452	0.680626	0.729700	0.726121	
2750.000000	0.773296	0.600886	0.787475	0.644817	0.434836	0.648262	0.644817	0.726121	
2760.000000	0.776446	0.520349	0.739343	0.608320	0.524297	0.633751	0.608320	0.726121	
2770.000000	0.755070	0.474507	0.780993	0.453221	0.399574	0.572673	0.474507	0.726121	
2780.000000	0.763521	0.625285	0.553981	0.495124	0.617981	0.611179	0.617981	0.726121	
2790.000000	0.602185	0.520953	0.537058	0.618273	0.459666	0.547627	0.537058	0.726121	
2800.000000	0.818056	0.598811	0.433252	0.625463	0.475863	0.590289	0.598811	0.726121	
2810.000000	0.770607	0.661632	0.556301	0.620577	0.462990	0.614421	0.620577	0.726121	
2820.000000	0.780880	0.487043	0.659157	0.607659	0.443903	0.595728	0.607659	0.726121	
2830.000000	0.746487	0.399925	0.676691	0.640168	0.512356	0.595125	0.640168	0.726121	
2840.000000	0.844623	0.638744	0.800996	0.649550	0.543542	0.695491	0.649550	0.726121	
2850.000000	0.751345	0.683520	0.747926	0.650925	0.660915	0.698926	0.683520	0.726121	
2860.000000	0.729262	0.573213	0.794852	0.617450	0.479962	0.638948	0.617450	0.726121	
2870.000000	0.794006	0.688178	0.669704	0.620993	0.417809	0.638138	0.669704	0.726121	
2880.000000	0.774239	0.612219	0.762504	0.566652	0.408954	0.624914	0.612219	0.726121	
2890.000000	0.738738	0.493686	0.265899	0.633367	0.476616	0.521661	0.493686	0.726121	
2900.000000	0.684331	0.505612	0.852509	0.567798	0.451266	0.612303	0.567798	0.726121	
2910.000000	0.679965	0.654144	0.748561	0.350663	0.581337	0.602934	0.654144	0.726121	
2920.000000	0.740010	0.360389	0.706906	0.495180	0.487458	0.557989	0.495180	0.726121	
2930.000000	0.785157	0.495368	0.693897	0.623447	0.626390	0.644852	0.626390	0.726121	
2940.000000	0.687514	0.632171	0.565776	0.442674	0.429053	0.551438	0.565776	0.726121	
2950.000000	0.768876	0.557244	0.724557	0.561652	0.421551	0.606776	0.561652	0.726121	
2960.000000	0.484069	0.617544	0.561143	0.598459	0.514113	0.555066	0.561143	0.726121	
2970.000000	0.652131	0.635707	0.735046	0.609752	0.477239	0.621975	0.635707	0.726121	
2980.000000	0.554582	0.239540	0.713252	0.567744	0.428267	0.500677	0.554582	0.726121	
2990.000000	0.628118	0.412792	0.729438	0.626054	0.461222	0.571525	0.626054	0.726121	
3000.000000	0.783441	0.544959	0.413913	0.594050	0.473819	0.562037	0.544959	0.726121	
3010.000000	0.639729	0.554933	0.769900	0.645633	0.594058	0.640851	0.639729	0.726121	
3020.000000	0.671568	0.535321	0.688244	0.657994	0.533013	0.617228	0.657994	0.726121	
3030.000000	0.722168	0.689874	0.748652	0.602129	0.480752	0.648715	0.689874	0.726121	
3040.000000	0.635997	0.240910	0.602172	0.633635	0.572572	0.537057	0.602172	0.726121	
3050.000000	0.604443	0.365280	0.696217	0.655179	0.566821	0.577588	0.604443	0.726121	
3060.000000	0.752733	0.537198	0.633057	0.584979	0.431368	0.587867	0.584979	0.726121	
3070.000000	0.672185	0.649786	0.670237	0.499271	0.451697	0.588635	0.649786	0.726121	
3080.000000	0.673078	0.781671	0.523386	0.650817	0.410910	0.607972	0.650817	0.726121	
3090.000000	0.661402	0.343853	0.694633	0.491149	0.537449	0.545697	0.537449	0.726121	
3100.000000	0.250196	0.651445	0.409331	0.630341	0.455838	0.479430	0.455838	0.726121	
3110.000000	0.450714	0.608799	0.358789	0.581995	0.698942	0.539848	0.581995	0.726121	
3120.000000	0.549037	0.494292	0.656592	0.578991	0.489239	0.553630	0.549037	0.726121	
3130.000000	0.696160	0.573969	0.698882	0.499932	0.544652	0.602719	0.573969	0.726121	
3140.000000	0.389649	0.503730	0.574108	0.595920	0.455410	0.503763	0.503730	0.726121	
3150.000000	0.485510	0.712156	0.592076	0.592687	0.474377	0.571361	0.592076	0.726121	
3160.000000	0.588980	0.348182	0.609717	0.572940	0.469149	0.517794	0.572940	0.726121	
3170.000000	0.684222	0.496143	0.677807	0.623011	0.392778	0.574792	0.623011	0.726121	
3180.000000	0.619375	0.651144	0.470751	0.588731	0.596217	0.585244	0.596217	0.726121	
3190.000000	0.355097	0.242436	0.628602	0.623445	0.445282	0.458973	0.445282	0.726121	
3200.000000	0.676796	0.438056	0.374485	0.475373	0.391848	0.471311	0.438056	0.726121	
3210.000000	0.613108	0.617291	0.279202	0.560567	0.586837	0.531401	0.586837	0.726121	
3220.000000	0.496393	0.418014	0.675232	0.529317	0.380873	0.499966	0.496393	0.726121	
3230.000000	0.680716	0.426102	0.625009	0.620005	0.411804	0.552727	0.620005	0.726121	
3240.000000	0.730405	0.548424	0.737684	0.505782	0.511765	0.606812	0.548424	0.726121	
3250.000000	0.711565	0.526741	0.666424	0.559475	0.411704	0.575182	0.559475	0.726121	
3260.000000	0.705676	0.412540	0.601952	0.482731	0.579781	0.556536	0.579781	0.726121	
3270.000000	0.882830	0.397451	0.631870	0.568657	0.684724	0.633107	0.631870	0.726121	
3280.000000	0.714431	0.614223	0.677721	0.606535	0.477280	0.618038	0.614223	0.726121	
3290.000000	0.790861	0.435112	0.826783	0.539503	0.400333	0.598518	0.539503	0.726121	
3300.000000	0.844521	0.607794	0.369298	0.483846	0.569019	0.574895	0.569019	0.726121	
3310.000000	0.685867	0.625096	0.594829	0.604047	0.602688	0.622506	0.604047	0.726121	
3320.000000	0.756041	0.575836	0.803382	0.620463	0.499538	0.651052	0.620463	0.726121	
3330.000000	0.813855	0.582240	0.728241	0.527147	0.507370	0.631771	0.582240	0.726121	
3340.000000	0.823515	0.632150	0.709728	0.607012	0.481669	0.650815	0.632150	0.726121	
3350.000000	0.554219	0.544774	0.765772	0.604779	0.679440	0.629797	0.604779	0.726121	
3360.000000	0.562221	0.548370	0.809972	0.642368	0.455114	0.603609	0.562221	0.726121	
3370.000000	0.846385	0.586498	0.688183	0.627817	0.540393	0.657855	0.627817	0.726121	
3380.000000	0.775005	0.524323	0.787622	0.577974	0.481418	0.629268	0.577974	0.726121	
3390.000000	0.696774	0.548614	0.781471	0.649426	0.638984	0.663054	0.649426	0.726121	
3400.000000	0.553854	0.630551	0.728473	0.635794	0.640514	0.637837	0.635794	0.726121	
3410.000000	0.756953	0.805950	0.756647	0.595067	0.572805	0.697484	0.756647	0.726121	
3420.000000	0.756074	0.744118	0.694400	0.528292	0.522593	0.649095	0.694400	0.726121	
3430.000000	0.743137	0.572834	0.707861	0.616798	0.577392	0.643604	0.616798	0.726121	
3440.000000	0.711849	0.614613	0.758452	0.449691	0.585579	0.624037	0.614613	0.726121	
3450.000000	0.621771	0.688986	0.703462	0.593111	0.518984	0.625263	0.621771	0.726121	
3460.000000	0.790726	0.617652	0.471682	0.417751	0.586249	0.576812	0.586249	0.726121	
3470.000000	0.776903	0.678869	0.767035	0.490836	0.516374	0.646004	0.678869	0.726121	
3480.000000	0.769781	0.554390	0.768024	0.446671	0.568378	0.621449	0.568378	0.726121	
3490.000000	0.771381	0.399314	0.615360	0.610411	0.596397	0.598573	0.610411	0.726121	
3500.000000	0.606096	0.550106	0.563495	0.595024	0.517052	0.566355	0.563495	0.726121	
3510.000000	0.765300	0.613256	0.584722	0.551723	0.469235	0.596847	0.584722	0.726121	
3520.000000	0.743983	0.582674	0.666732	0.588896	0.501463	0.616750	0.588896	0.726121	
3530.000000	0.675646	0.585984	0.740166	0.591790	0.573136	0.633344	0.591790	0.726121	
3540.000000	0.684590	0.516541	0.564465	0.615258	0.545420	0.585255	0.564465	0.726121	
3550.000000	0.692690	0.746108	0.673813	0.606615	0.493911	0.642627	0.673813	0.726121	
3560.000000	0.738564	0.603460	0.673498	0.416392	0.561269	0.598637	0.603460	0.726121	
3570.000000	0.717572	0.633026	0.657423	0.543347	0.610973	0.632468	0.633026	0.726121	
3580.000000	0.747003	0.619961	0.705065	0.593089	0.477839	0.628591	0.619961	0.726121	
3590.000000	0.743540	0.605414	0.726120	0.596195	0.475576	0.629369	0.605414	0.726121	
3600.000000	0.570299	0.672787	0.671507	0.411315	0.450572	0.555296	0.570299	0.726121	
3610.000000	0.783781	0.589007	0.704073	0.617588	0.403157	0.619521	0.617588	0.726121	
3620.000000	0.734556	0.411085	0.773082	0.643257	0.449887	0.602373	0.643257	0.726121	
3630.000000	0.731661	0.616945	0.749226	0.635341	0.496803	0.645995	0.635341	0.726121	
3640.000000	0.626841	0.534424	0.229362	0.611658	0.615096	0.523476	0.611658	0.726121	
3650.000000	0.754328	0.610683	0.720805	0.645127	0.431947	0.632578	0.645127	0.726121	
3660.000000	0.600873	0.655635	0.458978	0.622970	0.465463	0.560784	0.600873	0.726121	
3670.000000	0.662855	0.508073	0.509722	0.678484	0.466379	0.565103	0.509722	0.726121	
3680.000000	0.764249	0.571148	0.659521	0.555735	0.512967	0.612724	0.571148	0.726121	
3690.000000	0.670395	0.524704	0.683641	0.657495	0.469849	0.601217	0.657495	0.726121	
3700.000000	0.680742	0.621878	0.729665	0.609105	0.498061	0.627890	0.621878	0.726121	
3710.000000	0.722496	0.505816	0.647078	0.596177	0.448850	0.584083	0.596177	0.726121	
3720.000000	0.671815	0.385204	0.534698	0.628319	0.437828	0.531573	0.534698	0.726121	
3730.000000	0.637243	0.455567	0.675154	0.568539	0.479983	0.563297	0.568539	0.726121	
3740.000000	0.645906	0.491135	0.642603	0.616856	0.543108	0.587922	0.616856	0.726121	
3750.000000	0.593402	0.303098	0.610370	0.585948	0.428140	0.504192	0.585948	0.726121	
3760.000000	0.556450	0.449713	0.721372	0.549713	0.450782	0.545606	0.549713	0.726121	
3770.000000	0.702326	0.384781	0.418959	0.622167	0.444752	0.514597	0.444752	0.726121	
3780.000000	0.538957	0.711242	0.712063	0.609178	0.589563	0.632201	0.609178	0.726121	
3790.000000	0.701181	0.593012	0.703535	0.579306	0.540686	0.623544	0.593012	0.726121	
3800.000000	0.540052	0.488793	0.722113	0.544590	0.408632	0.540836	0.540052	0.726121	
3810.000000	0.737796	0.492946	0.484340	0.587513	0.474737	0.555466	0.492946	0.726121	
3820.000000	0.632307	0.646563	0.486734	0.513538	0.556239	0.567076	0.556239	0.726121	
3830.000000	0.617217	0.508026	0.861701	0.656129	0.526927	0.634000	0.617217	0.726121	
3840.000000	0.561544	0.728420	0.509932	0.596395	0.454580	0.570174	0.561544	0.726121	
3850.000000	0.636503	0.427807	0.745645	0.651505	0.430397	0.578371	0.636503	0.726121	
3860.000000	0.684526	0.484152	0.796085	0.630533	0.472779	0.613615	0.630533	0.726121	
3870.000000	0.681939	0.557129	0.646736	0.661288	0.389142	0.587247	0.646736	0.726121	
3880.000000	0.733423	0.535429	0.678063	0.630213	0.579403	0.631306	0.630213	0.726121	
3890.000000	0.646115	0.541847	0.624776	0.656163	0.536158	0.601012	0.624776	0.726121	
3900.000000	0.686621	0.696540	0.646176	0.568544	0.463703	0.612317	0.646176	0.726121	
3910.000000	0.650804	0.513112	0.628238	0.610854	0.409480	0.562498	0.610854	0.726121	
3920.000000	0.704432	0.599326	0.663327	0.538655	0.468618	0.594871	0.599326	0.726121	
3930.000000	0.731606	0.637987	0.745874	0.608964	0.512574	0.647401	0.637987	0.726121	
3940.000000	0.702874	0.596935	0.679898	0.606164	0.512952	0.619765	0.606164	0.726121	
3950.000000	0.704013	0.729775	0.789217	0.643499	0.589566	0.691214	0.704013	0.726121	
3960.000000	0.767119	0.652387	0.699298	0.525778	0.517717	0.632460	0.652387	0.726121	
3970.000000	0.760835	0.743526	0.298519	0.509491	0.510554	0.564585	0.510554	0.726121	
3980.000000	0.610836	0.630943	0.741788	0.551561	0.460321	0.599090	0.610836	0.726121	
3990.000000	0.739487	0.741527	0.749189	0.541375	0.602945	0.674905	0.739487	0.726121	
4000.000000	0.780145	0.702718	0.711980	0.525836	0.486817	0.641499	0.702718	0.726121	
4010.000000	0.645216	0.572922	0.703043	0.361704	0.380701	0.532717	0.572922	0.726121	
4020.000000	0.757143	0.551703	0.519052	0.620170	0.505418	0.590697	0.551703	0.726121	
4030.000000	0.571538	0.758569	0.635182	0.628236	0.574172	0.633540	0.628236	0.726121	
4040.000000	0.636652	0.430863	0.722696	0.622309	0.514234	0.585351	0.622309	0.726121	
4050.000000	0.640815	0.530276	0.477203	0.464082	0.483435	0.519162	0.483435	0.726121	
4060.000000	0.705024	0.521622	0.719918	0.509071	0.516928	0.594513	0.521622	0.726121	
4070.000000	0.714188	0.545812	0.536217	0.631058	0.505560	0.586567	0.545812	0.726121	
4080.000000	0.675903	0.647745	0.487440	0.657464	0.482319	0.590174	0.647745	0.726121	
4090.000000	0.750132	0.567800	0.602695	0.645926	0.491965	0.611704	0.602695	0.726121	
4100.000000	0.673033	0.625395	0.713714	0.609044	0.423438	0.608925	0.625395	0.726121	
4110.000000	0.724487	0.590959	0.702387	0.614429	0.520236	0.630500	0.614429	0.726121	
4120.000000	0.693837	0.612445	0.667281	0.555299	0.502896	0.606352	0.612445	0.726121	
4130.000000	0.737822	0.474925	0.710895	0.602848	0.533101	0.611918	0.602848	0.726121	
4140.000000	0.673893	0.595953	0.683444	0.610878	0.506619	0.614157	0.610878	0.726121	
4150.000000	0.582343	0.616079	0.652337	0.608715	0.444243	0.580743	0.608715	0.726121	
4160.000000	0.650665	0.769069	0.652743	0.623828	0.489062	0.637073	0.650665	0.726121	
4170.000000	0.684067	0.719526	0.702568	0.508216	0.512823	0.625440	0.684067	0.726121	
4180.000000	0.589512	0.583437	0.678115	0.575532	0.542544	0.593828	0.583437	0.726121	
4190.000000	0.434849	0.483268	0.651504	0.579594	0.550654	0.539974	0.550654	0.726121	
4200.000000	0.696598	0.553011	0.658427	0.545127	0.533080	0.597249	0.553011	0.726121	
4210.000000	0.719654	0.589697	0.593808	0.457736	0.510466	0.574272	0.589697	0.726121	
4220.000000	0.725651	0.588847	0.615069	0.573517	0.602901	0.621197	0.602901	0.726121	
4230.000000	0.731237	0.670154	0.655916	0.625480	0.488852	0.634328	0.655916	0.726121	
4240.000000	0.679223	0.546298	0.692038	0.607012	0.523287	0.609571	0.607012	0.726121	
4250.000000	0.705982	0.590367	0.639589	0.634132	0.469188	0.607852	0.634132	0.726121	
4260.000000	0.755824	0.489958	0.619603	0.650955	0.495480	0.602364	0.619603	0.726121	
4270.000000	0.671754	0.495944	0.788731	0.628139	0.499615	0.616837	0.628139	0.726121	
4280.000000	0.627673	0.586658	0.641516	0.649769	0.500409	0.601205	0.627673	0.726121	
4290.000000	0.737685	0.576386	0.731604	0.663456	0.428955	0.627617	0.663456	0.726121	
4300.000000	0.767154	0.623511	0.733285	0.649654	0.418562	0.638433	0.649654	0.726121	
4310.000000	0.707622	0.671533	0.494135	0.612462	0.371983	0.571547	0.612462	0.726121	
4320.000000	0.706124	0.624347	0.789557	0.686098	0.468216	0.654868	0.686098	0.726121	
4330.000000	0.351542	0.685582	0.735642	0.645074	0.419921	0.567552	0.645074	0.726121	
4340.000000	0.730412	0.655537	0.725131	0.663868	0.387358	0.632461	0.663868	0.726121	
4350.000000	0.762441	0.637816	0.749443	0.641479	0.460769	0.650390	0.641479	0.726121	
4360.000000	0.706647	0.565315	0.656612	0.636009	0.438643	0.600645	0.636009	0.726121	
4370.000000	0.653712	0.536703	0.682196	0.540050	0.512034	0.584939	0.540050	0.726121	
4380.000000	0.648265	0.541149	0.563105	0.619259	0.436416	0.561639	0.563105	0.726121	
4390.000000	0.693385	0.405544	0.688423	0.629193	0.427895	0.568888	0.629193	0.726121	
4400.000000	0.692164	0.362290	0.646145	0.663163	0.522993	0.577351	0.646145	0.726121	
4410.000000	0.706948	0.625580	0.740244	0.594641	0.597892	0.653061	0.625580	0.726121	
4420.000000	0.569149	0.525214	0.566499	0.525013	0.383235	0.513822	0.525214	0.726121	
4430.000000	0.662167	0.528808	0.723927	0.575711	0.589647	0.616052	0.589647	0.726121	
4440.000000	0.731614	0.611688	0.700433	0.657086	0.443126	0.628789	0.657086	0.726121	
4450.000000	0.707259	0.488798	0.690834	0.609982	0.445335	0.588442	0.609982	0.726121	
4460.000000	0.763825	0.670065	0.702163	0.592917	0.563360	0.658466	0.670065	0.726121	
4470.000000	0.763653	0.608358	0.723607	0.646868	0.559889	0.660475	0.646868	0.726121	
4480.000000	0.740736	0.592230	0.691053	0.622028	0.485863	0.626382	0.622028	0.726121	
4490.000000	0.765646	0.496472	0.641089	0.584250	0.581367	0.613765	0.584250	0.726121	
4500.000000	0.672944	0.612863	0.736079	0.598893	0.426563	0.609468	0.612863	0.726121	
4510.000000	0.780155	0.680757	0.680985	0.552886	0.403620	0.619681	0.680757	0.726121	
4520.000000	0.595659	0.728218	0.744878	0.547758	0.529929	0.629288	0.595659	0.726121	
4530.000000	0.760449	0.722578	0.744973	0.568297	0.525951	0.664450	0.722578	0.726121	
4540.000000	0.707606	0.677868	0.764724	0.580529	0.501390	0.646423	0.677868	0.726121	
4550.000000	0.709898	0.724807	0.747821	0.531410	0.540054	0.650798	0.709898	0.726121	
4560.000000	0.738964	0.586045	0.619872	0.602494	0.588343	0.627144	0.602494	0.726121	
4570.000000	0.676970	0.526762	0.671229	0.600360	0.448129	0.584690	0.600360	0.726121	
4580.000000	0.690647	0.546105	0.732271	0.606741	0.454078	0.605968	0.606741	0.726121	
4590.000000	0.651403	0.635777	0.699442	0.639546	0.519958	0.629225	0.639546	0.726121	
4600.000000	0.711670	0.621103	0.782280	0.645086	0.475493	0.647126	0.645086	0.726121	
4610.000000	0.786116	0.584109	0.769356	0.512516	0.484886	0.627396	0.584109	0.726121	
4620.000000	0.773400	0.651337	0.744782	0.645006	0.492083	0.661322	0.651337	0.726121	
4630.000000	0.783928	0.689448	0.775709	0.481368	0.441977	0.634486	0.689448	0.726121	
4640.000000	0.783537	0.623797	0.744194	0.610578	0.623436	0.677108	0.623797	0.726121	
4650.000000	0.765781	0.706742	0.760577	0.649753	0.508809	0.678332	0.706742	0.726121	
4660.000000	0.785703	0.743296	0.607768	0.661521	0.559210	0.671500	0.661521	0.726121	
4670.000000	0.794359	0.808719	0.684053	0.658156	0.408819	0.670821	0.684053	0.726121	
4680.000000	0.782588	0.711219	0.782248	0.664864	0.419805	0.672145	0.711219	0.726121	
4690.000000	0.711762	0.708548	0.806128	0.593332	0.432142	0.650382	0.708548	0.726121	
4700.000000	0.802612	0.707378	0.778115	0.618358	0.439824	0.669258	0.707378	0.726121	
4710.000000	0.519871	0.739790	0.766261	0.578041	0.534206	0.627634	0.578041	0.726121	
4720.000000	0.757678	0.700413	0.765592	0.687346	0.524577	0.687121	0.700413	0.726121	
4730.000000	0.712662	0.626264	0.762604	0.654472	0.474093	0.646019	0.654472	0.726121	
4740.000000	0.746167	0.574688	0.821338	0.545013	0.531341	0.643709	0.574688	0.726121	
4750.000000	0.755157	0.408595	0.777399	0.647038	0.539930	0.625624	0.647038	0.726121	
4760.000000	0.807152	0.668731	0.742237	0.597076	0.423731	0.647785	0.668731	0.726121	
4770.000000	0.606210	0.704195	0.720942	0.674611	0.388499	0.618891	0.674611	0.726121	
4780.000000	0.738284	0.611430	0.722002	0.648295	0.482224	0.640447	0.648295	0.726121	
4790.000000	0.835637	0.624002	0.683344	0.642702	0.446251	0.646387	0.642702	0.726121	
4800.000000	0.629268	0.627619	0.695621	0.606821	0.525378	0.616941	0.627619	0.726121	
4810.000000	0.796522	0.654538	0.739030	0.653147	0.483232	0.665294	0.654538	0.726121	
4820.000000	0.801359	0.696159	0.764825	0.664776	0.486158	0.682656	0.696159	0.726121	
4830.000000	0.766824	0.644233	0.732865	0.636382	0.543666	0.664794	0.644233	0.726121	
4840.000000	0.801392	0.595253	0.728842	0.520301	0.556614	0.640480	0.595253	0.726121	
4850.000000	0.751517	0.618691	0.708861	0.487111	0.557916	0.624819	0.618691	0.726121	
4860.000000	0.746996	0.606164	0.785861	0.614650	0.541988	0.659132	0.614650	0.726121	
4870.000000	0.780870	0.570852	0.644946	0.635883	0.520457	0.630602	0.635883	0.726121	
4880.000000	0.652241	0.539413	0.732889	0.539515	0.476483	0.588108	0.539515	0.726121	
4890.000000	0.792255	0.452368	0.688635	0.517668	0.506405	0.591466	0.517668	0.726121	
4900.000000	0.752761	0.530180	0.688784	0.591848	0.442973	0.601309	0.591848	0.726121	
4910.000000	0.730619	0.605102	0.692796	0.653716	0.490509	0.634549	0.653716	0.726121	
4920.000000	0.712704	0.674591	0.497186	0.616653	0.432547	0.586736	0.616653	0.726121	
4930.000000	0.778600	0.654076	0.747313	0.652033	0.569615	0.680327	0.654076	0.726121	
4940.000000	0.791485	0.500681	0.700809	0.556471	0.472428	0.604375	0.556471	0.726121	
4950.000000	0.729215	0.649269	0.768806	0.674206	0.502760	0.664851	0.674206	0.726121	
4960.000000	0.780798	0.767558	0.746993	0.623218	0.504760	0.684665	0.746993	0.726121	
4970.000000	0.660178	0.607653	0.748657	0.641314	0.488896	0.629340	0.641314	0.726121	
4980.000000	0.760713	0.646324	0.639713	0.570251	0.563194	0.636039	0.639713	0.726121	
4990.000000	0.666960	0.672703	0.729968	0.554700	0.455235	0.615913	0.666960	0.726121	
5000.000000	0.633525	0.549810	0.527456	0.610454	0.456302	0.555509	0.549810	0.726121	
