Epoch	AUC-21	AUC-22	AUC-23	AUC-24	AUC-25	AUC-26	AUC-Avg	AUC-Mid	AUC-Best	
1.000000	0.490215	0.526785	0.520481	0.512138	0.495606	0.494921	0.506691	0.503872	0.506691	
10.000000	0.494682	0.522399	0.532334	0.509117	0.516079	0.512785	0.514566	0.514432	0.514566	
20.000000	0.483556	0.511028	0.536831	0.532582	0.565552	0.501542	0.521848	0.521805	0.521848	
30.000000	0.581006	0.545223	0.551990	0.588949	0.675994	0.515486	0.576441	0.566498	0.576441	
40.000000	0.607010	0.548669	0.565996	0.623536	0.723016	0.562317	0.605091	0.586503	0.605091	
50.000000	0.606278	0.552156	0.573433	0.618702	0.720009	0.554329	0.604151	0.589855	0.605091	
60.000000	0.633888	0.537973	0.577029	0.624783	0.748651	0.578062	0.616731	0.601423	0.616731	
70.000000	0.620739	0.542446	0.573793	0.587085	0.747556	0.576781	0.608067	0.581933	0.616731	
80.000000	0.643369	0.540639	0.581855	0.568470	0.767214	0.577618	0.613194	0.579736	0.616731	
90.000000	0.650285	0.538971	0.574576	0.619371	0.743700	0.586655	0.618926	0.603013	0.618926	
100.000000	0.651254	0.550408	0.599745	0.639128	0.731634	0.587806	0.626663	0.619437	0.626663	
110.000000	0.648772	0.545077	0.604101	0.642945	0.778915	0.573113	0.632154	0.623523	0.632154	
120.000000	0.646763	0.562663	0.594891	0.648474	0.687694	0.596118	0.622767	0.621440	0.632154	
130.000000	0.608681	0.471254	0.552522	0.592554	0.730716	0.517164	0.578815	0.572538	0.632154	
140.000000	0.641360	0.570331	0.607804	0.654684	0.700143	0.589061	0.627231	0.624582	0.632154	
150.000000	0.632873	0.577118	0.604244	0.658661	0.767107	0.613444	0.642241	0.623158	0.642241	
160.000000	0.645343	0.578510	0.598719	0.647629	0.770476	0.603942	0.640770	0.624642	0.642241	
170.000000	0.645704	0.581454	0.597786	0.643631	0.775650	0.600086	0.640718	0.621858	0.642241	
180.000000	0.642988	0.581891	0.588197	0.663716	0.774603	0.593334	0.640788	0.618161	0.642241	
190.000000	0.643489	0.563450	0.611866	0.660958	0.781507	0.615163	0.646072	0.629326	0.646072	
200.000000	0.660730	0.609302	0.614021	0.646891	0.790219	0.604608	0.654295	0.630456	0.654295	
210.000000	0.663111	0.552255	0.621331	0.662163	0.784828	0.613009	0.649450	0.641747	0.654295	
220.000000	0.667127	0.572980	0.630237	0.664895	0.783432	0.608031	0.654450	0.647566	0.654450	
230.000000	0.656381	0.581188	0.631468	0.666486	0.780909	0.606662	0.653849	0.643924	0.654450	
240.000000	0.663393	0.594289	0.628208	0.663350	0.782853	0.604021	0.656019	0.645779	0.656019	
250.000000	0.669301	0.613963	0.630319	0.653868	0.785803	0.618144	0.661900	0.642093	0.661900	
260.000000	0.657160	0.603376	0.626873	0.663703	0.782494	0.613433	0.657840	0.642016	0.661900	
270.000000	0.673396	0.578965	0.631363	0.672945	0.789867	0.615710	0.660374	0.652154	0.661900	
280.000000	0.682750	0.576077	0.628692	0.676971	0.784205	0.621195	0.661648	0.652831	0.661900	
290.000000	0.668130	0.588112	0.630765	0.678353	0.791704	0.616790	0.662309	0.649448	0.662309	
300.000000	0.673926	0.590111	0.633669	0.676118	0.791698	0.625445	0.665161	0.653798	0.665161	
310.000000	0.677218	0.579839	0.635825	0.678966	0.800253	0.621878	0.665663	0.656521	0.665663	
320.000000	0.669519	0.580980	0.625069	0.667775	0.784256	0.621019	0.658103	0.646422	0.665663	
330.000000	0.671606	0.583168	0.624187	0.669112	0.785810	0.622090	0.659329	0.646649	0.665663	
340.000000	0.675099	0.585158	0.615265	0.638305	0.784092	0.628347	0.654377	0.633326	0.665663	
350.000000	0.682832	0.573362	0.623011	0.651274	0.778003	0.621324	0.654967	0.637142	0.665663	
360.000000	0.667795	0.594735	0.617370	0.659808	0.788118	0.621435	0.658210	0.640622	0.665663	
370.000000	0.675929	0.589649	0.618363	0.662744	0.786231	0.618310	0.658537	0.640553	0.665663	
380.000000	0.671057	0.603729	0.616512	0.662568	0.785942	0.618219	0.659671	0.640393	0.665663	
390.000000	0.670575	0.613771	0.610395	0.659910	0.772071	0.616850	0.657262	0.638380	0.665663	
400.000000	0.678001	0.587755	0.619338	0.665242	0.790119	0.615807	0.659377	0.642290	0.665663	
410.000000	0.667018	0.593886	0.616486	0.669927	0.772366	0.618050	0.656289	0.642534	0.665663	
420.000000	0.670833	0.600345	0.612533	0.665899	0.782406	0.614852	0.657811	0.640375	0.665663	
430.000000	0.676038	0.579071	0.622104	0.665159	0.788219	0.611931	0.657087	0.643631	0.665663	
440.000000	0.676454	0.578705	0.626879	0.677465	0.793428	0.617568	0.661750	0.651666	0.665663	
450.000000	0.677578	0.579213	0.619132	0.666877	0.794881	0.612264	0.658324	0.643004	0.665663	
460.000000	0.671548	0.586199	0.628201	0.670377	0.788162	0.608873	0.658893	0.649289	0.665663	
470.000000	0.676886	0.587674	0.621896	0.655725	0.786621	0.615123	0.657321	0.638810	0.665663	
480.000000	0.673207	0.571955	0.622009	0.674356	0.790999	0.612050	0.657429	0.647608	0.665663	
490.000000	0.683129	0.576752	0.619813	0.677747	0.806921	0.612363	0.662788	0.648780	0.665663	
500.000000	0.674859	0.583949	0.622085	0.666604	0.773433	0.599473	0.653400	0.644345	0.665663	
510.000000	0.673163	0.568025	0.616284	0.670479	0.787974	0.602422	0.653058	0.643381	0.665663	
520.000000	0.668725	0.575184	0.622690	0.669253	0.784740	0.603725	0.654053	0.645708	0.665663	
530.000000	0.677220	0.571446	0.623849	0.660449	0.788766	0.606274	0.654667	0.642149	0.665663	
540.000000	0.685964	0.568657	0.622477	0.671131	0.795390	0.616378	0.660000	0.646804	0.665663	
550.000000	0.687460	0.590978	0.639007	0.679475	0.796076	0.620168	0.668861	0.659241	0.668861	
560.000000	0.669201	0.595268	0.640711	0.681540	0.777210	0.618821	0.663792	0.654956	0.668861	
570.000000	0.691305	0.593904	0.631999	0.683310	0.792012	0.626989	0.669920	0.657654	0.669920	
580.000000	0.691849	0.584141	0.641701	0.675038	0.781884	0.628376	0.667165	0.658370	0.669920	
590.000000	0.699420	0.577788	0.635629	0.675154	0.795667	0.626777	0.668406	0.655391	0.669920	
600.000000	0.688627	0.610145	0.633018	0.684106	0.783539	0.626660	0.671016	0.658562	0.671016	
610.000000	0.693343	0.605062	0.641211	0.685128	0.787860	0.632425	0.674171	0.663169	0.674171	
620.000000	0.690669	0.598107	0.641918	0.681700	0.786778	0.628565	0.671289	0.661809	0.674171	
630.000000	0.696297	0.590166	0.642485	0.685558	0.802065	0.633962	0.675089	0.664022	0.675089	
640.000000	0.695240	0.597382	0.646105	0.686049	0.794296	0.636495	0.675928	0.666077	0.675928	
650.000000	0.690540	0.599117	0.645016	0.687284	0.801511	0.631259	0.675788	0.666150	0.675928	
660.000000	0.690929	0.595565	0.643412	0.684763	0.805380	0.626623	0.674445	0.664087	0.675928	
670.000000	0.700482	0.602929	0.643658	0.688288	0.801127	0.641279	0.679627	0.665973	0.679627	
680.000000	0.694520	0.597936	0.641450	0.685614	0.783237	0.648728	0.675248	0.667171	0.679627	
690.000000	0.709299	0.610269	0.644744	0.682609	0.798479	0.646016	0.681903	0.664313	0.681903	
700.000000	0.681521	0.577149	0.612255	0.683685	0.769989	0.648321	0.662153	0.664921	0.681903	
710.000000	0.706572	0.599272	0.643669	0.682817	0.777204	0.646465	0.676000	0.664641	0.681903	
720.000000	0.707750	0.607238	0.648864	0.683974	0.795698	0.642573	0.681016	0.666419	0.681903	
730.000000	0.689510	0.619331	0.638682	0.678947	0.764069	0.639109	0.671608	0.659028	0.681903	
740.000000	0.678089	0.631456	0.633914	0.671871	0.775172	0.632372	0.670479	0.652893	0.681903	
750.000000	0.702783	0.624972	0.645978	0.693134	0.798171	0.643369	0.684734	0.669556	0.684734	
760.000000	0.699676	0.626088	0.645019	0.683165	0.802071	0.643523	0.683257	0.664092	0.684734	
770.000000	0.703122	0.619381	0.646844	0.682861	0.794415	0.642074	0.681450	0.664852	0.684734	
780.000000	0.702846	0.638008	0.649977	0.690474	0.802989	0.648104	0.688733	0.670226	0.688733	
790.000000	0.692478	0.632658	0.646691	0.694533	0.804279	0.645875	0.686086	0.669585	0.688733	
800.000000	0.690234	0.637624	0.650024	0.700363	0.803140	0.641340	0.687121	0.670129	0.688733	
810.000000	0.689246	0.634438	0.642675	0.693066	0.800995	0.629669	0.681681	0.665960	0.688733	
820.000000	0.685076	0.618668	0.645380	0.691182	0.790760	0.638494	0.678260	0.665228	0.688733	
830.000000	0.676343	0.632491	0.643786	0.688577	0.781003	0.641585	0.677298	0.660065	0.688733	
840.000000	0.700418	0.624892	0.648015	0.697622	0.772310	0.648472	0.681955	0.673047	0.688733	
850.000000	0.705620	0.627080	0.651294	0.699065	0.794447	0.650159	0.687944	0.675180	0.688733	
860.000000	0.691948	0.618634	0.654151	0.700462	0.804807	0.653492	0.687249	0.673050	0.688733	
870.000000	0.710453	0.637413	0.657704	0.700067	0.794283	0.660849	0.693461	0.680458	0.693461	
880.000000	0.695457	0.626528	0.659578	0.702278	0.790760	0.657831	0.688739	0.677518	0.693461	
890.000000	0.694813	0.616096	0.659081	0.693224	0.791842	0.657540	0.685433	0.676153	0.693461	
900.000000	0.703871	0.603122	0.657223	0.697913	0.787049	0.656012	0.684198	0.677568	0.693461	
910.000000	0.710846	0.620602	0.662911	0.697668	0.790697	0.639443	0.687028	0.680290	0.693461	
920.000000	0.710535	0.610727	0.663344	0.700962	0.806191	0.651013	0.690462	0.682153	0.693461	
930.000000	0.703574	0.601913	0.662578	0.697640	0.811079	0.651795	0.688097	0.680109	0.693461	
940.000000	0.708580	0.618705	0.654118	0.697409	0.806103	0.653708	0.689770	0.675763	0.693461	
950.000000	0.708320	0.607579	0.658247	0.701380	0.796963	0.658302	0.688465	0.679841	0.693461	
960.000000	0.709415	0.603779	0.648439	0.690441	0.801366	0.655483	0.684821	0.672962	0.693461	
970.000000	0.715084	0.606946	0.657345	0.698394	0.794063	0.656748	0.688097	0.677870	0.693461	
980.000000	0.713133	0.615711	0.659505	0.700976	0.793132	0.653175	0.689272	0.680240	0.693461	
990.000000	0.715094	0.619759	0.660179	0.701929	0.797007	0.654857	0.691471	0.681054	0.693461	
1000.000000	0.713084	0.608979	0.656783	0.698276	0.799687	0.660787	0.689599	0.679532	0.693461	
1010.000000	0.717555	0.624024	0.649251	0.690423	0.794377	0.660628	0.689376	0.675526	0.693461	
1020.000000	0.722778	0.621482	0.667595	0.704598	0.812425	0.660108	0.698165	0.686097	0.698165	
1030.000000	0.728988	0.627830	0.660319	0.708736	0.817489	0.658437	0.700300	0.684528	0.700300	
1040.000000	0.719170	0.629596	0.661213	0.706405	0.812998	0.653823	0.697201	0.683809	0.700300	
1050.000000	0.721543	0.620503	0.669151	0.709604	0.820131	0.655119	0.699342	0.689377	0.700300	
1060.000000	0.723349	0.622121	0.669830	0.713270	0.812299	0.656138	0.699501	0.691550	0.700300	
1070.000000	0.704970	0.609984	0.667901	0.702192	0.798322	0.640679	0.687341	0.685047	0.700300	
1080.000000	0.705945	0.621532	0.665059	0.701950	0.797214	0.650386	0.690348	0.683504	0.700300	
1090.000000	0.709950	0.626193	0.665087	0.698704	0.807670	0.654418	0.693670	0.681895	0.700300	
1100.000000	0.710400	0.623224	0.661578	0.703675	0.809129	0.651795	0.693300	0.682626	0.700300	
1110.000000	0.706124	0.616684	0.665380	0.710004	0.781771	0.603466	0.680572	0.685752	0.700300	
1120.000000	0.716763	0.632169	0.662126	0.704841	0.797737	0.660193	0.695638	0.683483	0.700300	
1130.000000	0.714560	0.626925	0.668951	0.699007	0.797422	0.667138	0.695667	0.683979	0.700300	
1140.000000	0.708537	0.627272	0.665048	0.702588	0.792163	0.653607	0.691536	0.683818	0.700300	
1150.000000	0.721078	0.635374	0.670942	0.710182	0.797667	0.669145	0.700731	0.690562	0.700731	
1160.000000	0.709348	0.614577	0.667409	0.703833	0.800391	0.663322	0.693147	0.685621	0.700731	
1170.000000	0.729594	0.612829	0.671217	0.711496	0.786936	0.664244	0.696053	0.691357	0.700731	
1180.000000	0.706325	0.589832	0.674368	0.699176	0.814872	0.654974	0.689924	0.686772	0.700731	
1190.000000	0.721139	0.607145	0.672555	0.696143	0.817445	0.660083	0.695752	0.684349	0.700731	
1200.000000	0.731049	0.601938	0.670171	0.697744	0.813822	0.664710	0.696572	0.683958	0.700731	
1210.000000	0.712476	0.599607	0.662774	0.695739	0.807877	0.658657	0.689522	0.679257	0.700731	
1220.000000	0.724624	0.608558	0.663577	0.693416	0.813960	0.663701	0.694639	0.678559	0.700731	
1230.000000	0.725343	0.606252	0.668299	0.687437	0.813897	0.658369	0.693266	0.677868	0.700731	
1240.000000	0.722650	0.622958	0.669000	0.688903	0.798007	0.663763	0.694214	0.678952	0.700731	
1250.000000	0.724524	0.614230	0.672618	0.707941	0.788766	0.661334	0.694902	0.690279	0.700731	
1260.000000	0.736646	0.631524	0.669390	0.705685	0.815980	0.665831	0.704176	0.687538	0.704176	
1270.000000	0.718306	0.629974	0.663088	0.709104	0.808324	0.665567	0.699060	0.687335	0.704176	
1280.000000	0.733244	0.609215	0.662679	0.689911	0.823459	0.669663	0.698029	0.679787	0.704176	
1290.000000	0.732350	0.624551	0.670845	0.708836	0.818571	0.661096	0.702708	0.689840	0.704176	
1300.000000	0.730236	0.619362	0.668616	0.695519	0.817187	0.661466	0.698731	0.682067	0.704176	
1310.000000	0.727761	0.626640	0.668589	0.702761	0.799435	0.665602	0.698465	0.685675	0.704176	
1320.000000	0.728332	0.628499	0.667153	0.700402	0.803688	0.660687	0.698127	0.683778	0.704176	
1330.000000	0.729194	0.613139	0.663219	0.704910	0.790345	0.658223	0.693172	0.684065	0.704176	
1340.000000	0.730960	0.621916	0.671770	0.694719	0.798190	0.669070	0.697771	0.683244	0.704176	
1350.000000	0.717531	0.603140	0.660135	0.679775	0.792176	0.670018	0.687129	0.674897	0.704176	
1360.000000	0.709342	0.602818	0.667806	0.678929	0.789955	0.664328	0.685530	0.673368	0.704176	
1370.000000	0.736592	0.615203	0.673829	0.703453	0.801398	0.666971	0.699574	0.688641	0.704176	
1380.000000	0.734883	0.614992	0.668420	0.706072	0.808047	0.670977	0.700565	0.688524	0.704176	
1390.000000	0.729864	0.614850	0.672847	0.698443	0.797265	0.661065	0.695722	0.685645	0.704176	
1400.000000	0.722478	0.626336	0.670096	0.693416	0.805084	0.658736	0.696024	0.681756	0.704176	
1410.000000	0.715611	0.615445	0.668469	0.691538	0.779934	0.657507	0.688084	0.680004	0.704176	
1420.000000	0.714881	0.627489	0.651712	0.681207	0.761641	0.645632	0.680427	0.666460	0.704176	
1430.000000	0.720792	0.628009	0.652087	0.682586	0.776732	0.657493	0.686283	0.670040	0.704176	
1440.000000	0.718931	0.620298	0.664584	0.681397	0.778487	0.663113	0.687802	0.672990	0.704176	
1450.000000	0.725392	0.630728	0.653139	0.682678	0.785822	0.661038	0.689800	0.671858	0.704176	
1460.000000	0.722087	0.642037	0.667130	0.703856	0.790999	0.664209	0.698386	0.685493	0.704176	
1470.000000	0.720100	0.635559	0.666599	0.704762	0.789037	0.660004	0.696010	0.685680	0.704176	
1480.000000	0.719923	0.637841	0.672462	0.709930	0.788080	0.667641	0.699313	0.691196	0.704176	
1490.000000	0.722885	0.634636	0.678349	0.717191	0.797768	0.655650	0.701080	0.697770	0.704176	
1500.000000	0.717036	0.629082	0.677063	0.721313	0.803952	0.670646	0.703182	0.697049	0.704176	
1510.000000	0.714616	0.641510	0.670586	0.719553	0.818974	0.667800	0.705507	0.692601	0.705507	
1520.000000	0.722763	0.622362	0.526891	0.725394	0.813652	0.503349	0.652402	0.672563	0.705507	
1530.000000	0.718811	0.651081	0.681734	0.723425	0.816363	0.668336	0.709958	0.700273	0.709958	
1540.000000	0.717106	0.649730	0.674399	0.711996	0.805361	0.670324	0.704819	0.693198	0.709958	
1550.000000	0.710266	0.656703	0.682603	0.719038	0.803631	0.666552	0.706465	0.696434	0.709958	
1560.000000	0.718159	0.663974	0.669860	0.702604	0.803776	0.663514	0.703648	0.686232	0.709958	
1570.000000	0.723877	0.654205	0.678535	0.700002	0.805002	0.651731	0.702225	0.689268	0.709958	
1580.000000	0.734766	0.650629	0.679466	0.724068	0.777110	0.669239	0.705880	0.701767	0.709958	
1590.000000	0.731770	0.656505	0.665907	0.719291	0.803316	0.661506	0.706383	0.692599	0.709958	
1600.000000	0.734847	0.653213	0.675424	0.716867	0.812822	0.669740	0.710485	0.696146	0.710485	
1610.000000	0.741773	0.641839	0.674610	0.722444	0.819081	0.663155	0.710484	0.698527	0.710485	
1620.000000	0.742257	0.657354	0.677132	0.718880	0.821927	0.668078	0.714271	0.698006	0.714271	
1630.000000	0.713404	0.667681	0.677669	0.713411	0.813627	0.671422	0.709536	0.695537	0.714271	
1640.000000	0.710227	0.645577	0.653484	0.708133	0.797730	0.674085	0.698206	0.691109	0.714271	
1650.000000	0.729333	0.659728	0.669424	0.674798	0.812344	0.661944	0.701262	0.672111	0.714271	
1660.000000	0.735137	0.659772	0.677290	0.720276	0.815854	0.668843	0.712862	0.698783	0.714271	
1670.000000	0.728663	0.650374	0.680413	0.723643	0.815030	0.661217	0.709890	0.702028	0.714271	
1680.000000	0.743017	0.658110	0.677502	0.729104	0.829309	0.667802	0.717474	0.703303	0.717474	
1690.000000	0.749042	0.657577	0.677344	0.734639	0.833228	0.667906	0.719956	0.705992	0.719956	
1700.000000	0.734804	0.650722	0.674137	0.724443	0.816187	0.672596	0.712148	0.699290	0.719956	
1710.000000	0.742430	0.646054	0.675676	0.723989	0.827384	0.646499	0.710339	0.699833	0.719956	
1720.000000	0.728136	0.650889	0.674558	0.706597	0.758810	0.665309	0.697383	0.690577	0.719956	
1730.000000	0.689743	0.651137	0.669079	0.723660	0.805738	0.660291	0.699941	0.679411	0.719956	
1740.000000	0.735581	0.658544	0.674098	0.721117	0.810978	0.673505	0.712304	0.697607	0.719956	
1750.000000	0.744334	0.650399	0.683869	0.728230	0.810632	0.652534	0.711666	0.706049	0.719956	
1760.000000	0.732495	0.653244	0.688757	0.728246	0.811010	0.673841	0.714599	0.708501	0.719956	
1770.000000	0.726854	0.664600	0.674675	0.729030	0.826347	0.664517	0.714337	0.700764	0.719956	
1780.000000	0.732015	0.660261	0.681653	0.725655	0.831046	0.667881	0.716419	0.703654	0.719956	
1790.000000	0.728776	0.652042	0.673496	0.723084	0.808965	0.669729	0.709349	0.698290	0.719956	
1800.000000	0.725800	0.651261	0.674820	0.725224	0.820389	0.673587	0.711847	0.700022	0.719956	
1810.000000	0.735713	0.656455	0.680588	0.723312	0.791698	0.672892	0.710110	0.701950	0.719956	
1820.000000	0.730686	0.662028	0.682048	0.708741	0.794057	0.675134	0.708782	0.695394	0.719956	
1830.000000	0.722121	0.660590	0.684848	0.721637	0.791383	0.669708	0.708381	0.703242	0.719956	
1840.000000	0.740023	0.656840	0.689268	0.723283	0.810724	0.647817	0.711326	0.706275	0.719956	
1850.000000	0.735884	0.653561	0.692054	0.729201	0.819030	0.667385	0.716186	0.710628	0.719956	
1860.000000	0.745337	0.664049	0.693748	0.738556	0.825673	0.664548	0.721985	0.716152	0.721985	
1870.000000	0.741725	0.660869	0.694121	0.737166	0.818892	0.673966	0.721123	0.715644	0.721985	
1880.000000	0.732092	0.658619	0.680661	0.730790	0.820289	0.670844	0.715549	0.705726	0.721985	
1890.000000	0.739193	0.670576	0.692557	0.721563	0.814816	0.673858	0.718761	0.707060	0.721985	
1900.000000	0.732856	0.680853	0.689833	0.715838	0.807946	0.672568	0.716649	0.702835	0.721985	
1910.000000	0.746485	0.657509	0.681438	0.727561	0.809142	0.679061	0.716866	0.704499	0.721985	
1920.000000	0.747409	0.665512	0.678622	0.735442	0.814117	0.677165	0.719711	0.707032	0.721985	
1930.000000	0.747193	0.655054	0.690229	0.732012	0.810456	0.665701	0.716774	0.711120	0.721985	
1940.000000	0.741607	0.666832	0.639310	0.731505	0.820760	0.671753	0.711961	0.701629	0.721985	
1950.000000	0.719868	0.676087	0.686209	0.718623	0.816502	0.668108	0.714233	0.702416	0.721985	
1960.000000	0.715615	0.661272	0.646683	0.715408	0.808796	0.659198	0.701162	0.688340	0.721985	
1970.000000	0.738259	0.653827	0.653811	0.713534	0.819760	0.670257	0.708241	0.691895	0.721985	
1980.000000	0.726144	0.669510	0.666087	0.715435	0.821465	0.663108	0.710292	0.692473	0.721985	
1990.000000	0.722797	0.668437	0.674722	0.719828	0.814212	0.662950	0.710491	0.697275	0.721985	
2000.000000	0.706363	0.658309	0.678063	0.709868	0.802945	0.643814	0.699894	0.692213	0.721985	
2010.000000	0.742797	0.649649	0.675796	0.721130	0.825315	0.656731	0.711903	0.698463	0.721985	
2020.000000	0.741056	0.658346	0.688602	0.730473	0.787118	0.675928	0.713587	0.709538	0.721985	
2030.000000	0.754776	0.662995	0.697081	0.736055	0.825403	0.674942	0.725209	0.716568	0.725209	
2040.000000	0.750432	0.643983	0.699798	0.736159	0.827573	0.682403	0.723391	0.717978	0.725209	
2050.000000	0.754540	0.664309	0.702068	0.744901	0.828315	0.675675	0.728301	0.723484	0.728301	
2060.000000	0.759132	0.639502	0.704462	0.736619	0.831448	0.676894	0.724676	0.720541	0.728301	
2070.000000	0.754444	0.661303	0.697093	0.738875	0.825982	0.670690	0.724731	0.717984	0.728301	
2080.000000	0.749741	0.658520	0.691583	0.744088	0.825164	0.673860	0.723826	0.717835	0.728301	
2090.000000	0.742100	0.650529	0.683714	0.739266	0.823296	0.677825	0.719455	0.711490	0.728301	
2100.000000	0.743886	0.636799	0.692853	0.735500	0.822390	0.672046	0.717245	0.714176	0.728301	
2110.000000	0.756545	0.631103	0.693110	0.727822	0.823264	0.668466	0.716718	0.710466	0.728301	
2120.000000	0.746835	0.647325	0.683891	0.738787	0.829894	0.672392	0.719854	0.711339	0.728301	
2130.000000	0.752613	0.647219	0.687487	0.740673	0.815074	0.677749	0.720136	0.714080	0.728301	
2140.000000	0.757442	0.644963	0.696195	0.733106	0.817829	0.686587	0.722687	0.714651	0.728301	
2150.000000	0.754163	0.633644	0.703049	0.724355	0.832700	0.675666	0.720596	0.713702	0.728301	
2160.000000	0.748970	0.641709	0.704543	0.723904	0.834078	0.689314	0.723753	0.714223	0.728301	
2170.000000	0.767485	0.641114	0.699920	0.721408	0.830385	0.685287	0.724266	0.710664	0.728301	
2180.000000	0.757452	0.656666	0.699714	0.725066	0.821144	0.674985	0.722505	0.712390	0.728301	
2190.000000	0.755214	0.647005	0.693868	0.738421	0.817288	0.673633	0.720905	0.716145	0.728301	
2200.000000	0.765509	0.662053	0.703984	0.736684	0.819817	0.687497	0.729257	0.720334	0.729257	
2210.000000	0.716014	0.662921	0.687215	0.722185	0.808286	0.682844	0.713244	0.701615	0.729257	
2220.000000	0.745512	0.664098	0.691400	0.731276	0.663846	0.670626	0.694460	0.681013	0.729257	
2230.000000	0.769077	0.657236	0.683102	0.729247	0.804436	0.668900	0.718666	0.706175	0.729257	
2240.000000	0.764993	0.659046	0.681174	0.737640	0.810066	0.677798	0.721786	0.709407	0.729257	
2250.000000	0.753200	0.658960	0.698391	0.739099	0.824742	0.690895	0.727548	0.718745	0.729257	
2260.000000	0.754762	0.651397	0.695559	0.734621	0.829089	0.678364	0.723965	0.715090	0.729257	
2270.000000	0.754932	0.647514	0.692048	0.723497	0.819697	0.675262	0.718825	0.707772	0.729257	
2280.000000	0.758316	0.568644	0.696655	0.729414	0.825743	0.678719	0.709582	0.713034	0.729257	
2290.000000	0.758184	0.655197	0.693293	0.723585	0.832398	0.677425	0.723347	0.708439	0.729257	
2300.000000	0.752169	0.657735	0.683877	0.721461	0.815451	0.672231	0.717154	0.702669	0.729257	
2310.000000	0.747581	0.655650	0.685127	0.723578	0.449744	0.666874	0.654759	0.676000	0.729257	
2320.000000	0.744132	0.652135	0.681529	0.727954	0.818886	0.672608	0.716207	0.704741	0.729257	
2330.000000	0.666647	0.671779	0.677972	0.714353	0.814696	0.672833	0.703047	0.675402	0.729257	
2340.000000	0.745399	0.655755	0.683429	0.709144	0.803933	0.684960	0.713770	0.697052	0.729257	
2350.000000	0.756097	0.650114	0.689574	0.683907	0.815489	0.678402	0.712264	0.686741	0.729257	
2360.000000	0.746798	0.645378	0.692524	0.714045	0.828555	0.680280	0.717930	0.703284	0.729257	
2370.000000	0.748695	0.653746	0.692409	0.711142	0.816552	0.675320	0.716311	0.701775	0.729257	
2380.000000	0.745889	0.664805	0.691666	0.708137	0.828007	0.677306	0.719302	0.699901	0.729257	
2390.000000	0.739499	0.658767	0.692831	0.720254	0.814822	0.676728	0.717150	0.706542	0.729257	
2400.000000	0.752924	0.411997	0.698940	0.714641	0.825101	0.684853	0.681409	0.706790	0.729257	
2410.000000	0.729254	0.637078	0.687622	0.705276	0.811444	0.680552	0.708538	0.696449	0.729257	
2420.000000	0.750904	0.644021	0.701262	0.720092	0.824591	0.675847	0.719453	0.710677	0.729257	
2430.000000	0.731296	0.655966	0.696237	0.722322	0.819836	0.681731	0.717898	0.709279	0.729257	
2440.000000	0.747483	0.673830	0.700741	0.720083	0.826441	0.680622	0.724867	0.710412	0.729257	
2450.000000	0.756067	0.662778	0.702813	0.726104	0.826655	0.677222	0.725273	0.714458	0.729257	
2460.000000	0.740339	0.646134	0.684939	0.721986	0.818093	0.678126	0.714936	0.703463	0.729257	
2470.000000	0.752651	0.658798	0.707216	0.718968	0.824396	0.683986	0.724336	0.713092	0.729257	
2480.000000	0.751154	0.658643	0.700364	0.726460	0.822125	0.677178	0.722654	0.713412	0.729257	
2490.000000	0.739085	0.663547	0.702980	0.727397	0.827724	0.678944	0.723279	0.715188	0.729257	
2500.000000	0.693815	0.667768	0.695480	0.721975	0.811689	0.669951	0.710113	0.694648	0.729257	
2510.000000	0.715733	0.678706	0.693110	0.721415	0.797560	0.669623	0.712691	0.704422	0.729257	
2520.000000	0.712282	0.693970	0.699980	0.721581	0.782872	0.670910	0.713599	0.706131	0.729257	
2530.000000	0.734894	0.677438	0.703005	0.729405	0.817521	0.663718	0.720997	0.716205	0.729257	
2540.000000	0.742866	0.664145	0.695823	0.731183	0.802360	0.684594	0.720162	0.713503	0.729257	
2550.000000	0.741197	0.675863	0.706867	0.730418	0.821295	0.651824	0.721244	0.718643	0.729257	
2560.000000	0.745998	0.686612	0.698165	0.723448	0.799712	0.675150	0.721514	0.710807	0.729257	
2570.000000	0.760879	0.675907	0.702427	0.735155	0.811545	0.686451	0.728727	0.718791	0.729257	
2580.000000	0.743194	0.644473	0.710820	0.735137	0.820937	0.679588	0.722358	0.722978	0.729257	
2590.000000	0.763412	0.656276	0.704923	0.726522	0.801083	0.671885	0.720684	0.715723	0.729257	
2600.000000	0.756238	0.680742	0.699918	0.728782	0.819609	0.672637	0.726321	0.714350	0.729257	
2610.000000	0.739860	0.667706	0.699360	0.728782	0.822673	0.685573	0.723992	0.714071	0.729257	
2620.000000	0.763000	0.667353	0.712921	0.726990	0.792459	0.692198	0.725820	0.719955	0.729257	
2630.000000	0.764805	0.665078	0.708179	0.720739	0.811941	0.692522	0.727211	0.714459	0.729257	
2640.000000	0.753874	0.665580	0.704688	0.655034	0.823698	0.694883	0.716293	0.699785	0.729257	
2650.000000	0.763527	0.669194	0.704034	0.734850	0.833644	0.664306	0.728259	0.719442	0.729257	
2660.000000	0.768321	0.677822	0.697273	0.723113	0.822044	0.688807	0.729563	0.710193	0.729563	
2670.000000	0.766963	0.692278	0.695888	0.740131	0.799366	0.689195	0.730637	0.718010	0.730637	
2680.000000	0.753054	0.690883	0.713071	0.738856	0.818917	0.698388	0.735528	0.725964	0.735528	
2690.000000	0.766056	0.659195	0.705952	0.739742	0.832599	0.697412	0.733493	0.722847	0.735528	
2700.000000	0.753571	0.698328	0.711020	0.737033	0.816049	0.693532	0.734922	0.724027	0.735528	
2710.000000	0.759132	0.681374	0.714127	0.736626	0.792390	0.688102	0.728625	0.725377	0.735528	
2720.000000	0.740442	0.687443	0.713450	0.736300	0.815589	0.694557	0.731297	0.724875	0.735528	
2730.000000	0.751887	0.670849	0.696705	0.727598	0.810494	0.684498	0.723672	0.712151	0.735528	
2740.000000	0.747127	0.666379	0.712859	0.739559	0.819062	0.681664	0.727775	0.726209	0.735528	
2750.000000	0.761228	0.667074	0.714339	0.733941	0.834984	0.692388	0.733992	0.724140	0.735528	
2760.000000	0.753042	0.657472	0.712257	0.745206	0.812743	0.695608	0.729388	0.728731	0.735528	
2770.000000	0.755037	0.668964	0.711835	0.740092	0.814552	0.689118	0.729933	0.725963	0.735528	
2780.000000	0.755088	0.653226	0.707052	0.736148	0.832549	0.683690	0.727959	0.721600	0.735528	
2790.000000	0.748315	0.601358	0.702025	0.721931	0.817357	0.664016	0.709167	0.711978	0.735528	
2800.000000	0.748731	0.672305	0.690142	0.728833	0.827988	0.690864	0.726477	0.709849	0.735528	
2810.000000	0.747246	0.668022	0.711803	0.728230	0.823635	0.682220	0.726859	0.720016	0.735528	
2820.000000	0.759893	0.666051	0.711074	0.720564	0.823025	0.691728	0.728723	0.715819	0.735528	
2830.000000	0.758278	0.672777	0.718080	0.727684	0.822874	0.690974	0.731778	0.722882	0.735528	
2840.000000	0.757911	0.674332	0.712324	0.732601	0.822610	0.689398	0.731530	0.722463	0.735528	
2850.000000	0.758609	0.673248	0.710430	0.727989	0.818420	0.683274	0.728662	0.719209	0.735528	
2860.000000	0.756277	0.653796	0.692115	0.724304	0.817665	0.694460	0.723103	0.709382	0.735528	
2870.000000	0.755131	0.678095	0.698302	0.721588	0.824403	0.689480	0.727833	0.709945	0.735528	
2880.000000	0.738814	0.664074	0.714250	0.729252	0.828095	0.687795	0.727047	0.721751	0.735528	
2890.000000	0.754258	0.668419	0.710394	0.717221	0.815564	0.682670	0.724754	0.713808	0.735528	
2900.000000	0.750488	0.684009	0.697747	0.722037	0.819207	0.686601	0.726681	0.709892	0.735528	
2910.000000	0.769258	0.646234	0.704514	0.713222	0.832121	0.691158	0.726085	0.708868	0.735528	
2920.000000	0.766534	0.678820	0.710816	0.725336	0.830744	0.686587	0.733139	0.718076	0.735528	
2930.000000	0.755510	0.669231	0.703513	0.710795	0.822094	0.687242	0.724731	0.707154	0.735528	
2940.000000	0.762326	0.657893	0.700065	0.709646	0.829397	0.693113	0.725407	0.704855	0.735528	
2950.000000	0.770138	0.689550	0.706012	0.731934	0.829605	0.682052	0.734882	0.718973	0.735528	
2960.000000	0.713528	0.680221	0.701626	0.723617	0.817628	0.685710	0.720388	0.707577	0.735528	
2970.000000	0.737241	0.666999	0.706925	0.692160	0.803631	0.686559	0.715586	0.699542	0.735528	
2980.000000	0.766621	0.674593	0.692446	0.719372	0.830649	0.677178	0.726810	0.705909	0.735528	
2990.000000	0.757128	0.622108	0.705460	0.718477	0.773178	0.671781	0.708022	0.711969	0.735528	
3000.000000	0.739494	0.666472	0.671913	0.717325	0.820804	0.664365	0.713396	0.694619	0.735528	
3010.000000	0.733870	0.686575	0.707375	0.728757	0.812501	0.689281	0.726393	0.718066	0.735528	
3020.000000	0.764125	0.666094	0.699722	0.721112	0.835764	0.699742	0.731093	0.710427	0.735528	
3030.000000	0.757877	0.677016	0.710802	0.723319	0.802574	0.662066	0.722276	0.717061	0.735528	
3040.000000	0.759706	0.674078	0.693080	0.717015	0.821094	0.694425	0.726566	0.705720	0.735528	
3050.000000	0.763621	0.676087	0.711290	0.717406	0.822610	0.698468	0.731580	0.714348	0.735528	
3060.000000	0.757777	0.671134	0.692220	0.726435	0.817691	0.697650	0.727151	0.712042	0.735528	
3070.000000	0.773658	0.675510	0.705213	0.726532	0.835789	0.704720	0.736904	0.715872	0.736904	
3080.000000	0.772438	0.666863	0.717442	0.719204	0.835455	0.677141	0.731424	0.718323	0.736904	
3090.000000	0.765029	0.690455	0.717504	0.722491	0.834455	0.694063	0.737333	0.719997	0.737333	
3100.000000	0.717725	0.680822	0.721970	0.743072	0.835965	0.698360	0.732986	0.719848	0.737333	
3110.000000	0.746775	0.671500	0.689046	0.731822	0.796812	0.691603	0.721260	0.711712	0.737333	
3120.000000	0.734785	0.687083	0.711520	0.700023	0.823730	0.662438	0.719930	0.705771	0.737333	
3130.000000	0.745546	0.688930	0.704369	0.729060	0.829530	0.701647	0.733180	0.716714	0.737333	
3140.000000	0.755173	0.683779	0.689524	0.733790	0.835122	0.693838	0.731871	0.713814	0.737333	
3150.000000	0.753885	0.686302	0.699515	0.723386	0.758395	0.684843	0.717721	0.711450	0.737333	
3160.000000	0.767908	0.657379	0.695452	0.719567	0.828315	0.694160	0.727130	0.707509	0.737333	
3170.000000	0.765189	0.665673	0.705546	0.671686	0.840343	0.695159	0.723933	0.700352	0.737333	
3180.000000	0.771776	0.665605	0.706461	0.733807	0.836361	0.698450	0.735410	0.720134	0.737333	
3190.000000	0.762232	0.682874	0.709970	0.739476	0.846112	0.698433	0.739849	0.724723	0.739849	
3200.000000	0.762243	0.663553	0.706863	0.736201	0.843319	0.700401	0.735430	0.721532	0.739849	
3210.000000	0.753564	0.687777	0.705282	0.734038	0.830272	0.688433	0.733228	0.719660	0.739849	
3220.000000	0.767227	0.683990	0.705298	0.715972	0.836449	0.693617	0.733759	0.710635	0.739849	
3230.000000	0.762838	0.692315	0.718975	0.739798	0.830020	0.691316	0.739210	0.729386	0.739849	
3240.000000	0.762511	0.690889	0.713658	0.735952	0.830146	0.683058	0.736036	0.724805	0.739849	
3250.000000	0.754943	0.662053	0.709588	0.714286	0.812476	0.697888	0.725205	0.711937	0.739849	
3260.000000	0.761455	0.622288	0.697228	0.711299	0.810548	0.679010	0.713638	0.704264	0.739849	
3270.000000	0.738752	0.682465	0.687410	0.719386	0.807462	0.685176	0.720108	0.703398	0.739849	
3280.000000	0.746893	0.681281	0.702807	0.723110	0.798070	0.663531	0.719282	0.712959	0.739849	
3290.000000	0.750910	0.689290	0.708684	0.733739	0.815042	0.693688	0.731892	0.721212	0.739849	
3300.000000	0.636204	0.680698	0.714067	0.733305	0.805216	0.644641	0.702355	0.697383	0.739849	
3310.000000	0.738866	0.687232	0.705643	0.717966	0.827598	0.687842	0.727524	0.711804	0.739849	
3320.000000	0.762072	0.675020	0.714484	0.738426	0.832971	0.702579	0.737592	0.726455	0.739849	
3330.000000	0.770083	0.672398	0.724888	0.738137	0.845105	0.698444	0.741509	0.731513	0.741509	
3340.000000	0.768173	0.680562	0.722138	0.742652	0.848842	0.708287	0.745109	0.732395	0.745109	
3350.000000	0.765440	0.671332	0.723700	0.739034	0.835845	0.699749	0.739183	0.731367	0.745109	
3360.000000	0.772227	0.682006	0.726749	0.737751	0.845395	0.705606	0.744956	0.732250	0.745109	
3370.000000	0.768985	0.676397	0.702718	0.739645	0.807091	0.707623	0.733743	0.723634	0.745109	
3380.000000	0.721116	0.675293	0.710018	0.728583	0.815545	0.688461	0.723169	0.715567	0.745109	
3390.000000	0.756827	0.690939	0.726759	0.746108	0.840280	0.702956	0.743978	0.736433	0.745109	
3400.000000	0.769764	0.694150	0.705738	0.744554	0.855692	0.699870	0.744961	0.725146	0.745109	
3410.000000	0.771499	0.695854	0.723610	0.743823	0.849219	0.703534	0.747923	0.733717	0.747923	
3420.000000	0.779285	0.695916	0.726999	0.742620	0.848276	0.712041	0.750856	0.734809	0.750856	
3430.000000	0.761626	0.697317	0.726531	0.741732	0.850559	0.708203	0.747661	0.734131	0.750856	
3440.000000	0.779693	0.687591	0.718019	0.747947	0.842929	0.710040	0.747703	0.732983	0.750856	
3450.000000	0.756853	0.697590	0.729701	0.730702	0.840444	0.709839	0.744188	0.730202	0.750856	
3460.000000	0.779620	0.698470	0.728602	0.748470	0.850685	0.704586	0.751739	0.738536	0.751739	
3470.000000	0.772436	0.702202	0.727839	0.740290	0.846370	0.708298	0.749572	0.734065	0.751739	
3480.000000	0.768627	0.665375	0.726287	0.711515	0.670760	0.717044	0.709935	0.714279	0.751739	
3490.000000	0.787515	0.692550	0.722551	0.735590	0.752406	0.709987	0.733433	0.729071	0.751739	
3500.000000	0.773552	0.703008	0.719467	0.738412	0.826158	0.713327	0.745654	0.728940	0.751739	
3510.000000	0.768655	0.702425	0.723194	0.743684	0.832958	0.678457	0.741562	0.733439	0.751739	
3520.000000	0.768843	0.686209	0.733571	0.747239	0.837110	0.702493	0.745911	0.740405	0.751739	
3530.000000	0.768862	0.680971	0.706604	0.736532	0.842356	0.703741	0.739844	0.721568	0.751739	
3540.000000	0.777401	0.689420	0.726919	0.738505	0.842708	0.704396	0.746558	0.732712	0.751739	
3550.000000	0.775007	0.682682	0.710222	0.746441	0.848156	0.717959	0.746744	0.732200	0.751739	
3560.000000	0.754072	0.696778	0.730559	0.748585	0.713624	0.713360	0.726163	0.722092	0.751739	
3570.000000	0.776375	0.687728	0.732241	0.753772	0.842281	0.719727	0.752020	0.743007	0.752020	
3580.000000	0.774333	0.692209	0.731942	0.744815	0.836198	0.706609	0.747684	0.738379	0.752020	
3590.000000	0.771747	0.686879	0.721280	0.750556	0.842702	0.708717	0.746980	0.735918	0.752020	
3600.000000	0.777130	0.675913	0.726842	0.733187	0.840494	0.710269	0.743973	0.730014	0.752020	
3610.000000	0.769139	0.691745	0.725554	0.751063	0.844099	0.692996	0.745766	0.738309	0.752020	
3620.000000	0.766781	0.678535	0.727759	0.754107	0.848534	0.709400	0.747519	0.740933	0.752020	
3630.000000	0.774015	0.678368	0.718609	0.740321	0.841262	0.707546	0.743353	0.729465	0.752020	
3640.000000	0.765224	0.678132	0.715720	0.740325	0.840117	0.710824	0.741724	0.728023	0.752020	
3650.000000	0.772069	0.679812	0.726606	0.736168	0.830102	0.713878	0.743106	0.731387	0.752020	
3660.000000	0.772466	0.690759	0.727951	0.744440	0.845162	0.707668	0.748074	0.736195	0.752020	
3670.000000	0.776424	0.680543	0.724767	0.745948	0.821704	0.699158	0.741424	0.735358	0.752020	
3680.000000	0.772150	0.670402	0.730959	0.738863	0.842545	0.703860	0.743130	0.734911	0.752020	
3690.000000	0.771629	0.661117	0.728946	0.749972	0.846382	0.709041	0.744515	0.739459	0.752020	
3700.000000	0.771106	0.684015	0.725903	0.743369	0.819943	0.710990	0.742554	0.734636	0.752020	
3710.000000	0.777561	0.683934	0.731356	0.748273	0.846087	0.711466	0.749779	0.739814	0.752020	
3720.000000	0.778785	0.684455	0.734998	0.751498	0.833040	0.705827	0.748100	0.743248	0.752020	
3730.000000	0.777134	0.691348	0.727454	0.749763	0.851893	0.713104	0.751783	0.738609	0.752020	
3740.000000	0.770690	0.693288	0.731582	0.733735	0.804518	0.706016	0.739972	0.732658	0.752020	
3750.000000	0.768091	0.687939	0.707549	0.734732	0.834015	0.714063	0.741065	0.724397	0.752020	
3760.000000	0.762253	0.686209	0.731055	0.745023	0.695331	0.711232	0.721851	0.721143	0.752020	
3770.000000	0.780941	0.673545	0.725820	0.730577	0.839720	0.693197	0.740633	0.728199	0.752020	
3780.000000	0.750024	0.677680	0.725513	0.734246	0.825636	0.694557	0.734609	0.729879	0.752020	
3790.000000	0.776424	0.678802	0.728284	0.707510	0.823157	0.708552	0.737122	0.718418	0.752020	
3800.000000	0.779060	0.675820	0.733296	0.736781	0.830983	0.710527	0.744411	0.735038	0.752020	
3810.000000	0.771727	0.693530	0.728409	0.697083	0.714404	0.712571	0.719621	0.713487	0.752020	
3820.000000	0.773366	0.696722	0.724950	0.737704	0.842539	0.707026	0.747051	0.731327	0.752020	
3830.000000	0.770919	0.691980	0.715552	0.704059	0.720827	0.714317	0.719609	0.714934	0.752020	
3840.000000	0.771678	0.667830	0.727024	0.716446	0.838896	0.708208	0.738347	0.721735	0.752020	
3850.000000	0.769591	0.687529	0.722986	0.737038	0.846753	0.702831	0.744455	0.730012	0.752020	
3860.000000	0.765667	0.675647	0.708355	0.732590	0.830058	0.707432	0.736625	0.720473	0.752020	
3870.000000	0.767801	0.686680	0.717511	0.742867	0.841941	0.706550	0.743892	0.730189	0.752020	
3880.000000	0.765800	0.682013	0.722996	0.738764	0.821402	0.704239	0.739202	0.730880	0.752020	
3890.000000	0.778297	0.715058	0.721149	0.739835	0.789326	0.711784	0.742575	0.730492	0.752020	
3900.000000	0.746679	0.699360	0.719485	0.742412	0.823673	0.448153	0.696627	0.730948	0.752020	
3910.000000	0.759196	0.672553	0.727102	0.742766	0.806053	0.705260	0.735488	0.734934	0.752020	
3920.000000	0.772363	0.709925	0.726006	0.728861	0.819811	0.702994	0.743327	0.727433	0.752020	
3930.000000	0.769444	0.704489	0.723119	0.743425	0.841255	0.711486	0.748870	0.733272	0.752020	
3940.000000	0.774420	0.694360	0.729874	0.729272	0.843671	0.679535	0.741855	0.729573	0.752020	
3950.000000	0.780629	0.699257	0.726523	0.706513	0.837129	0.691847	0.740317	0.716518	0.752020	
3960.000000	0.771733	0.695154	0.701720	0.734968	0.839733	0.709724	0.742172	0.722346	0.752020	
3970.000000	0.756712	0.699586	0.717678	0.734753	0.831417	0.698439	0.739764	0.726215	0.752020	
3980.000000	0.769062	0.691261	0.714751	0.743887	0.839871	0.705600	0.744072	0.729319	0.752020	
3990.000000	0.776744	0.694218	0.726390	0.745736	0.831662	0.714365	0.748186	0.736063	0.752020	
4000.000000	0.773673	0.691323	0.733609	0.742502	0.818427	0.714312	0.745641	0.738055	0.752020	
4010.000000	0.769463	0.704378	0.727561	0.743843	0.813463	0.715289	0.745666	0.735702	0.752020	
4020.000000	0.771998	0.687802	0.726563	0.748662	0.844854	0.711457	0.748556	0.737612	0.752020	
4030.000000	0.774209	0.697354	0.728534	0.753779	0.841236	0.715730	0.751807	0.741156	0.752020	
4040.000000	0.766081	0.694190	0.728246	0.752395	0.843338	0.610485	0.732456	0.740321	0.752020	
4050.000000	0.767233	0.704241	0.712326	0.747679	0.839978	0.716473	0.747988	0.732076	0.752020	
4060.000000	0.774265	0.695947	0.711918	0.743218	0.843294	0.715282	0.747321	0.729250	0.752020	
4070.000000	0.774958	0.696003	0.734778	0.747568	0.832404	0.717987	0.750616	0.741173	0.752020	
4080.000000	0.780700	0.692116	0.725335	0.746363	0.843967	0.714173	0.750442	0.735849	0.752020	
4090.000000	0.779313	0.678839	0.736238	0.748653	0.805021	0.714588	0.743775	0.742445	0.752020	
4100.000000	0.778359	0.675151	0.723527	0.745190	0.849484	0.711384	0.747182	0.734358	0.752020	
4110.000000	0.629566	0.679471	0.736325	0.749756	0.843841	0.713715	0.725446	0.725020	0.752020	
4120.000000	0.773665	0.694143	0.732913	0.749421	0.851119	0.710670	0.751989	0.741167	0.752020	
4130.000000	0.777420	0.685354	0.734970	0.748553	0.850194	0.712022	0.751419	0.741761	0.752020	
4140.000000	0.767465	0.698972	0.689514	0.754743	0.837223	0.714771	0.743781	0.734757	0.752020	
4150.000000	0.765947	0.705983	0.728604	0.749009	0.805153	0.712864	0.744593	0.738806	0.752020	
4160.000000	0.762424	0.705146	0.721861	0.754146	0.841060	0.710062	0.749117	0.738004	0.752020	
4170.000000	0.771783	0.704818	0.738164	0.753178	0.677000	0.714619	0.726594	0.726391	0.752020	
4180.000000	0.774228	0.689550	0.728623	0.748317	0.714335	0.707315	0.727061	0.721479	0.752020	
4190.000000	0.774273	0.685360	0.719818	0.744822	0.844074	0.679420	0.741294	0.732320	0.752020	
4200.000000	0.769943	0.694447	0.732329	0.738960	0.699665	0.713666	0.724835	0.722997	0.752020	
4210.000000	0.749822	0.673341	0.716348	0.750461	0.679768	0.716395	0.714356	0.716372	0.752020	
4220.000000	0.773427	0.673018	0.732089	0.751233	0.665444	0.711384	0.717766	0.721737	0.752020	
4230.000000	0.776910	0.693238	0.728227	0.753637	0.835141	0.714622	0.750296	0.740932	0.752020	
4240.000000	0.759194	0.692265	0.730436	0.749613	0.839444	0.708697	0.746608	0.740024	0.752020	
4250.000000	0.756134	0.707545	0.730771	0.736011	0.840394	0.713968	0.747470	0.733391	0.752020	
4260.000000	0.736838	0.694243	0.720101	0.740693	0.811828	0.708944	0.735441	0.728469	0.752020	
4270.000000	0.759072	0.679081	0.722221	0.746786	0.807537	0.707160	0.736976	0.734504	0.752020	
4280.000000	0.743254	0.695377	0.722588	0.740027	0.832241	0.706448	0.739989	0.731307	0.752020	
4290.000000	0.746510	0.693201	0.718600	0.732981	0.797925	0.709784	0.733167	0.725791	0.752020	
4300.000000	0.697674	0.701898	0.729741	0.749138	0.823082	0.716532	0.736344	0.723137	0.752020	
4310.000000	0.736082	0.698340	0.725613	0.728926	0.831505	0.713186	0.738942	0.727269	0.752020	
4320.000000	0.727490	0.707458	0.734982	0.750006	0.796944	0.722086	0.739828	0.731236	0.752020	
4330.000000	0.780674	0.688366	0.726610	0.744970	0.820905	0.713889	0.745902	0.735790	0.752020	
4340.000000	0.777834	0.695073	0.725269	0.751644	0.836298	0.714052	0.750028	0.738456	0.752020	
4350.000000	0.778654	0.697137	0.728857	0.757355	0.846036	0.718134	0.754362	0.743106	0.754362	
4360.000000	0.776639	0.699710	0.736085	0.749127	0.831870	0.720106	0.752256	0.742606	0.754362	
4370.000000	0.773422	0.668078	0.729321	0.742680	0.832895	0.721189	0.744597	0.736000	0.754362	
4380.000000	0.766177	0.706070	0.726446	0.744001	0.825887	0.721592	0.748362	0.735223	0.754362	
4390.000000	0.772803	0.665778	0.724159	0.738690	0.836959	0.728794	0.744530	0.733742	0.754362	
4400.000000	0.773573	0.690802	0.738021	0.745497	0.839884	0.724187	0.751994	0.741759	0.754362	
4410.000000	0.773178	0.678888	0.728134	0.740924	0.841935	0.720040	0.747183	0.734529	0.754362	
4420.000000	0.782115	0.673347	0.732586	0.741061	0.840935	0.725406	0.749241	0.736823	0.754362	
4430.000000	0.781566	0.668084	0.726085	0.754887	0.846703	0.722264	0.749932	0.740486	0.754362	
4440.000000	0.775107	0.672398	0.734649	0.751627	0.832461	0.725768	0.748669	0.743138	0.754362	
4450.000000	0.775980	0.667167	0.740873	0.755028	0.842300	0.726499	0.751308	0.747950	0.754362	
4460.000000	0.780935	0.679577	0.737076	0.755085	0.843155	0.728481	0.754051	0.746081	0.754362	
4470.000000	0.780918	0.661848	0.727155	0.750998	0.784878	0.725584	0.738564	0.739077	0.754362	
4480.000000	0.778186	0.683854	0.731443	0.749934	0.800655	0.729268	0.745557	0.740689	0.754362	
4490.000000	0.780642	0.702065	0.729351	0.754681	0.825441	0.716693	0.751479	0.742016	0.754362	
4500.000000	0.781908	0.677581	0.731193	0.726777	0.840337	0.706272	0.744011	0.728985	0.754362	
4510.000000	0.775869	0.698526	0.718409	0.754366	0.835833	0.708254	0.748543	0.736388	0.754362	
4520.000000	0.780218	0.697131	0.728304	0.750263	0.843507	0.729657	0.754847	0.739960	0.754847	
4530.000000	0.754209	0.686879	0.734108	0.758602	0.850069	0.725913	0.751630	0.744158	0.754847	
4540.000000	0.759693	0.692718	0.724950	0.753610	0.838035	0.724552	0.748926	0.739280	0.754847	
4550.000000	0.667263	0.682000	0.732000	0.755641	0.845105	0.647057	0.721511	0.707000	0.754847	
4560.000000	0.778767	0.704570	0.732675	0.758565	0.851276	0.720185	0.757673	0.745620	0.757673	
4570.000000	0.784556	0.681783	0.736737	0.750970	0.846892	0.724687	0.754271	0.743854	0.757673	
4580.000000	0.750974	0.662598	0.736644	0.757542	0.848452	0.719599	0.745968	0.743809	0.757673	
4590.000000	0.783796	0.606847	0.732957	0.751512	0.813815	0.727471	0.736066	0.742234	0.757673	
4600.000000	0.786888	0.689023	0.732422	0.724346	0.852761	0.720701	0.751023	0.728384	0.757673	
4610.000000	0.776769	0.696824	0.722503	0.734292	0.822622	0.720999	0.745668	0.728398	0.757673	
4620.000000	0.728576	0.697615	0.722895	0.736460	0.845332	0.726296	0.742862	0.727436	0.757673	
4630.000000	0.775602	0.681728	0.726850	0.742925	0.839642	0.718071	0.747470	0.734888	0.757673	
4640.000000	0.766623	0.675203	0.725273	0.738118	0.845212	0.717873	0.744717	0.731696	0.757673	
4650.000000	0.772352	0.688800	0.675432	0.744174	0.842708	0.720467	0.740656	0.732321	0.757673	
4660.000000	0.771540	0.695922	0.730672	0.753550	0.845105	0.727747	0.754089	0.742111	0.757673	
4670.000000	0.779966	0.699914	0.725772	0.750603	0.840557	0.716861	0.752279	0.738187	0.757673	
4680.000000	0.776564	0.683928	0.715294	0.748220	0.832235	0.727701	0.747323	0.737960	0.757673	
4690.000000	0.770039	0.713037	0.719269	0.746955	0.830341	0.719698	0.749890	0.733326	0.757673	
4700.000000	0.767511	0.702784	0.711944	0.751738	0.824585	0.723713	0.747046	0.737725	0.757673	
4710.000000	0.773475	0.710725	0.727083	0.756446	0.822132	0.722908	0.752128	0.741764	0.757673	
4720.000000	0.781512	0.704706	0.720448	0.755995	0.814357	0.721515	0.749755	0.738755	0.757673	
4730.000000	0.787052	0.713397	0.730636	0.744558	0.832738	0.714152	0.753756	0.737597	0.757673	
4740.000000	0.783690	0.697348	0.728041	0.750799	0.848697	0.712923	0.753583	0.739420	0.757673	
4750.000000	0.786497	0.680395	0.724537	0.748535	0.844445	0.717791	0.750367	0.736536	0.757673	
4760.000000	0.786299	0.671493	0.711728	0.753573	0.828108	0.725437	0.746106	0.739505	0.757673	
4770.000000	0.773052	0.691862	0.733303	0.750983	0.825126	0.718353	0.748780	0.742143	0.757673	
4780.000000	0.790900	0.716192	0.731466	0.747080	0.841614	0.729268	0.759420	0.739273	0.759420	
4790.000000	0.773443	0.686290	0.737912	0.743867	0.828303	0.727250	0.749511	0.740889	0.759420	
4800.000000	0.777194	0.685620	0.710261	0.735324	0.839557	0.728873	0.746138	0.732099	0.759420	
4810.000000	0.760335	0.698309	0.734609	0.755025	0.790528	0.729998	0.744801	0.744817	0.759420	
4820.000000	0.781375	0.695389	0.731451	0.673301	0.835518	0.727771	0.740801	0.729611	0.759420	
4830.000000	0.780939	0.671531	0.729994	0.757047	0.776915	0.721803	0.739705	0.743521	0.759420	
4840.000000	0.770891	0.690678	0.736408	0.755615	0.819660	0.724563	0.749636	0.746012	0.759420	
4850.000000	0.793874	0.678027	0.732846	0.755685	0.848534	0.727685	0.756108	0.744265	0.759420	
4860.000000	0.777273	0.676861	0.741302	0.753986	0.852107	0.727119	0.754774	0.747644	0.759420	
4870.000000	0.775651	0.685521	0.744548	0.751433	0.845910	0.729581	0.755441	0.747991	0.759420	
4880.000000	0.795557	0.677773	0.727290	0.768275	0.839117	0.711534	0.753258	0.747783	0.759420	
4890.000000	0.782925	0.666299	0.738723	0.759756	0.830706	0.720710	0.749853	0.749239	0.759420	
4900.000000	0.770421	0.677153	0.742386	0.761872	0.848464	0.713208	0.752251	0.752129	0.759420	
4910.000000	0.781088	0.685106	0.733896	0.761849	0.839639	0.717039	0.753103	0.747873	0.759420	
4920.000000	0.790714	0.646637	0.734699	0.752553	0.845256	0.723444	0.748884	0.743626	0.759420	
4930.000000	0.788125	0.674376	0.732239	0.622423	0.776392	0.715463	0.718170	0.723851	0.759420	
4940.000000	0.797053	0.674215	0.730456	0.728317	0.850396	0.727066	0.751250	0.729387	0.759420	
4950.000000	0.783056	0.665344	0.740986	0.758252	0.854894	0.722970	0.754250	0.749619	0.759420	
4960.000000	0.783886	0.668967	0.741067	0.747399	0.853440	0.710990	0.750958	0.744233	0.759420	
4970.000000	0.775197	0.694955	0.731644	0.761067	0.846797	0.722149	0.755302	0.746356	0.759420	
4980.000000	0.771454	0.697943	0.735304	0.744968	0.853233	0.726925	0.754971	0.740136	0.759420	
4990.000000	0.780126	0.667793	0.740013	0.761715	0.845357	0.723865	0.753145	0.750864	0.759420	
5000.000000	0.786131	0.676421	0.738634	0.760390	0.828089	0.725031	0.752449	0.749512	0.759420	
