Epoch	AUC-12	AUC-13	AUC-14	AUC-15	AUC-16	AUC-Avg	AUC-Mid	AUC-Best	
1.000000	0.601947	0.655407	0.348233	0.426383	0.435254	0.493445	0.435254	0.493445	
10.000000	0.486149	0.307397	0.410254	0.601027	0.628995	0.486764	0.486149	0.493445	
20.000000	0.410722	0.323207	0.366865	0.633216	0.556670	0.458136	0.410722	0.493445	
30.000000	0.470653	0.367139	0.297468	0.598578	0.560167	0.458801	0.470653	0.493445	
40.000000	0.487763	0.362794	0.438066	0.606348	0.567955	0.492585	0.487763	0.493445	
50.000000	0.489742	0.359154	0.385365	0.598420	0.589585	0.484453	0.489742	0.493445	
60.000000	0.551345	0.423483	0.390874	0.626449	0.626225	0.523675	0.551345	0.523675	
70.000000	0.550395	0.420084	0.466504	0.638032	0.588501	0.532703	0.550395	0.532703	
80.000000	0.568877	0.449796	0.517287	0.644189	0.570862	0.550202	0.568877	0.550202	
90.000000	0.576378	0.479744	0.549743	0.641178	0.566227	0.562654	0.566227	0.562654	
100.000000	0.574819	0.497996	0.551746	0.641128	0.555134	0.564165	0.555134	0.564165	
110.000000	0.559214	0.502704	0.533063	0.590579	0.558132	0.548738	0.558132	0.564165	
120.000000	0.547231	0.523226	0.612881	0.638027	0.586324	0.581538	0.586324	0.581538	
130.000000	0.569776	0.536569	0.587939	0.683554	0.580768	0.591721	0.580768	0.591721	
140.000000	0.587287	0.555567	0.601989	0.672244	0.489189	0.581255	0.587287	0.591721	
150.000000	0.614734	0.547792	0.565842	0.654775	0.579338	0.592496	0.579338	0.592496	
160.000000	0.659215	0.578798	0.648224	0.650594	0.522383	0.611843	0.648224	0.611843	
170.000000	0.624605	0.574300	0.665518	0.650875	0.509535	0.604967	0.624605	0.611843	
180.000000	0.645695	0.592011	0.658832	0.642177	0.554024	0.618548	0.642177	0.618548	
190.000000	0.634272	0.628646	0.643305	0.652948	0.541465	0.620127	0.634272	0.620127	
200.000000	0.675201	0.623588	0.665281	0.654804	0.552104	0.634196	0.654804	0.634196	
210.000000	0.646813	0.619884	0.672256	0.659428	0.531647	0.626006	0.646813	0.634196	
220.000000	0.555633	0.614693	0.644469	0.663110	0.510305	0.597642	0.614693	0.634196	
230.000000	0.700048	0.691696	0.656477	0.686056	0.536238	0.654103	0.686056	0.654103	
240.000000	0.663642	0.611700	0.703674	0.664573	0.558655	0.640449	0.663642	0.654103	
250.000000	0.645314	0.639780	0.715783	0.691274	0.569488	0.652328	0.645314	0.654103	
260.000000	0.672374	0.628253	0.691588	0.700500	0.555007	0.649545	0.672374	0.654103	
270.000000	0.661715	0.582362	0.648954	0.663614	0.531887	0.617706	0.648954	0.654103	
280.000000	0.653977	0.573525	0.672692	0.686036	0.526657	0.622577	0.653977	0.654103	
290.000000	0.599509	0.555269	0.665520	0.688413	0.557272	0.613197	0.599509	0.654103	
300.000000	0.624971	0.573513	0.728180	0.685833	0.561266	0.634752	0.624971	0.654103	
310.000000	0.617427	0.556493	0.677951	0.699660	0.589266	0.628159	0.617427	0.654103	
320.000000	0.621679	0.605910	0.709464	0.624937	0.526671	0.617732	0.621679	0.654103	
330.000000	0.631963	0.538604	0.677370	0.694932	0.561437	0.620861	0.631963	0.654103	
340.000000	0.634614	0.554475	0.672274	0.644198	0.519181	0.604948	0.634614	0.654103	
350.000000	0.621792	0.597679	0.692115	0.692307	0.563047	0.633388	0.621792	0.654103	
360.000000	0.641760	0.626125	0.664929	0.663527	0.545385	0.628345	0.641760	0.654103	
370.000000	0.565548	0.547961	0.709933	0.641271	0.539543	0.600851	0.565548	0.654103	
380.000000	0.679774	0.614763	0.710194	0.692814	0.527823	0.645074	0.679774	0.654103	
390.000000	0.649256	0.515407	0.646208	0.614470	0.562640	0.597597	0.614470	0.654103	
400.000000	0.618930	0.538948	0.713414	0.691206	0.505736	0.613647	0.618930	0.654103	
410.000000	0.654859	0.510176	0.651856	0.684736	0.570312	0.614388	0.651856	0.654103	
420.000000	0.679395	0.583247	0.705998	0.661964	0.548309	0.635783	0.661964	0.654103	
430.000000	0.703223	0.618358	0.697583	0.664604	0.543672	0.645488	0.664604	0.654103	
440.000000	0.727700	0.641957	0.745426	0.664816	0.525183	0.661017	0.664816	0.661017	
450.000000	0.604296	0.570114	0.672675	0.679354	0.517017	0.608691	0.604296	0.661017	
460.000000	0.662508	0.585077	0.722073	0.692463	0.498243	0.632073	0.662508	0.661017	
470.000000	0.667377	0.638255	0.722207	0.688846	0.429475	0.629232	0.667377	0.661017	
480.000000	0.755063	0.605508	0.704415	0.667218	0.578889	0.662219	0.667218	0.662219	
490.000000	0.435570	0.591053	0.689405	0.670004	0.554402	0.588087	0.591053	0.662219	
500.000000	0.695797	0.585940	0.688450	0.658006	0.540760	0.633791	0.658006	0.662219	
510.000000	0.717944	0.577574	0.691836	0.640861	0.580573	0.641758	0.640861	0.662219	
520.000000	0.700915	0.572676	0.701533	0.658253	0.581275	0.642930	0.658253	0.662219	
530.000000	0.708473	0.577630	0.680413	0.666250	0.571056	0.640764	0.666250	0.662219	
540.000000	0.740723	0.603141	0.732716	0.666780	0.585555	0.665783	0.666780	0.665783	
550.000000	0.665610	0.612109	0.670183	0.687258	0.610824	0.649197	0.665610	0.665783	
560.000000	0.619615	0.619116	0.738284	0.704366	0.597103	0.655697	0.619615	0.665783	
570.000000	0.753807	0.647538	0.691731	0.669017	0.575814	0.667582	0.669017	0.667582	
580.000000	0.720870	0.640165	0.726758	0.672150	0.558994	0.663787	0.672150	0.667582	
590.000000	0.723787	0.658320	0.712246	0.681989	0.580144	0.671297	0.681989	0.671297	
600.000000	0.650538	0.644936	0.729357	0.678305	0.550007	0.650629	0.650538	0.671297	
610.000000	0.713790	0.642220	0.733356	0.704250	0.534861	0.665696	0.704250	0.671297	
620.000000	0.686293	0.610588	0.704127	0.521130	0.525889	0.609605	0.610588	0.671297	
630.000000	0.670776	0.642589	0.714611	0.683368	0.538940	0.650057	0.670776	0.671297	
640.000000	0.708859	0.607810	0.709464	0.671665	0.555010	0.650562	0.671665	0.671297	
650.000000	0.696261	0.660075	0.723650	0.664263	0.512383	0.651326	0.664263	0.671297	
660.000000	0.624501	0.629035	0.710937	0.572664	0.553362	0.618100	0.624501	0.671297	
670.000000	0.637228	0.657420	0.707549	0.579904	0.572368	0.630894	0.637228	0.671297	
680.000000	0.660478	0.667474	0.576128	0.669694	0.555193	0.625793	0.660478	0.671297	
690.000000	0.690767	0.652612	0.725686	0.698679	0.573316	0.668212	0.690767	0.671297	
700.000000	0.652536	0.692061	0.721142	0.691097	0.560631	0.663493	0.691097	0.671297	
710.000000	0.695083	0.718263	0.729850	0.676232	0.519004	0.667687	0.695083	0.671297	
720.000000	0.726984	0.671742	0.746208	0.698371	0.561032	0.680867	0.698371	0.680867	
730.000000	0.709721	0.661719	0.743239	0.673092	0.576172	0.672789	0.673092	0.680867	
740.000000	0.727342	0.650655	0.749069	0.691347	0.565226	0.676728	0.691347	0.680867	
750.000000	0.694056	0.644098	0.759751	0.704151	0.578301	0.676072	0.694056	0.680867	
760.000000	0.742734	0.636139	0.811741	0.659874	0.537514	0.677600	0.659874	0.680867	
770.000000	0.776439	0.667681	0.795077	0.667714	0.538669	0.689116	0.667714	0.689116	
780.000000	0.735247	0.632773	0.772993	0.667068	0.589350	0.679486	0.667068	0.689116	
790.000000	0.747121	0.655198	0.772265	0.649780	0.558637	0.676600	0.655198	0.689116	
800.000000	0.711441	0.662947	0.733185	0.671522	0.510731	0.657965	0.671522	0.689116	
810.000000	0.741401	0.638692	0.754880	0.616902	0.547278	0.659831	0.638692	0.689116	
820.000000	0.646981	0.594257	0.692639	0.677336	0.576876	0.637618	0.646981	0.689116	
830.000000	0.712775	0.564982	0.695819	0.590531	0.573531	0.627528	0.590531	0.689116	
840.000000	0.647013	0.568559	0.705707	0.638885	0.607213	0.633475	0.638885	0.689116	
850.000000	0.675774	0.602035	0.717771	0.642734	0.539181	0.635499	0.642734	0.689116	
860.000000	0.729545	0.615986	0.700035	0.632330	0.577953	0.651170	0.632330	0.689116	
870.000000	0.716262	0.619811	0.686818	0.647421	0.544448	0.642952	0.647421	0.689116	
880.000000	0.674841	0.592734	0.666407	0.616934	0.562152	0.622613	0.616934	0.689116	
890.000000	0.691931	0.559762	0.668349	0.632882	0.571319	0.624849	0.632882	0.689116	
900.000000	0.682879	0.555222	0.635232	0.605388	0.586611	0.613066	0.605388	0.689116	
910.000000	0.632199	0.544229	0.614559	0.640241	0.585907	0.603427	0.614559	0.689116	
920.000000	0.603486	0.473339	0.660516	0.594675	0.611330	0.588669	0.603486	0.689116	
930.000000	0.673194	0.551846	0.569985	0.601109	0.546427	0.588512	0.569985	0.689116	
940.000000	0.377676	0.564463	0.652762	0.624472	0.540414	0.551957	0.564463	0.689116	
950.000000	0.641168	0.557488	0.627228	0.616488	0.590284	0.606531	0.616488	0.689116	
960.000000	0.684927	0.572473	0.586171	0.623031	0.602694	0.613859	0.602694	0.689116	
970.000000	0.661767	0.522266	0.568466	0.629862	0.594439	0.595360	0.594439	0.689116	
980.000000	0.641258	0.526771	0.598680	0.588452	0.598158	0.590664	0.598158	0.689116	
990.000000	0.686142	0.556018	0.564086	0.627485	0.606150	0.607976	0.606150	0.689116	
1000.000000	0.701657	0.533015	0.628208	0.638984	0.617417	0.623856	0.628208	0.689116	
1010.000000	0.656776	0.564350	0.624527	0.640237	0.622760	0.621730	0.624527	0.689116	
1020.000000	0.666824	0.568735	0.566565	0.654753	0.618144	0.615004	0.618144	0.689116	
1030.000000	0.673347	0.552625	0.623081	0.644267	0.617228	0.622110	0.623081	0.689116	
1040.000000	0.705842	0.625399	0.668898	0.635166	0.611817	0.649425	0.635166	0.689116	
1050.000000	0.710838	0.605560	0.638538	0.617980	0.559142	0.626412	0.617980	0.689116	
1060.000000	0.710878	0.628177	0.653676	0.629738	0.574940	0.639482	0.629738	0.689116	
1070.000000	0.708758	0.593563	0.657591	0.644572	0.556593	0.632215	0.644572	0.689116	
1080.000000	0.679333	0.580992	0.634620	0.650570	0.621207	0.633344	0.634620	0.689116	
1090.000000	0.705428	0.625679	0.671060	0.649732	0.588715	0.648123	0.649732	0.689116	
1100.000000	0.722802	0.555255	0.663823	0.643507	0.613542	0.639786	0.643507	0.689116	
1110.000000	0.682924	0.561153	0.698157	0.642109	0.608276	0.638524	0.642109	0.689116	
1120.000000	0.742579	0.578289	0.669816	0.652164	0.570926	0.642755	0.652164	0.689116	
1130.000000	0.772180	0.556572	0.695008	0.642668	0.565637	0.646413	0.642668	0.689116	
1140.000000	0.744176	0.607766	0.699708	0.636181	0.588107	0.655188	0.636181	0.689116	
1150.000000	0.745500	0.605858	0.717635	0.643380	0.559194	0.654313	0.643380	0.689116	
1160.000000	0.758750	0.584732	0.708927	0.640555	0.587869	0.656166	0.640555	0.689116	
1170.000000	0.782808	0.618282	0.711988	0.580425	0.578174	0.654335	0.618282	0.689116	
1180.000000	0.798150	0.640700	0.713497	0.660197	0.566792	0.675867	0.660197	0.689116	
1190.000000	0.765920	0.601243	0.718653	0.679598	0.552266	0.663536	0.679598	0.689116	
1200.000000	0.740171	0.605231	0.688381	0.653263	0.572140	0.651837	0.653263	0.689116	
1210.000000	0.754118	0.634537	0.688221	0.674064	0.540639	0.658316	0.674064	0.689116	
1220.000000	0.753046	0.574345	0.678503	0.637630	0.548628	0.638430	0.637630	0.689116	
1230.000000	0.748037	0.602661	0.694678	0.666938	0.546983	0.651860	0.666938	0.689116	
1240.000000	0.709441	0.626110	0.679347	0.638274	0.516890	0.634012	0.638274	0.689116	
1250.000000	0.755280	0.610131	0.672628	0.670936	0.527682	0.647331	0.670936	0.689116	
1260.000000	0.739624	0.628509	0.674900	0.694193	0.520484	0.651542	0.674900	0.689116	
1270.000000	0.704298	0.620269	0.675875	0.662432	0.524100	0.637395	0.662432	0.689116	
1280.000000	0.692035	0.581570	0.631609	0.660328	0.555793	0.624267	0.631609	0.689116	
1290.000000	0.736573	0.569839	0.669819	0.637950	0.536870	0.630210	0.637950	0.689116	
1300.000000	0.750363	0.554058	0.679399	0.669732	0.542936	0.639298	0.669732	0.689116	
1310.000000	0.729540	0.631716	0.703428	0.662996	0.537508	0.653038	0.662996	0.689116	
1320.000000	0.716226	0.611054	0.695631	0.647530	0.519100	0.637908	0.647530	0.689116	
1330.000000	0.716163	0.586916	0.683545	0.630474	0.514376	0.626295	0.630474	0.689116	
1340.000000	0.696263	0.588636	0.717933	0.653248	0.528160	0.636848	0.653248	0.689116	
1350.000000	0.749432	0.600129	0.691173	0.660801	0.524388	0.645185	0.660801	0.689116	
1360.000000	0.715079	0.589928	0.662013	0.657481	0.549759	0.634852	0.657481	0.689116	
1370.000000	0.734203	0.594020	0.671232	0.644638	0.494399	0.627698	0.644638	0.689116	
1380.000000	0.776436	0.609830	0.675398	0.656421	0.523564	0.648330	0.656421	0.689116	
1390.000000	0.743879	0.618702	0.680912	0.646353	0.456240	0.629217	0.646353	0.689116	
1400.000000	0.757282	0.613652	0.700179	0.650630	0.517454	0.647840	0.650630	0.689116	
1410.000000	0.752486	0.615199	0.689642	0.670532	0.520578	0.649687	0.670532	0.689116	
1420.000000	0.788431	0.618169	0.702375	0.660736	0.482981	0.650539	0.660736	0.689116	
1430.000000	0.760334	0.627666	0.701642	0.653678	0.479984	0.644661	0.653678	0.689116	
1440.000000	0.795332	0.649272	0.721030	0.671670	0.472634	0.661988	0.671670	0.689116	
1450.000000	0.788090	0.633865	0.693799	0.652297	0.464645	0.646539	0.652297	0.689116	
1460.000000	0.812724	0.672242	0.716252	0.665493	0.481067	0.669556	0.672242	0.689116	
1470.000000	0.817288	0.692324	0.747640	0.651989	0.479416	0.677731	0.692324	0.689116	
1480.000000	0.756903	0.690696	0.738454	0.614228	0.474206	0.654897	0.690696	0.689116	
1490.000000	0.767677	0.687696	0.729364	0.657451	0.487615	0.665961	0.687696	0.689116	
1500.000000	0.785424	0.668909	0.726531	0.646677	0.495867	0.664682	0.668909	0.689116	
1510.000000	0.768335	0.646776	0.709090	0.628440	0.509299	0.652388	0.646776	0.689116	
1520.000000	0.817389	0.712309	0.759631	0.631514	0.481554	0.680479	0.712309	0.689116	
1530.000000	0.788083	0.716826	0.738987	0.655858	0.476362	0.675223	0.716826	0.689116	
1540.000000	0.797665	0.724598	0.754492	0.634980	0.506080	0.683563	0.724598	0.689116	
1550.000000	0.792797	0.702556	0.729633	0.660872	0.494818	0.676135	0.702556	0.689116	
1560.000000	0.826479	0.724016	0.758001	0.635358	0.483837	0.685538	0.724016	0.689116	
1570.000000	0.797292	0.711183	0.754436	0.657045	0.505681	0.685127	0.711183	0.689116	
1580.000000	0.818532	0.713861	0.784823	0.648718	0.504334	0.694054	0.713861	0.694054	
1590.000000	0.813761	0.733879	0.773520	0.675333	0.504030	0.700105	0.733879	0.700105	
1600.000000	0.790733	0.719102	0.760213	0.660290	0.531748	0.692417	0.719102	0.700105	
1610.000000	0.798167	0.706682	0.776742	0.655211	0.516320	0.690624	0.706682	0.700105	
1620.000000	0.816214	0.722675	0.752401	0.659290	0.540136	0.698143	0.722675	0.700105	
1630.000000	0.818881	0.693470	0.751688	0.677959	0.528836	0.694167	0.693470	0.700105	
1640.000000	0.784056	0.666462	0.722879	0.654138	0.525927	0.670692	0.666462	0.700105	
1650.000000	0.810104	0.682009	0.754101	0.668102	0.502971	0.683458	0.682009	0.700105	
1660.000000	0.783491	0.659363	0.746216	0.637666	0.532318	0.671811	0.659363	0.700105	
1670.000000	0.763769	0.628516	0.701153	0.643843	0.519199	0.651296	0.643843	0.700105	
1680.000000	0.736514	0.635709	0.698254	0.642751	0.538757	0.650397	0.642751	0.700105	
1690.000000	0.756427	0.650813	0.760186	0.658784	0.535265	0.672295	0.658784	0.700105	
1700.000000	0.763526	0.607756	0.723319	0.644354	0.576671	0.663125	0.644354	0.700105	
1710.000000	0.757384	0.625815	0.711396	0.632693	0.508732	0.647204	0.632693	0.700105	
1720.000000	0.742680	0.648013	0.705104	0.634946	0.566053	0.659359	0.648013	0.700105	
1730.000000	0.723108	0.592429	0.677731	0.588518	0.558297	0.628017	0.592429	0.700105	
1740.000000	0.726993	0.544607	0.706154	0.533939	0.582578	0.618854	0.582578	0.700105	
1750.000000	0.741992	0.669581	0.697121	0.568989	0.520723	0.639681	0.669581	0.700105	
1760.000000	0.719711	0.645511	0.668793	0.613838	0.540742	0.637719	0.645511	0.700105	
1770.000000	0.736156	0.595833	0.657152	0.591061	0.537960	0.623632	0.595833	0.700105	
1780.000000	0.722628	0.623360	0.667570	0.622268	0.537623	0.634690	0.623360	0.700105	
1790.000000	0.636852	0.633536	0.650744	0.605806	0.555480	0.616484	0.633536	0.700105	
1800.000000	0.676212	0.668075	0.658268	0.583368	0.552116	0.627608	0.658268	0.700105	
1810.000000	0.680976	0.664592	0.638380	0.609334	0.565338	0.631724	0.638380	0.700105	
1820.000000	0.676999	0.647571	0.625055	0.580270	0.553971	0.616773	0.625055	0.700105	
1830.000000	0.690298	0.718359	0.675772	0.598699	0.562825	0.649191	0.675772	0.700105	
1840.000000	0.624971	0.665790	0.686022	0.633166	0.572412	0.636472	0.633166	0.700105	
1850.000000	0.481253	0.505595	0.602057	0.590712	0.606867	0.557297	0.590712	0.700105	
1860.000000	0.755457	0.672933	0.677558	0.537022	0.534504	0.635495	0.672933	0.700105	
1870.000000	0.758293	0.504613	0.666488	0.609522	0.572973	0.622378	0.609522	0.700105	
1880.000000	0.769465	0.760384	0.708020	0.586834	0.556189	0.676178	0.708020	0.700105	
1890.000000	0.749043	0.669419	0.664594	0.622868	0.516692	0.644523	0.664594	0.700105	
1900.000000	0.707408	0.670460	0.654186	0.608572	0.544129	0.636951	0.654186	0.700105	
1910.000000	0.735836	0.598337	0.637430	0.623934	0.503832	0.619874	0.623934	0.700105	
1920.000000	0.720258	0.510556	0.683921	0.620059	0.446396	0.596238	0.620059	0.700105	
1930.000000	0.644992	0.562950	0.577056	0.624988	0.604643	0.602926	0.604643	0.700105	
1940.000000	0.696261	0.534913	0.664018	0.617687	0.501375	0.602851	0.617687	0.700105	
1950.000000	0.673573	0.576947	0.544410	0.640408	0.535762	0.594220	0.576947	0.700105	
1960.000000	0.687942	0.477133	0.571160	0.602538	0.513901	0.570535	0.571160	0.700105	
1970.000000	0.643209	0.552591	0.578532	0.578943	0.547559	0.580166	0.578532	0.700105	
1980.000000	0.710935	0.613314	0.625324	0.588007	0.484948	0.604505	0.613314	0.700105	
1990.000000	0.691526	0.448191	0.654895	0.589620	0.500932	0.577033	0.589620	0.700105	
2000.000000	0.609925	0.571145	0.695045	0.594924	0.612665	0.616741	0.609925	0.700105	
2010.000000	0.651737	0.610587	0.580867	0.565237	0.567480	0.595182	0.580867	0.700105	
2020.000000	0.630498	0.571401	0.547456	0.618654	0.547145	0.583031	0.571401	0.700105	
2030.000000	0.770010	0.674346	0.604808	0.585943	0.430834	0.613188	0.604808	0.700105	
2040.000000	0.545655	0.626475	0.621491	0.476291	0.548557	0.563694	0.548557	0.700105	
2050.000000	0.774425	0.628641	0.712813	0.625930	0.564733	0.661308	0.628641	0.700105	
2060.000000	0.612970	0.717014	0.552967	0.607979	0.592236	0.616633	0.607979	0.700105	
2070.000000	0.817326	0.719482	0.652818	0.606709	0.534926	0.666252	0.652818	0.700105	
2080.000000	0.631180	0.674044	0.796941	0.601458	0.541672	0.649059	0.631180	0.700105	
2090.000000	0.771668	0.710951	0.650244	0.647147	0.520989	0.660200	0.650244	0.700105	
2100.000000	0.680064	0.643735	0.752164	0.637736	0.508008	0.644342	0.643735	0.700105	
2110.000000	0.762013	0.441433	0.769712	0.691163	0.532020	0.639268	0.691163	0.700105	
2120.000000	0.733649	0.662534	0.637505	0.616793	0.528963	0.635889	0.637505	0.700105	
2130.000000	0.587752	0.666992	0.687968	0.593084	0.538530	0.614865	0.593084	0.700105	
2140.000000	0.758515	0.448884	0.672479	0.665820	0.573366	0.623813	0.665820	0.700105	
2150.000000	0.742751	0.741241	0.790055	0.657466	0.548462	0.695995	0.741241	0.700105	
2160.000000	0.732865	0.586367	0.757120	0.657158	0.508357	0.648373	0.657158	0.700105	
2170.000000	0.763052	0.687736	0.582498	0.606954	0.461447	0.620337	0.606954	0.700105	
2180.000000	0.713830	0.647339	0.619962	0.664139	0.524315	0.633917	0.647339	0.700105	
2190.000000	0.522151	0.687703	0.777568	0.626519	0.533902	0.629569	0.626519	0.700105	
2200.000000	0.691750	0.669670	0.643773	0.650543	0.508236	0.632794	0.650543	0.700105	
2210.000000	0.740378	0.610338	0.772128	0.632593	0.517900	0.654667	0.632593	0.700105	
2220.000000	0.685447	0.712548	0.732361	0.594967	0.410918	0.627249	0.685447	0.700105	
2230.000000	0.787689	0.644142	0.725866	0.659232	0.554854	0.674357	0.659232	0.700105	
2240.000000	0.759337	0.631948	0.743901	0.606421	0.539354	0.656192	0.631948	0.700105	
2250.000000	0.694709	0.584990	0.683437	0.621807	0.561378	0.629264	0.621807	0.700105	
2260.000000	0.732226	0.611970	0.670708	0.602250	0.546644	0.632760	0.611970	0.700105	
2270.000000	0.554098	0.709882	0.796995	0.653736	0.538394	0.650621	0.653736	0.700105	
2280.000000	0.792192	0.632434	0.675648	0.674124	0.582401	0.671360	0.674124	0.700105	
2290.000000	0.721297	0.719959	0.671646	0.645657	0.512539	0.654220	0.671646	0.700105	
2300.000000	0.666208	0.771463	0.672633	0.647561	0.514562	0.654485	0.666208	0.700105	
2310.000000	0.739982	0.700081	0.797217	0.608960	0.535866	0.676421	0.700081	0.700105	
2320.000000	0.732481	0.662489	0.570386	0.569575	0.672408	0.641468	0.662489	0.700105	
2330.000000	0.760527	0.730708	0.784236	0.441766	0.536654	0.650778	0.730708	0.700105	
2340.000000	0.761773	0.651292	0.786555	0.645308	0.572025	0.683391	0.651292	0.700105	
2350.000000	0.761012	0.700197	0.763164	0.600314	0.557240	0.676385	0.700197	0.700105	
2360.000000	0.744777	0.701647	0.726108	0.560101	0.540763	0.654679	0.701647	0.700105	
2370.000000	0.550018	0.691426	0.757015	0.613879	0.564512	0.635370	0.613879	0.700105	
2380.000000	0.725285	0.690426	0.771623	0.643904	0.457956	0.657839	0.690426	0.700105	
2390.000000	0.698547	0.737236	0.748293	0.642680	0.550186	0.675388	0.698547	0.700105	
2400.000000	0.781749	0.627854	0.784625	0.647549	0.471158	0.662587	0.647549	0.700105	
2410.000000	0.682109	0.729038	0.802631	0.635079	0.484906	0.666753	0.682109	0.700105	
2420.000000	0.777144	0.720579	0.677939	0.663047	0.625067	0.692755	0.677939	0.700105	
2430.000000	0.795608	0.653185	0.688591	0.677709	0.491575	0.661334	0.677709	0.700105	
2440.000000	0.566793	0.431753	0.615526	0.679456	0.591010	0.576908	0.591010	0.700105	
2450.000000	0.722943	0.725296	0.736680	0.608645	0.554945	0.669702	0.722943	0.700105	
2460.000000	0.767995	0.433767	0.757746	0.650371	0.501006	0.622177	0.650371	0.700105	
2470.000000	0.682783	0.719811	0.754321	0.646549	0.519048	0.664502	0.682783	0.700105	
2480.000000	0.783635	0.730706	0.734086	0.621619	0.503968	0.674803	0.730706	0.700105	
2490.000000	0.754743	0.702476	0.796206	0.642191	0.481099	0.675343	0.702476	0.700105	
2500.000000	0.782000	0.700658	0.753422	0.623653	0.567444	0.685435	0.700658	0.700105	
2510.000000	0.431051	0.751579	0.715540	0.652767	0.597768	0.629741	0.652767	0.700105	
2520.000000	0.747434	0.711533	0.814101	0.656383	0.548046	0.695499	0.711533	0.700105	
2530.000000	0.773353	0.764939	0.736006	0.618172	0.477830	0.674060	0.736006	0.700105	
2540.000000	0.735654	0.701393	0.751859	0.638381	0.563241	0.678106	0.701393	0.700105	
2550.000000	0.662938	0.676548	0.759758	0.569028	0.559065	0.645468	0.662938	0.700105	
2560.000000	0.762741	0.757124	0.824668	0.474298	0.491209	0.662008	0.757124	0.700105	
2570.000000	0.626335	0.650209	0.752496	0.618341	0.434954	0.616467	0.626335	0.700105	
2580.000000	0.832854	0.623259	0.756698	0.610091	0.500090	0.664598	0.623259	0.700105	
2590.000000	0.768511	0.759823	0.743117	0.521975	0.485606	0.655806	0.743117	0.700105	
2600.000000	0.790934	0.719973	0.722908	0.642470	0.480024	0.671262	0.719973	0.700105	
2610.000000	0.809098	0.668956	0.768747	0.677275	0.514745	0.687765	0.677275	0.700105	
2620.000000	0.606914	0.691307	0.751593	0.667935	0.483725	0.640295	0.667935	0.700105	
2630.000000	0.785819	0.675425	0.754690	0.674635	0.445235	0.667161	0.675425	0.700105	
2640.000000	0.736500	0.460645	0.745440	0.648072	0.491699	0.616471	0.648072	0.700105	
2650.000000	0.751100	0.641147	0.605238	0.650376	0.545701	0.638712	0.641147	0.700105	
2660.000000	0.750523	0.635298	0.730632	0.615500	0.557122	0.657815	0.635298	0.700105	
2670.000000	0.751864	0.592225	0.697214	0.650206	0.556921	0.649686	0.650206	0.700105	
2680.000000	0.738335	0.639218	0.675977	0.531931	0.569751	0.631043	0.639218	0.700105	
2690.000000	0.646184	0.445495	0.676080	0.573812	0.506848	0.569684	0.573812	0.700105	
2700.000000	0.480944	0.529444	0.547417	0.619871	0.612860	0.558107	0.547417	0.700105	
2710.000000	0.797276	0.657871	0.706862	0.627618	0.470319	0.651989	0.657871	0.700105	
2720.000000	0.781811	0.609102	0.697829	0.636816	0.616198	0.668351	0.636816	0.700105	
2730.000000	0.778112	0.682761	0.778799	0.584734	0.524078	0.669697	0.682761	0.700105	
2740.000000	0.789798	0.444226	0.752316	0.658522	0.462350	0.621442	0.658522	0.700105	
2750.000000	0.640452	0.624070	0.741285	0.617905	0.565613	0.637865	0.624070	0.700105	
2760.000000	0.433928	0.673520	0.714237	0.625283	0.459236	0.581241	0.625283	0.700105	
2770.000000	0.830793	0.698840	0.722549	0.632533	0.547818	0.686507	0.698840	0.700105	
2780.000000	0.799578	0.638316	0.720681	0.650395	0.513714	0.664537	0.650395	0.700105	
2790.000000	0.794958	0.669372	0.777421	0.672617	0.528350	0.688544	0.672617	0.700105	
2800.000000	0.763945	0.686240	0.725317	0.570121	0.522454	0.653615	0.686240	0.700105	
2810.000000	0.763366	0.654771	0.735022	0.640900	0.513865	0.661585	0.654771	0.700105	
2820.000000	0.821602	0.675161	0.726480	0.663582	0.531462	0.683657	0.675161	0.700105	
2830.000000	0.750483	0.648520	0.764031	0.638298	0.573633	0.674993	0.648520	0.700105	
2840.000000	0.834405	0.653061	0.696989	0.717500	0.521075	0.684606	0.696989	0.700105	
2850.000000	0.780473	0.676987	0.734960	0.700961	0.504373	0.679551	0.700961	0.700105	
2860.000000	0.774350	0.601983	0.696138	0.505239	0.551628	0.625868	0.601983	0.700105	
2870.000000	0.813436	0.545149	0.678601	0.598241	0.520986	0.631283	0.598241	0.700105	
2880.000000	0.799639	0.624636	0.759966	0.637305	0.357552	0.635820	0.637305	0.700105	
2890.000000	0.636817	0.586764	0.726782	0.665852	0.429593	0.609162	0.636817	0.700105	
2900.000000	0.779959	0.618789	0.700568	0.655826	0.545193	0.660067	0.655826	0.700105	
2910.000000	0.757549	0.658125	0.752084	0.420496	0.577294	0.633109	0.658125	0.700105	
2920.000000	0.784422	0.616814	0.735781	0.635217	0.462826	0.647012	0.635217	0.700105	
2930.000000	0.785592	0.656389	0.521544	0.617859	0.528949	0.622067	0.617859	0.700105	
2940.000000	0.785239	0.626689	0.752526	0.672155	0.576804	0.682682	0.672155	0.700105	
2950.000000	0.767588	0.590003	0.800739	0.641891	0.604638	0.680972	0.641891	0.700105	
2960.000000	0.781401	0.732890	0.682101	0.547707	0.567013	0.662223	0.682101	0.700105	
2970.000000	0.719301	0.605255	0.748192	0.643615	0.519979	0.647268	0.643615	0.700105	
2980.000000	0.781853	0.655999	0.736282	0.647440	0.475053	0.659326	0.655999	0.700105	
2990.000000	0.687148	0.647073	0.509269	0.661681	0.568218	0.614678	0.647073	0.700105	
3000.000000	0.826429	0.552203	0.707114	0.656938	0.486209	0.645779	0.656938	0.700105	
3010.000000	0.828401	0.619442	0.617529	0.612668	0.477862	0.631181	0.617529	0.700105	
3020.000000	0.824410	0.724659	0.770633	0.602461	0.511086	0.686650	0.724659	0.700105	
3030.000000	0.661435	0.557787	0.741700	0.615003	0.642745	0.643734	0.642745	0.700105	
3040.000000	0.789774	0.601151	0.710693	0.606571	0.461831	0.634004	0.606571	0.700105	
3050.000000	0.785505	0.499277	0.701606	0.587718	0.559148	0.626651	0.587718	0.700105	
3060.000000	0.818160	0.580962	0.639281	0.632327	0.545603	0.643267	0.632327	0.700105	
3070.000000	0.823239	0.693082	0.725927	0.665455	0.448186	0.671178	0.693082	0.700105	
3080.000000	0.753520	0.668470	0.718184	0.629932	0.445270	0.643075	0.668470	0.700105	
3090.000000	0.763545	0.511010	0.720344	0.666598	0.517356	0.635770	0.666598	0.700105	
3100.000000	0.752603	0.647949	0.643377	0.597621	0.564387	0.641188	0.643377	0.700105	
3110.000000	0.657887	0.580259	0.710087	0.590165	0.498342	0.607348	0.590165	0.700105	
3120.000000	0.761031	0.777476	0.686127	0.505845	0.415080	0.629112	0.686127	0.700105	
3130.000000	0.777021	0.589524	0.723881	0.620105	0.521902	0.646486	0.620105	0.700105	
3140.000000	0.717784	0.626776	0.608108	0.675112	0.407478	0.607051	0.626776	0.700105	
3150.000000	0.725844	0.604447	0.752428	0.631586	0.520357	0.646932	0.631586	0.700105	
3160.000000	0.778626	0.673959	0.725854	0.649833	0.469690	0.659592	0.673959	0.700105	
3170.000000	0.782109	0.692274	0.759153	0.612495	0.626485	0.694503	0.692274	0.700105	
3180.000000	0.754095	0.485091	0.707057	0.614112	0.478414	0.607754	0.614112	0.700105	
3190.000000	0.661578	0.666931	0.684277	0.608676	0.568865	0.638066	0.661578	0.700105	
3200.000000	0.757426	0.503657	0.721771	0.582605	0.565501	0.626192	0.582605	0.700105	
3210.000000	0.780534	0.793904	0.555971	0.642470	0.517811	0.658138	0.642470	0.700105	
3220.000000	0.512298	0.664148	0.790531	0.617343	0.529200	0.622704	0.617343	0.700105	
3230.000000	0.712860	0.620772	0.665073	0.590991	0.531675	0.624274	0.620772	0.700105	
3240.000000	0.766238	0.673191	0.716257	0.647176	0.559189	0.672410	0.673191	0.700105	
3250.000000	0.812541	0.722052	0.747725	0.631395	0.486823	0.680107	0.722052	0.700105	
3260.000000	0.762475	0.633473	0.677873	0.623304	0.580008	0.655427	0.633473	0.700105	
3270.000000	0.748824	0.716748	0.496749	0.650785	0.453133	0.613248	0.650785	0.700105	
3280.000000	0.743191	0.716241	0.686972	0.634360	0.552086	0.666570	0.686972	0.700105	
3290.000000	0.778272	0.696674	0.793751	0.591122	0.507170	0.673398	0.696674	0.700105	
3300.000000	0.722116	0.473250	0.719159	0.525504	0.599531	0.607912	0.599531	0.700105	
3310.000000	0.664773	0.645175	0.667240	0.586965	0.475564	0.607944	0.645175	0.700105	
3320.000000	0.644090	0.575510	0.683115	0.603170	0.468166	0.594810	0.603170	0.700105	
3330.000000	0.677983	0.672515	0.659353	0.593387	0.491882	0.619024	0.659353	0.700105	
3340.000000	0.746268	0.639448	0.674688	0.648198	0.613040	0.664329	0.648198	0.700105	
3350.000000	0.671599	0.583797	0.662543	0.645846	0.467100	0.606177	0.645846	0.700105	
3360.000000	0.716455	0.640031	0.665322	0.485016	0.481356	0.597636	0.640031	0.700105	
3370.000000	0.652227	0.535394	0.615690	0.651231	0.472617	0.585432	0.615690	0.700105	
3380.000000	0.650284	0.676661	0.625106	0.610520	0.500607	0.612635	0.625106	0.700105	
3390.000000	0.644179	0.611603	0.654357	0.608509	0.572657	0.618261	0.611603	0.700105	
3400.000000	0.662040	0.643526	0.664316	0.624036	0.628224	0.644429	0.643526	0.700105	
3410.000000	0.515599	0.606023	0.698931	0.622234	0.532417	0.595041	0.606023	0.700105	
3420.000000	0.560253	0.530116	0.670166	0.611772	0.493468	0.573155	0.560253	0.700105	
3430.000000	0.639378	0.711820	0.637877	0.637048	0.548173	0.634859	0.637877	0.700105	
3440.000000	0.741627	0.691694	0.724836	0.533864	0.465827	0.631569	0.691694	0.700105	
3450.000000	0.736714	0.628946	0.648746	0.632163	0.524341	0.634182	0.632163	0.700105	
3460.000000	0.761365	0.723729	0.678818	0.632332	0.536002	0.666449	0.678818	0.700105	
3470.000000	0.692310	0.695196	0.708162	0.617832	0.518198	0.646340	0.692310	0.700105	
3480.000000	0.759820	0.712048	0.696432	0.606145	0.596134	0.674116	0.696432	0.700105	
3490.000000	0.705045	0.645088	0.712867	0.592796	0.495116	0.630182	0.645088	0.700105	
3500.000000	0.624615	0.642153	0.699654	0.596528	0.509535	0.614497	0.624615	0.700105	
3510.000000	0.543777	0.688687	0.726277	0.700920	0.492426	0.630417	0.688687	0.700105	
3520.000000	0.735386	0.684802	0.711032	0.650163	0.506827	0.657642	0.684802	0.700105	
3530.000000	0.759626	0.588474	0.584057	0.680834	0.524397	0.627477	0.588474	0.700105	
3540.000000	0.679237	0.599253	0.646367	0.632027	0.566136	0.624604	0.632027	0.700105	
3550.000000	0.756048	0.607984	0.651416	0.650952	0.537617	0.640804	0.650952	0.700105	
3560.000000	0.776710	0.582225	0.697983	0.658445	0.548477	0.652768	0.658445	0.700105	
3570.000000	0.777801	0.631045	0.685169	0.661586	0.613501	0.673820	0.661586	0.700105	
3580.000000	0.748367	0.634105	0.711308	0.617869	0.565454	0.655420	0.634105	0.700105	
3590.000000	0.728998	0.654458	0.715649	0.637254	0.545420	0.656356	0.654458	0.700105	
3600.000000	0.667271	0.614512	0.751361	0.613351	0.545349	0.638369	0.614512	0.700105	
3610.000000	0.722705	0.619630	0.603921	0.586740	0.535960	0.613791	0.603921	0.700105	
3620.000000	0.736837	0.662325	0.663473	0.663127	0.479531	0.641059	0.663127	0.700105	
3630.000000	0.755129	0.692187	0.691276	0.660772	0.580537	0.675980	0.691276	0.700105	
3640.000000	0.694471	0.644990	0.733365	0.644003	0.554227	0.654211	0.644990	0.700105	
3650.000000	0.487209	0.663629	0.697888	0.556684	0.539295	0.588941	0.556684	0.700105	
3660.000000	0.724772	0.475334	0.733168	0.658498	0.585227	0.635400	0.658498	0.700105	
3670.000000	0.751706	0.651374	0.724731	0.669695	0.515321	0.662565	0.669695	0.700105	
3680.000000	0.736981	0.569616	0.753025	0.650795	0.534795	0.649042	0.650795	0.700105	
3690.000000	0.728417	0.684600	0.614705	0.655761	0.514488	0.639594	0.655761	0.700105	
3700.000000	0.670432	0.644205	0.681200	0.503854	0.565855	0.613109	0.644205	0.700105	
3710.000000	0.783524	0.702532	0.703647	0.540629	0.505897	0.647246	0.702532	0.700105	
3720.000000	0.774123	0.737743	0.739890	0.643317	0.590561	0.697127	0.737743	0.700105	
3730.000000	0.789009	0.661782	0.690570	0.575055	0.557866	0.654856	0.661782	0.700105	
3740.000000	0.805326	0.659357	0.727779	0.664297	0.472156	0.665783	0.664297	0.700105	
3750.000000	0.682761	0.591358	0.543829	0.691238	0.440316	0.589900	0.591358	0.700105	
3760.000000	0.746718	0.731394	0.571096	0.646690	0.509748	0.641129	0.646690	0.700105	
3770.000000	0.784410	0.654207	0.699219	0.641842	0.575540	0.671044	0.654207	0.700105	
3780.000000	0.769357	0.640120	0.738712	0.630533	0.568431	0.669431	0.640120	0.700105	
3790.000000	0.719301	0.729510	0.515303	0.669074	0.512935	0.629225	0.669074	0.700105	
3800.000000	0.666328	0.717970	0.718822	0.636751	0.575011	0.662976	0.666328	0.700105	
3810.000000	0.637637	0.723781	0.742875	0.636511	0.488512	0.645863	0.637637	0.700105	
3820.000000	0.658629	0.731814	0.705978	0.645388	0.480160	0.644394	0.658629	0.700105	
3830.000000	0.769996	0.695218	0.654239	0.617900	0.507627	0.648996	0.654239	0.700105	
3840.000000	0.739714	0.664305	0.693408	0.560022	0.602145	0.651919	0.664305	0.700105	
3850.000000	0.685857	0.692314	0.650847	0.641016	0.392261	0.612459	0.650847	0.700105	
3860.000000	0.735711	0.623901	0.630495	0.706031	0.546950	0.648617	0.630495	0.700105	
3870.000000	0.704741	0.616974	0.521439	0.615652	0.538099	0.599381	0.615652	0.700105	
3880.000000	0.718196	0.744567	0.740376	0.652963	0.497237	0.670668	0.718196	0.700105	
3890.000000	0.754243	0.596817	0.745677	0.646600	0.499892	0.648646	0.646600	0.700105	
3900.000000	0.766469	0.704045	0.754692	0.657074	0.493071	0.675070	0.704045	0.700105	
3910.000000	0.604261	0.597118	0.757638	0.674584	0.471326	0.620986	0.604261	0.700105	
3920.000000	0.655568	0.631796	0.742144	0.685555	0.494685	0.641950	0.655568	0.700105	
3930.000000	0.747887	0.489782	0.697268	0.578468	0.500309	0.602743	0.578468	0.700105	
3940.000000	0.714261	0.594156	0.648724	0.721204	0.513797	0.638429	0.648724	0.700105	
3950.000000	0.649626	0.423332	0.727168	0.713731	0.477440	0.598260	0.649626	0.700105	
3960.000000	0.592535	0.571956	0.627148	0.692669	0.501029	0.597068	0.592535	0.700105	
3970.000000	0.690119	0.566760	0.578368	0.626952	0.537540	0.599948	0.578368	0.700105	
3980.000000	0.821185	0.648450	0.722362	0.675735	0.503447	0.674236	0.675735	0.700105	
3990.000000	0.699001	0.526473	0.617214	0.727960	0.627870	0.639704	0.627870	0.700105	
4000.000000	0.682177	0.664709	0.638663	0.674042	0.472298	0.626378	0.664709	0.700105	
4010.000000	0.643402	0.265503	0.245383	0.673196	0.586415	0.482780	0.586415	0.700105	
4020.000000	0.701942	0.641379	0.636489	0.636193	0.595904	0.642382	0.636489	0.700105	
4030.000000	0.598027	0.610298	0.462060	0.681367	0.477590	0.565869	0.598027	0.700105	
4040.000000	0.569927	0.771322	0.655412	0.702562	0.538184	0.647481	0.655412	0.700105	
4050.000000	0.666462	0.709969	0.708294	0.672099	0.561115	0.663588	0.672099	0.700105	
4060.000000	0.690671	0.697310	0.647618	0.561955	0.456095	0.610730	0.647618	0.700105	
4070.000000	0.717188	0.667540	0.722085	0.676871	0.555167	0.667770	0.676871	0.700105	
4080.000000	0.731689	0.540924	0.742872	0.566070	0.521600	0.620631	0.566070	0.700105	
4090.000000	0.682634	0.649495	0.631221	0.651134	0.485272	0.619951	0.649495	0.700105	
4100.000000	0.621267	0.692624	0.746663	0.622483	0.531243	0.642856	0.622483	0.700105	
4110.000000	0.680031	0.736456	0.750405	0.682043	0.516547	0.673096	0.682043	0.700105	
4120.000000	0.715475	0.766215	0.673801	0.641525	0.461326	0.651668	0.673801	0.700105	
4130.000000	0.601837	0.477196	0.766594	0.548175	0.525053	0.583771	0.548175	0.700105	
4140.000000	0.730073	0.629456	0.648459	0.585945	0.551832	0.629153	0.629456	0.700105	
4150.000000	0.609164	0.606655	0.681642	0.631235	0.571186	0.619976	0.609164	0.700105	
4160.000000	0.653707	0.712950	0.727303	0.641031	0.513337	0.649665	0.653707	0.700105	
4170.000000	0.673149	0.717732	0.667958	0.651868	0.484697	0.639081	0.667958	0.700105	
4180.000000	0.651591	0.698612	0.689087	0.529266	0.495441	0.612800	0.651591	0.700105	
4190.000000	0.549882	0.697557	0.754724	0.576595	0.460764	0.607905	0.576595	0.700105	
4200.000000	0.654557	0.580513	0.743928	0.512838	0.455487	0.589465	0.580513	0.700105	
4210.000000	0.710980	0.560046	0.595704	0.501921	0.463237	0.566377	0.560046	0.700105	
4220.000000	0.715246	0.559863	0.749919	0.662361	0.524823	0.642443	0.662361	0.700105	
4230.000000	0.479729	0.637574	0.729911	0.614989	0.474743	0.587389	0.614989	0.700105	
4240.000000	0.636590	0.597543	0.641611	0.641234	0.516597	0.606715	0.636590	0.700105	
4250.000000	0.666649	0.578094	0.602683	0.657454	0.534602	0.607896	0.602683	0.700105	
4260.000000	0.613911	0.564592	0.603274	0.666494	0.414170	0.572488	0.603274	0.700105	
4270.000000	0.715663	0.581687	0.699410	0.572967	0.498593	0.613664	0.581687	0.700105	
4280.000000	0.723224	0.500857	0.728588	0.680686	0.515144	0.629700	0.680686	0.700105	
4290.000000	0.765531	0.570358	0.724081	0.683559	0.487783	0.646262	0.683559	0.700105	
4300.000000	0.757063	0.576402	0.676805	0.616098	0.425110	0.610296	0.616098	0.700105	
4310.000000	0.723851	0.672660	0.697417	0.680245	0.398405	0.634515	0.680245	0.700105	
4320.000000	0.597923	0.727715	0.767526	0.627933	0.400035	0.624227	0.627933	0.700105	
4330.000000	0.758722	0.663857	0.713822	0.614746	0.438566	0.637943	0.663857	0.700105	
4340.000000	0.667084	0.707890	0.737608	0.713193	0.388608	0.642877	0.707890	0.700105	
4350.000000	0.756170	0.667782	0.745723	0.649606	0.554585	0.674773	0.667782	0.700105	
4360.000000	0.778185	0.710911	0.756898	0.623387	0.476958	0.669268	0.710911	0.700105	
4370.000000	0.607981	0.762017	0.721299	0.634316	0.506092	0.646341	0.634316	0.700105	
4380.000000	0.818525	0.658809	0.736734	0.680441	0.487556	0.676413	0.680441	0.700105	
4390.000000	0.806761	0.646744	0.753249	0.627190	0.515055	0.669800	0.646744	0.700105	
4400.000000	0.819712	0.731429	0.725309	0.629409	0.561658	0.693504	0.725309	0.700105	
4410.000000	0.805008	0.786673	0.550341	0.600157	0.476840	0.643804	0.600157	0.700105	
4420.000000	0.677107	0.696256	0.781789	0.647748	0.573351	0.675250	0.677107	0.700105	
4430.000000	0.795884	0.664603	0.759407	0.617421	0.509473	0.669358	0.664603	0.700105	
4440.000000	0.738090	0.470168	0.754060	0.622139	0.468910	0.610674	0.622139	0.700105	
4450.000000	0.776437	0.628721	0.750020	0.645195	0.486944	0.657463	0.645195	0.700105	
4460.000000	0.745125	0.771855	0.715153	0.621320	0.563686	0.683428	0.715153	0.700105	
4470.000000	0.785597	0.691011	0.718104	0.650928	0.433396	0.655807	0.691011	0.700105	
4480.000000	0.746819	0.790261	0.635158	0.665421	0.601330	0.687798	0.665421	0.700105	
4490.000000	0.763712	0.719708	0.730107	0.583223	0.566768	0.672703	0.719708	0.700105	
4500.000000	0.723059	0.711277	0.762875	0.654395	0.556460	0.681613	0.711277	0.700105	
4510.000000	0.766148	0.615132	0.747445	0.681825	0.533033	0.668717	0.681825	0.700105	
4520.000000	0.746593	0.720668	0.767731	0.678458	0.505962	0.683882	0.720668	0.700105	
4530.000000	0.715084	0.679710	0.648866	0.638432	0.559065	0.648231	0.648866	0.700105	
4540.000000	0.749326	0.777443	0.685841	0.653043	0.387370	0.650605	0.685841	0.700105	
4550.000000	0.426023	0.687116	0.706965	0.729168	0.549121	0.619679	0.687116	0.700105	
4560.000000	0.728664	0.606206	0.689559	0.697256	0.535621	0.651461	0.689559	0.700105	
4570.000000	0.700559	0.613683	0.657765	0.651052	0.475302	0.619672	0.651052	0.700105	
4580.000000	0.770858	0.702295	0.755799	0.606598	0.506422	0.668394	0.702295	0.700105	
4590.000000	0.791784	0.705828	0.682372	0.658447	0.495745	0.666835	0.682372	0.700105	
4600.000000	0.710579	0.586811	0.754685	0.681762	0.518399	0.650447	0.681762	0.700105	
4610.000000	0.773313	0.729371	0.676940	0.455052	0.468125	0.620560	0.676940	0.700105	
4620.000000	0.736279	0.599479	0.698526	0.665004	0.628708	0.665599	0.665004	0.700105	
4630.000000	0.572259	0.583170	0.726963	0.586912	0.381103	0.570081	0.583170	0.700105	
4640.000000	0.745811	0.631502	0.639884	0.637710	0.550958	0.641173	0.637710	0.700105	
4650.000000	0.584275	0.604421	0.582677	0.607279	0.437692	0.563269	0.584275	0.700105	
4660.000000	0.585055	0.496975	0.589724	0.616384	0.435559	0.544739	0.585055	0.700105	
4670.000000	0.609119	0.548699	0.685194	0.605658	0.530833	0.595900	0.605658	0.700105	
4680.000000	0.631150	0.649562	0.650317	0.497149	0.539179	0.593472	0.631150	0.700105	
4690.000000	0.647928	0.544028	0.648654	0.646835	0.576145	0.612718	0.646835	0.700105	
4700.000000	0.621425	0.466400	0.715190	0.681602	0.465466	0.590017	0.621425	0.700105	
4710.000000	0.623114	0.663258	0.744285	0.700089	0.535051	0.653159	0.663258	0.700105	
4720.000000	0.706758	0.629289	0.684275	0.621173	0.400165	0.608332	0.629289	0.700105	
4730.000000	0.713701	0.635263	0.665349	0.666661	0.491289	0.634452	0.665349	0.700105	
4740.000000	0.699487	0.482272	0.621266	0.636833	0.481269	0.584226	0.621266	0.700105	
4750.000000	0.622143	0.538680	0.711274	0.649586	0.505185	0.605374	0.622143	0.700105	
4760.000000	0.585340	0.592876	0.636714	0.657686	0.542248	0.602973	0.592876	0.700105	
4770.000000	0.506218	0.517978	0.667335	0.626541	0.411678	0.545950	0.517978	0.700105	
4780.000000	0.628472	0.551120	0.538753	0.619480	0.501871	0.567939	0.551120	0.700105	
4790.000000	0.607543	0.563969	0.581202	0.589785	0.500631	0.568626	0.581202	0.700105	
4800.000000	0.602428	0.582829	0.512254	0.632759	0.571417	0.580337	0.582829	0.700105	
4810.000000	0.506114	0.427159	0.560937	0.566538	0.575840	0.527317	0.560937	0.700105	
4820.000000	0.632387	0.445622	0.387830	0.625751	0.483444	0.515007	0.483444	0.700105	
4830.000000	0.589039	0.694116	0.752289	0.597357	0.481235	0.622807	0.597357	0.700105	
4840.000000	0.685041	0.600834	0.650852	0.670810	0.567515	0.635010	0.650852	0.700105	
4850.000000	0.602313	0.519748	0.670144	0.643688	0.396851	0.566549	0.602313	0.700105	
4860.000000	0.724369	0.601849	0.529710	0.647881	0.520661	0.604894	0.601849	0.700105	
4870.000000	0.602430	0.610594	0.716018	0.651805	0.560896	0.628349	0.610594	0.700105	
4880.000000	0.652590	0.474248	0.702236	0.638995	0.548932	0.603400	0.638995	0.700105	
4890.000000	0.665233	0.519482	0.636255	0.628910	0.594867	0.608949	0.628910	0.700105	
4900.000000	0.734735	0.492582	0.696699	0.627282	0.450052	0.600270	0.627282	0.700105	
4910.000000	0.655394	0.549650	0.705451	0.652805	0.361554	0.584971	0.652805	0.700105	
4920.000000	0.689818	0.505412	0.675474	0.691601	0.435421	0.599545	0.675474	0.700105	
4930.000000	0.648217	0.443594	0.654079	0.624424	0.486315	0.571326	0.624424	0.700105	
4940.000000	0.559353	0.429083	0.540138	0.655405	0.547715	0.546339	0.547715	0.700105	
4950.000000	0.678509	0.483259	0.707764	0.668136	0.446396	0.596813	0.668136	0.700105	
4960.000000	0.694374	0.602422	0.694730	0.642361	0.508389	0.628455	0.642361	0.700105	
4970.000000	0.737857	0.543691	0.663747	0.633815	0.447539	0.605330	0.633815	0.700105	
4980.000000	0.741740	0.593559	0.659221	0.599455	0.436162	0.606027	0.599455	0.700105	
4990.000000	0.734881	0.677842	0.685135	0.626618	0.483175	0.641530	0.677842	0.700105	
5000.000000	0.718978	0.543526	0.745930	0.617360	0.491041	0.623367	0.617360	0.700105	
