Epoch	AUC-12	AUC-13	AUC-14	AUC-15	AUC-16	AUC-Avg	AUC-Mid	AUC-Best	
1.000000	0.365678	0.442220	0.280328	0.523442	0.476517	0.417637	0.442220	0.417637	
10.000000	0.485527	0.378394	0.388155	0.597380	0.613386	0.492568	0.485527	0.492568	
20.000000	0.539294	0.340085	0.521281	0.550684	0.583582	0.506985	0.539294	0.506985	
30.000000	0.540575	0.373304	0.494343	0.596308	0.610184	0.522943	0.540575	0.522943	
40.000000	0.568475	0.424737	0.508107	0.552893	0.623815	0.535605	0.552893	0.535605	
50.000000	0.516405	0.377631	0.465141	0.615420	0.630079	0.520935	0.516405	0.535605	
60.000000	0.583856	0.349948	0.463607	0.629380	0.634834	0.532325	0.583856	0.535605	
70.000000	0.557242	0.389014	0.509417	0.606237	0.651820	0.542746	0.557242	0.542746	
80.000000	0.617540	0.426520	0.553411	0.634614	0.613607	0.569138	0.613607	0.569138	
90.000000	0.618843	0.491602	0.494504	0.680318	0.613699	0.579793	0.613699	0.579793	
100.000000	0.568122	0.444705	0.529231	0.631649	0.634054	0.561552	0.568122	0.579793	
110.000000	0.617143	0.487937	0.548739	0.626021	0.639763	0.583920	0.617143	0.583920	
120.000000	0.638105	0.544907	0.586390	0.630581	0.597656	0.599528	0.597656	0.599528	
130.000000	0.708953	0.488346	0.665684	0.629564	0.641781	0.626865	0.641781	0.626865	
140.000000	0.665122	0.541610	0.599832	0.611009	0.614174	0.606349	0.611009	0.626865	
150.000000	0.687400	0.537400	0.626933	0.642174	0.561540	0.611090	0.626933	0.626865	
160.000000	0.639995	0.525451	0.610980	0.640280	0.608827	0.605107	0.610980	0.626865	
170.000000	0.595811	0.544720	0.639005	0.658934	0.605804	0.608855	0.605804	0.626865	
180.000000	0.627638	0.482315	0.595142	0.634563	0.626225	0.593176	0.626225	0.626865	
190.000000	0.582607	0.474453	0.552283	0.641033	0.624674	0.575010	0.582607	0.626865	
200.000000	0.529165	0.461326	0.542051	0.647639	0.611190	0.558274	0.542051	0.626865	
210.000000	0.620014	0.441999	0.503571	0.620715	0.618915	0.561043	0.618915	0.626865	
220.000000	0.557859	0.442716	0.631022	0.658201	0.625808	0.583121	0.625808	0.626865	
230.000000	0.555484	0.430715	0.553449	0.624766	0.600104	0.552904	0.555484	0.626865	
240.000000	0.548501	0.484556	0.531342	0.593262	0.635812	0.558694	0.548501	0.626865	
250.000000	0.537543	0.437581	0.530245	0.625218	0.621162	0.550350	0.537543	0.626865	
260.000000	0.566599	0.465975	0.552957	0.613111	0.600955	0.559919	0.566599	0.626865	
270.000000	0.561351	0.428021	0.611930	0.605256	0.602003	0.561712	0.602003	0.626865	
280.000000	0.653978	0.441867	0.554374	0.608112	0.616218	0.574910	0.608112	0.626865	
290.000000	0.615299	0.435688	0.580520	0.616529	0.610807	0.571769	0.610807	0.626865	
300.000000	0.522107	0.419135	0.572512	0.572913	0.597493	0.536832	0.572512	0.626865	
310.000000	0.573748	0.386836	0.505257	0.604791	0.590464	0.532219	0.573748	0.626865	
320.000000	0.524048	0.417402	0.577525	0.579575	0.586060	0.536922	0.577525	0.626865	
330.000000	0.594314	0.416457	0.512971	0.593439	0.569036	0.537243	0.569036	0.626865	
340.000000	0.601806	0.455053	0.583078	0.609589	0.530670	0.556039	0.583078	0.626865	
350.000000	0.663345	0.526214	0.635402	0.633742	0.549400	0.601621	0.633742	0.626865	
360.000000	0.667811	0.557261	0.653984	0.641014	0.518591	0.607732	0.641014	0.626865	
370.000000	0.643757	0.509067	0.624107	0.634168	0.512196	0.584659	0.624107	0.626865	
380.000000	0.635964	0.503502	0.630194	0.633805	0.479696	0.576632	0.630194	0.626865	
390.000000	0.712490	0.534956	0.634359	0.625993	0.478488	0.597257	0.625993	0.626865	
400.000000	0.669177	0.506485	0.626560	0.640372	0.498008	0.588120	0.626560	0.626865	
410.000000	0.690579	0.578110	0.625898	0.629348	0.481046	0.600996	0.625898	0.626865	
420.000000	0.599126	0.587435	0.683293	0.629304	0.544658	0.608763	0.599126	0.626865	
430.000000	0.675514	0.614608	0.667528	0.642826	0.492568	0.618609	0.642826	0.626865	
440.000000	0.668680	0.541551	0.683681	0.643407	0.455935	0.598651	0.643407	0.626865	
450.000000	0.693418	0.571004	0.743329	0.615495	0.460744	0.616798	0.615495	0.626865	
460.000000	0.698891	0.597652	0.740593	0.634578	0.454426	0.625228	0.634578	0.626865	
470.000000	0.726339	0.598074	0.753454	0.668875	0.444697	0.638288	0.668875	0.638288	
480.000000	0.683534	0.568768	0.732589	0.634108	0.495001	0.622800	0.634108	0.638288	
490.000000	0.708711	0.618771	0.754250	0.643727	0.457132	0.636518	0.643727	0.638288	
500.000000	0.703490	0.601024	0.710668	0.656354	0.460280	0.626363	0.656354	0.638288	
510.000000	0.670548	0.574950	0.734088	0.653707	0.462244	0.619107	0.653707	0.638288	
520.000000	0.714462	0.596972	0.717661	0.656564	0.459480	0.629028	0.656564	0.638288	
530.000000	0.726284	0.629471	0.709877	0.686175	0.451434	0.640648	0.686175	0.640648	
540.000000	0.700184	0.545960	0.739003	0.664079	0.461628	0.622171	0.664079	0.640648	
550.000000	0.661855	0.614169	0.746671	0.667244	0.459793	0.629946	0.661855	0.640648	
560.000000	0.711807	0.593709	0.691977	0.677508	0.455126	0.626025	0.677508	0.640648	
570.000000	0.718667	0.564526	0.695990	0.669391	0.467171	0.623149	0.669391	0.640648	
580.000000	0.739245	0.616863	0.722075	0.657036	0.464152	0.639874	0.657036	0.640648	
590.000000	0.672404	0.607183	0.695594	0.622067	0.450988	0.609647	0.622067	0.640648	
600.000000	0.739794	0.622106	0.725996	0.644902	0.426185	0.631796	0.644902	0.640648	
610.000000	0.713717	0.633207	0.703943	0.638533	0.437283	0.625337	0.638533	0.640648	
620.000000	0.701478	0.626818	0.686598	0.649940	0.434529	0.619872	0.649940	0.640648	
630.000000	0.723108	0.592775	0.668219	0.643867	0.414312	0.608456	0.643867	0.640648	
640.000000	0.693328	0.625752	0.721081	0.634156	0.426554	0.620174	0.634156	0.640648	
650.000000	0.734653	0.586886	0.710057	0.661819	0.408449	0.620373	0.661819	0.640648	
660.000000	0.723803	0.576506	0.692817	0.652386	0.440570	0.617217	0.652386	0.640648	
670.000000	0.703127	0.592970	0.688784	0.662037	0.416811	0.612746	0.662037	0.640648	
680.000000	0.710282	0.610777	0.702998	0.676876	0.439635	0.628114	0.676876	0.640648	
690.000000	0.701504	0.607867	0.695524	0.675376	0.445025	0.625059	0.675376	0.640648	
700.000000	0.716992	0.575334	0.702405	0.645761	0.448457	0.617790	0.645761	0.640648	
710.000000	0.716749	0.577490	0.712012	0.658144	0.464926	0.625864	0.658144	0.640648	
720.000000	0.707610	0.593176	0.685272	0.671995	0.554626	0.642536	0.671995	0.642536	
730.000000	0.663847	0.556474	0.722576	0.646309	0.484518	0.614745	0.646309	0.642536	
740.000000	0.526109	0.591985	0.698386	0.688166	0.442665	0.589463	0.591985	0.642536	
750.000000	0.523636	0.580998	0.533477	0.666344	0.435539	0.547999	0.533477	0.642536	
760.000000	0.666858	0.591960	0.633665	0.632032	0.449119	0.594727	0.632032	0.642536	
770.000000	0.481402	0.461341	0.622432	0.656909	0.456702	0.535757	0.481402	0.642536	
780.000000	0.673651	0.375338	0.651983	0.691720	0.453369	0.569212	0.651983	0.642536	
790.000000	0.701381	0.564961	0.725385	0.685356	0.442209	0.623858	0.685356	0.642536	
800.000000	0.737393	0.572341	0.690334	0.675795	0.457448	0.626662	0.675795	0.642536	
810.000000	0.747104	0.616262	0.690416	0.668943	0.445291	0.633603	0.668943	0.642536	
820.000000	0.726572	0.576231	0.684470	0.669304	0.433575	0.618030	0.669304	0.642536	
830.000000	0.733776	0.629125	0.719559	0.678663	0.447311	0.641687	0.678663	0.642536	
840.000000	0.713472	0.618442	0.723932	0.661191	0.453496	0.634107	0.661191	0.642536	
850.000000	0.757843	0.629461	0.700228	0.675645	0.443126	0.641261	0.675645	0.642536	
860.000000	0.742150	0.650228	0.705873	0.688331	0.447920	0.646900	0.688331	0.646900	
870.000000	0.705386	0.605095	0.696987	0.677725	0.448747	0.626788	0.677725	0.646900	
880.000000	0.715397	0.638596	0.664353	0.660063	0.433412	0.622364	0.660063	0.646900	
890.000000	0.731696	0.634452	0.704332	0.652382	0.480088	0.640590	0.652382	0.646900	
900.000000	0.703285	0.652135	0.703653	0.684615	0.448304	0.638398	0.684615	0.646900	
910.000000	0.681737	0.620542	0.696281	0.656165	0.451555	0.621256	0.656165	0.646900	
920.000000	0.698052	0.656749	0.715268	0.660923	0.450262	0.636251	0.660923	0.646900	
930.000000	0.715359	0.663915	0.699512	0.662974	0.463340	0.641020	0.663915	0.646900	
940.000000	0.652510	0.654656	0.665076	0.660564	0.460558	0.618673	0.654656	0.646900	
950.000000	0.645897	0.668482	0.716621	0.684361	0.459571	0.634986	0.668482	0.646900	
960.000000	0.668701	0.648560	0.680091	0.700583	0.498796	0.639346	0.668701	0.646900	
970.000000	0.678325	0.596051	0.713172	0.700256	0.469814	0.631524	0.678325	0.646900	
980.000000	0.634298	0.673931	0.693543	0.665089	0.463966	0.626165	0.665089	0.646900	
990.000000	0.682072	0.649394	0.669976	0.667234	0.503930	0.634521	0.667234	0.646900	
1000.000000	0.654454	0.637445	0.698460	0.672661	0.479233	0.628450	0.654454	0.646900	
1010.000000	0.696365	0.627502	0.712593	0.689799	0.468297	0.638911	0.689799	0.646900	
1020.000000	0.665487	0.605435	0.686302	0.697906	0.500570	0.631140	0.665487	0.646900	
1030.000000	0.692266	0.625341	0.713688	0.673189	0.468175	0.634532	0.673189	0.646900	
1040.000000	0.680361	0.649789	0.725353	0.664864	0.452347	0.634543	0.664864	0.646900	
1050.000000	0.651245	0.654125	0.715348	0.664353	0.461107	0.629236	0.654125	0.646900	
1060.000000	0.675774	0.600721	0.691642	0.695748	0.452787	0.623334	0.675774	0.646900	
1070.000000	0.642544	0.610951	0.697001	0.704478	0.449831	0.620961	0.642544	0.646900	
1080.000000	0.693733	0.619520	0.706066	0.661978	0.462021	0.628664	0.661978	0.646900	
1090.000000	0.686376	0.637621	0.722576	0.661577	0.472056	0.636041	0.661577	0.646900	
1100.000000	0.676101	0.633759	0.756871	0.642501	0.455549	0.632956	0.642501	0.646900	
1110.000000	0.694186	0.629402	0.731998	0.649131	0.509854	0.642914	0.649131	0.646900	
1120.000000	0.714412	0.636606	0.723033	0.660743	0.491150	0.645189	0.660743	0.646900	
1130.000000	0.708475	0.636515	0.702602	0.682385	0.489788	0.643953	0.682385	0.646900	
1140.000000	0.709237	0.657420	0.711320	0.671675	0.495751	0.649081	0.671675	0.649081	
1150.000000	0.726115	0.657864	0.682976	0.654552	0.557662	0.655834	0.657864	0.655834	
1160.000000	0.703002	0.652147	0.669121	0.632621	0.506691	0.632716	0.652147	0.655834	
1170.000000	0.721711	0.624664	0.677563	0.634265	0.476882	0.627017	0.634265	0.655834	
1180.000000	0.710902	0.646284	0.693157	0.628670	0.490159	0.633834	0.646284	0.655834	
1190.000000	0.686746	0.636750	0.670638	0.633279	0.485447	0.622572	0.636750	0.655834	
1200.000000	0.713444	0.664871	0.718692	0.641767	0.495398	0.646835	0.664871	0.655834	
1210.000000	0.703996	0.626811	0.712317	0.676953	0.470230	0.638062	0.676953	0.655834	
1220.000000	0.745048	0.665609	0.732137	0.666780	0.455687	0.653052	0.666780	0.655834	
1230.000000	0.724157	0.647888	0.716140	0.653053	0.454680	0.639184	0.653053	0.655834	
1240.000000	0.734839	0.650395	0.739961	0.659520	0.471320	0.651207	0.659520	0.655834	
1250.000000	0.771923	0.674295	0.748507	0.698679	0.453546	0.669390	0.698679	0.669390	
1260.000000	0.772373	0.673167	0.754509	0.659719	0.461863	0.664326	0.673167	0.669390	
1270.000000	0.757525	0.672684	0.748670	0.658931	0.427251	0.653012	0.672684	0.669390	
1280.000000	0.755789	0.662586	0.747220	0.661107	0.454761	0.656293	0.662586	0.669390	
1290.000000	0.777763	0.643573	0.750293	0.660436	0.468089	0.660031	0.660436	0.669390	
1300.000000	0.760576	0.654760	0.745022	0.660969	0.452722	0.654810	0.660969	0.669390	
1310.000000	0.734497	0.621091	0.711379	0.653556	0.482523	0.640609	0.653556	0.669390	
1320.000000	0.783126	0.657197	0.711069	0.678009	0.503410	0.666562	0.678009	0.669390	
1330.000000	0.744968	0.650409	0.733676	0.658154	0.482886	0.654018	0.658154	0.669390	
1340.000000	0.762991	0.640562	0.740068	0.660787	0.508378	0.662557	0.660787	0.669390	
1350.000000	0.744320	0.632860	0.723986	0.646144	0.485627	0.646587	0.646144	0.669390	
1360.000000	0.738618	0.632684	0.727794	0.651524	0.476684	0.645461	0.651524	0.669390	
1370.000000	0.737457	0.626701	0.726426	0.626267	0.445282	0.632426	0.626701	0.669390	
1380.000000	0.727074	0.593437	0.687622	0.641300	0.440252	0.617937	0.641300	0.669390	
1390.000000	0.755332	0.617286	0.729364	0.618063	0.431637	0.630336	0.618063	0.669390	
1400.000000	0.742305	0.606213	0.696574	0.607196	0.444833	0.619424	0.607196	0.669390	
1410.000000	0.741952	0.605584	0.699730	0.608361	0.417189	0.614563	0.608361	0.669390	
1420.000000	0.731899	0.585079	0.676810	0.602027	0.466606	0.612484	0.602027	0.669390	
1430.000000	0.731781	0.605807	0.673671	0.619940	0.455129	0.617266	0.619940	0.669390	
1440.000000	0.704128	0.577112	0.666612	0.618719	0.453782	0.604071	0.618719	0.669390	
1450.000000	0.692381	0.563162	0.634410	0.628282	0.470667	0.597781	0.628282	0.669390	
1460.000000	0.692190	0.583787	0.663339	0.640021	0.471630	0.610194	0.640021	0.669390	
1470.000000	0.702983	0.562168	0.665344	0.622587	0.465945	0.603805	0.622587	0.669390	
1480.000000	0.738566	0.602549	0.696987	0.643947	0.525623	0.641534	0.643947	0.669390	
1490.000000	0.746944	0.616377	0.719239	0.606817	0.481120	0.634100	0.616377	0.669390	
1500.000000	0.642641	0.594478	0.540437	0.641284	0.500081	0.583784	0.594478	0.669390	
1510.000000	0.602030	0.547947	0.647164	0.621841	0.529988	0.589794	0.602030	0.669390	
1520.000000	0.336683	0.619705	0.342157	0.636128	0.472959	0.481527	0.472959	0.669390	
1530.000000	0.756500	0.610474	0.697524	0.633127	0.495743	0.638674	0.633127	0.669390	
1540.000000	0.748702	0.601179	0.690142	0.637051	0.499688	0.635353	0.637051	0.669390	
1550.000000	0.755004	0.589998	0.713988	0.638490	0.486330	0.636762	0.638490	0.669390	
1560.000000	0.745627	0.574673	0.705057	0.647275	0.475942	0.629715	0.647275	0.669390	
1570.000000	0.777810	0.601736	0.720033	0.678177	0.495170	0.654585	0.678177	0.669390	
1580.000000	0.767395	0.607409	0.754006	0.692972	0.518405	0.668037	0.692972	0.669390	
1590.000000	0.776213	0.620887	0.726963	0.661211	0.495288	0.656112	0.661211	0.669390	
1600.000000	0.779363	0.621838	0.737183	0.680008	0.491457	0.661970	0.680008	0.669390	
1610.000000	0.794541	0.623952	0.730598	0.665382	0.481117	0.659118	0.665382	0.669390	
1620.000000	0.788149	0.598833	0.717901	0.680584	0.454039	0.647901	0.680584	0.669390	
1630.000000	0.748935	0.572480	0.734250	0.659457	0.480042	0.639033	0.659457	0.669390	
1640.000000	0.807442	0.608135	0.599663	0.667281	0.465363	0.629577	0.608135	0.669390	
1650.000000	0.785866	0.628683	0.754507	0.350436	0.549850	0.613868	0.628683	0.669390	
1660.000000	0.495851	0.610535	0.719093	0.667279	0.506830	0.599918	0.610535	0.669390	
1670.000000	0.803292	0.647501	0.763977	0.674148	0.453534	0.668490	0.674148	0.669390	
1680.000000	0.776284	0.367070	0.691557	0.656669	0.516263	0.601569	0.656669	0.669390	
1690.000000	0.663338	0.577161	0.627404	0.667354	0.608161	0.628684	0.627404	0.669390	
1700.000000	0.247392	0.478866	0.624049	0.665130	0.555376	0.514163	0.555376	0.669390	
1710.000000	0.704873	0.297017	0.587738	0.657316	0.548734	0.559136	0.587738	0.669390	
1720.000000	0.744463	0.596058	0.596770	0.670820	0.485388	0.618700	0.596770	0.669390	
1730.000000	0.742319	0.560413	0.694952	0.649502	0.484874	0.626412	0.649502	0.669390	
1740.000000	0.322827	0.558297	0.590817	0.626912	0.464289	0.512629	0.558297	0.669390	
1750.000000	0.676851	0.534960	0.678584	0.641467	0.483232	0.603019	0.641467	0.669390	
1760.000000	0.726807	0.548525	0.677018	0.644659	0.481578	0.615717	0.644659	0.669390	
1770.000000	0.724187	0.393958	0.671571	0.652195	0.471973	0.582777	0.652195	0.669390	
1780.000000	0.721714	0.515933	0.712305	0.639195	0.481040	0.614037	0.639195	0.669390	
1790.000000	0.730381	0.566182	0.667728	0.664895	0.506381	0.627114	0.664895	0.669390	
1800.000000	0.715897	0.568458	0.661969	0.661441	0.520555	0.625664	0.661441	0.669390	
1810.000000	0.719680	0.546453	0.666062	0.648959	0.508310	0.617893	0.648959	0.669390	
1820.000000	0.720618	0.525430	0.649091	0.630806	0.525599	0.610309	0.630806	0.669390	
1830.000000	0.724856	0.486223	0.593415	0.672998	0.515061	0.598511	0.593415	0.669390	
1840.000000	0.738498	0.556321	0.657638	0.677232	0.539640	0.633866	0.657638	0.669390	
1850.000000	0.688458	0.548703	0.663510	0.668894	0.533636	0.620640	0.663510	0.669390	
1860.000000	0.732992	0.549439	0.646528	0.658382	0.531199	0.623708	0.646528	0.669390	
1870.000000	0.695416	0.476863	0.618054	0.646549	0.524418	0.592260	0.618054	0.669390	
1880.000000	0.693896	0.449393	0.609493	0.635423	0.533237	0.584288	0.609493	0.669390	
1890.000000	0.683885	0.421822	0.610868	0.647564	0.519808	0.576789	0.610868	0.669390	
1900.000000	0.613507	0.420833	0.623538	0.617929	0.528763	0.560914	0.613507	0.669390	
1910.000000	0.709700	0.520149	0.594969	0.629879	0.547913	0.600522	0.594969	0.669390	
1920.000000	0.699529	0.511291	0.633726	0.607506	0.546262	0.599663	0.607506	0.669390	
1930.000000	0.740852	0.537864	0.638216	0.629614	0.560403	0.621390	0.629614	0.669390	
1940.000000	0.725702	0.559443	0.669333	0.629941	0.546652	0.626214	0.629941	0.669390	
1950.000000	0.760447	0.567937	0.635849	0.647326	0.548120	0.631936	0.635849	0.669390	
1960.000000	0.696186	0.524197	0.584016	0.624017	0.540606	0.593804	0.584016	0.669390	
1970.000000	0.685294	0.489272	0.570473	0.639350	0.543433	0.585564	0.570473	0.669390	
1980.000000	0.724974	0.518540	0.601901	0.631392	0.521459	0.599653	0.601901	0.669390	
1990.000000	0.736924	0.510434	0.655288	0.659137	0.556710	0.623699	0.655288	0.669390	
2000.000000	0.706293	0.430325	0.546250	0.622224	0.507648	0.562548	0.546250	0.669390	
2010.000000	0.702526	0.521665	0.585344	0.513778	0.573088	0.579280	0.573088	0.669390	
2020.000000	0.738166	0.537473	0.562574	0.620991	0.590198	0.609880	0.590198	0.669390	
2030.000000	0.702169	0.529938	0.595501	0.620514	0.571260	0.603876	0.595501	0.669390	
2040.000000	0.731164	0.551318	0.591896	0.617537	0.523163	0.603015	0.591896	0.669390	
2050.000000	0.712937	0.516567	0.619581	0.625976	0.544956	0.604004	0.619581	0.669390	
2060.000000	0.763747	0.592699	0.571084	0.638015	0.637049	0.640519	0.637049	0.669390	
2070.000000	0.441780	0.578406	0.612634	0.561817	0.553203	0.549568	0.561817	0.669390	
2080.000000	0.728426	0.457019	0.632307	0.580580	0.555580	0.590782	0.580580	0.669390	
2090.000000	0.629218	0.554764	0.616838	0.621115	0.589631	0.602313	0.616838	0.669390	
2100.000000	0.627904	0.566391	0.597687	0.621362	0.544443	0.591557	0.597687	0.669390	
2110.000000	0.626144	0.509644	0.581742	0.625344	0.591964	0.586967	0.591964	0.669390	
2120.000000	0.650098	0.479531	0.571929	0.652076	0.616198	0.593966	0.616198	0.669390	
2130.000000	0.647833	0.483651	0.587560	0.598100	0.567741	0.576977	0.587560	0.669390	
2140.000000	0.648974	0.520105	0.545408	0.593680	0.541188	0.569871	0.545408	0.669390	
2150.000000	0.693031	0.541819	0.603899	0.546699	0.533119	0.583713	0.546699	0.669390	
2160.000000	0.717430	0.604612	0.593574	0.637177	0.540916	0.618742	0.604612	0.669390	
2170.000000	0.736587	0.637929	0.669248	0.631078	0.563555	0.647679	0.637929	0.669390	
2180.000000	0.732151	0.680701	0.531105	0.626800	0.523792	0.618910	0.626800	0.669390	
2190.000000	0.749333	0.611106	0.648683	0.614465	0.514840	0.627685	0.614465	0.669390	
2200.000000	0.682090	0.601193	0.590269	0.639786	0.541300	0.610928	0.601193	0.669390	
2210.000000	0.736361	0.511632	0.615856	0.655308	0.577421	0.619316	0.615856	0.669390	
2220.000000	0.796769	0.566405	0.645041	0.626499	0.531373	0.633218	0.626499	0.669390	
2230.000000	0.737113	0.556946	0.671324	0.645926	0.522755	0.626813	0.645926	0.669390	
2240.000000	0.785142	0.568040	0.649701	0.623542	0.518248	0.628935	0.623542	0.669390	
2250.000000	0.783950	0.528345	0.405141	0.573744	0.619228	0.582082	0.573744	0.669390	
2260.000000	0.540448	0.472642	0.544308	0.496265	0.524852	0.515703	0.524852	0.669390	
2270.000000	0.696759	0.519983	0.640044	0.595840	0.527593	0.596044	0.595840	0.669390	
2280.000000	0.733550	0.542425	0.599732	0.659414	0.596936	0.626411	0.599732	0.669390	
2290.000000	0.754950	0.523342	0.592538	0.639638	0.633487	0.628791	0.633487	0.669390	
2300.000000	0.549274	0.526776	0.562977	0.546392	0.614047	0.559893	0.549274	0.669390	
2310.000000	0.701980	0.360580	0.610795	0.570028	0.574491	0.563575	0.574491	0.669390	
2320.000000	0.799229	0.656577	0.680902	0.636278	0.532144	0.661026	0.656577	0.669390	
2330.000000	0.764497	0.530591	0.580833	0.627994	0.529513	0.606685	0.580833	0.669390	
2340.000000	0.786528	0.530525	0.671065	0.607530	0.517616	0.622653	0.607530	0.669390	
2350.000000	0.801552	0.666128	0.652269	0.644102	0.514945	0.655799	0.652269	0.669390	
2360.000000	0.805946	0.633715	0.673452	0.644782	0.492783	0.650135	0.644782	0.669390	
2370.000000	0.775403	0.636517	0.557066	0.652277	0.460002	0.616253	0.636517	0.669390	
2380.000000	0.480132	0.716964	0.722420	0.652336	0.491306	0.612632	0.652336	0.669390	
2390.000000	0.769246	0.685481	0.754663	0.555221	0.493025	0.651527	0.685481	0.669390	
2400.000000	0.769868	0.631366	0.706746	0.658881	0.523594	0.658091	0.658881	0.669390	
2410.000000	0.769546	0.646533	0.686561	0.640602	0.516452	0.651939	0.646533	0.669390	
2420.000000	0.776845	0.600385	0.700968	0.640917	0.493486	0.642520	0.640917	0.669390	
2430.000000	0.822971	0.644421	0.758500	0.642726	0.503744	0.674472	0.644421	0.674472	
2440.000000	0.732264	0.653157	0.751720	0.653014	0.542998	0.666631	0.653157	0.674472	
2450.000000	0.662945	0.672139	0.499635	0.567153	0.476019	0.575578	0.567153	0.674472	
2460.000000	0.794029	0.724540	0.740671	0.637143	0.496519	0.678581	0.724540	0.678581	
2470.000000	0.802195	0.628465	0.340801	0.644548	0.520478	0.587297	0.628465	0.678581	
2480.000000	0.709066	0.670960	0.757467	0.613827	0.457424	0.641749	0.670960	0.678581	
2490.000000	0.788337	0.698398	0.768774	0.672755	0.473411	0.680335	0.698398	0.680335	
2500.000000	0.819006	0.560427	0.770936	0.674645	0.518133	0.668629	0.674645	0.680335	
2510.000000	0.739394	0.620800	0.766366	0.642692	0.518783	0.657607	0.642692	0.680335	
2520.000000	0.783130	0.642495	0.478627	0.679167	0.666197	0.649923	0.666197	0.680335	
2530.000000	0.757433	0.664542	0.544691	0.666787	0.495574	0.625806	0.664542	0.680335	
2540.000000	0.783901	0.577431	0.714869	0.687725	0.499854	0.652756	0.687725	0.680335	
2550.000000	0.769166	0.669649	0.726108	0.523838	0.508756	0.639503	0.669649	0.680335	
2560.000000	0.705565	0.626947	0.719918	0.644298	0.527265	0.644799	0.644298	0.680335	
2570.000000	0.755798	0.604003	0.689957	0.655956	0.478001	0.636743	0.655956	0.680335	
2580.000000	0.757586	0.615097	0.685301	0.646447	0.530930	0.647072	0.646447	0.680335	
2590.000000	0.730179	0.486991	0.635458	0.645749	0.473485	0.594373	0.635458	0.680335	
2600.000000	0.790118	0.591218	0.725378	0.675987	0.548577	0.666256	0.675987	0.680335	
2610.000000	0.733206	0.519720	0.537148	0.673284	0.493982	0.591468	0.537148	0.680335	
2620.000000	0.694954	0.508398	0.695040	0.697351	0.463071	0.611763	0.694954	0.680335	
2630.000000	0.792712	0.488133	0.705834	0.674354	0.479159	0.628038	0.674354	0.680335	
2640.000000	0.734530	0.681180	0.689287	0.647593	0.450690	0.640656	0.681180	0.680335	
2650.000000	0.743613	0.504808	0.707444	0.665520	0.466320	0.617541	0.665520	0.680335	
2660.000000	0.683739	0.598375	0.665357	0.660370	0.462345	0.614037	0.660370	0.680335	
2670.000000	0.754542	0.591786	0.687956	0.660554	0.470845	0.633137	0.660554	0.680335	
2680.000000	0.792194	0.559304	0.694805	0.618528	0.484242	0.629815	0.618528	0.680335	
2690.000000	0.814569	0.606561	0.655386	0.497742	0.482697	0.611391	0.606561	0.680335	
2700.000000	0.738526	0.594769	0.664717	0.648382	0.524932	0.634265	0.648382	0.680335	
2710.000000	0.751539	0.549650	0.713042	0.596700	0.489839	0.620154	0.596700	0.680335	
2720.000000	0.700933	0.608541	0.692162	0.614121	0.489906	0.621133	0.614121	0.680335	
2730.000000	0.772516	0.560021	0.714403	0.644177	0.474398	0.633103	0.644177	0.680335	
2740.000000	0.632001	0.553105	0.714677	0.622827	0.500004	0.604523	0.622827	0.680335	
2750.000000	0.304104	0.375529	0.680916	0.631104	0.510064	0.500343	0.510064	0.680335	
2760.000000	0.756915	0.698392	0.679983	0.657432	0.465180	0.651580	0.679983	0.680335	
2770.000000	0.704065	0.487708	0.467703	0.570104	0.475901	0.541096	0.487708	0.680335	
2780.000000	0.800506	0.616114	0.696396	0.627388	0.494301	0.646941	0.627388	0.680335	
2790.000000	0.768401	0.637957	0.641555	0.535307	0.441339	0.604912	0.637957	0.680335	
2800.000000	0.753171	0.633428	0.582350	0.606750	0.517755	0.618691	0.606750	0.680335	
2810.000000	0.746961	0.579181	0.624383	0.621541	0.516568	0.617727	0.621541	0.680335	
2820.000000	0.731418	0.607176	0.641826	0.499671	0.559420	0.607902	0.607176	0.680335	
2830.000000	0.655604	0.726468	0.513879	0.545413	0.591498	0.606572	0.591498	0.680335	
2840.000000	0.751885	0.581415	0.579853	0.703572	0.501077	0.623560	0.581415	0.680335	
2850.000000	0.752092	0.598252	0.643204	0.636227	0.466993	0.619354	0.636227	0.680335	
2860.000000	0.589048	0.576468	0.561968	0.625165	0.483146	0.567159	0.576468	0.680335	
2870.000000	0.594015	0.396521	0.644591	0.580110	0.519737	0.546995	0.580110	0.680335	
2880.000000	0.789117	0.615628	0.620419	0.640805	0.476134	0.628421	0.620419	0.680335	
2890.000000	0.743078	0.631864	0.680064	0.620744	0.470272	0.629204	0.631864	0.680335	
2900.000000	0.737685	0.596192	0.722322	0.638340	0.509680	0.640844	0.638340	0.680335	
2910.000000	0.774156	0.581995	0.719381	0.625254	0.537877	0.647733	0.625254	0.680335	
2920.000000	0.797431	0.562201	0.685237	0.642077	0.480461	0.633482	0.642077	0.680335	
2930.000000	0.814579	0.695154	0.685235	0.645662	0.467959	0.661718	0.685235	0.680335	
2940.000000	0.812496	0.760133	0.670635	0.622210	0.485665	0.670228	0.670635	0.680335	
2950.000000	0.698757	0.601003	0.706789	0.656780	0.569169	0.646500	0.656780	0.680335	
2960.000000	0.611310	0.614827	0.696694	0.645810	0.551301	0.623988	0.614827	0.680335	
2970.000000	0.740746	0.647489	0.605714	0.613104	0.507946	0.623000	0.613104	0.680335	
2980.000000	0.778623	0.596935	0.610902	0.654709	0.480612	0.624356	0.610902	0.680335	
2990.000000	0.782676	0.584342	0.713252	0.631850	0.590582	0.660540	0.631850	0.680335	
3000.000000	0.420093	0.580807	0.638162	0.625807	0.568029	0.566580	0.580807	0.680335	
3010.000000	0.779606	0.545351	0.613237	0.620512	0.517666	0.615274	0.613237	0.680335	
3020.000000	0.723061	0.629682	0.660449	0.621371	0.550881	0.637089	0.629682	0.680335	
3030.000000	0.673224	0.653328	0.667584	0.676406	0.498383	0.633785	0.667584	0.680335	
3040.000000	0.801152	0.556291	0.647137	0.676491	0.480127	0.632239	0.647137	0.680335	
3050.000000	0.729090	0.601771	0.671373	0.664965	0.527752	0.638990	0.664965	0.680335	
3060.000000	0.801436	0.551015	0.697788	0.509980	0.535821	0.619208	0.551015	0.680335	
3070.000000	0.775525	0.691025	0.644706	0.658198	0.542154	0.662321	0.658198	0.680335	
3080.000000	0.711352	0.573427	0.635463	0.619962	0.499195	0.607880	0.619962	0.680335	
3090.000000	0.774288	0.648271	0.776027	0.657030	0.510256	0.673174	0.657030	0.680335	
3100.000000	0.617853	0.581974	0.684131	0.665111	0.605042	0.630822	0.617853	0.680335	
3110.000000	0.777375	0.629021	0.596911	0.663943	0.497426	0.632935	0.629021	0.680335	
3120.000000	0.760503	0.490611	0.626364	0.680827	0.547337	0.621128	0.626364	0.680335	
3130.000000	0.810748	0.280135	0.576793	0.581740	0.583378	0.566559	0.581740	0.680335	
3140.000000	0.826594	0.569398	0.590977	0.673412	0.519276	0.635931	0.590977	0.680335	
3150.000000	0.658803	0.587449	0.686930	0.617176	0.483701	0.606812	0.617176	0.680335	
3160.000000	0.559351	0.489124	0.679617	0.619729	0.519642	0.573493	0.559351	0.680335	
3170.000000	0.780485	0.649678	0.499511	0.526732	0.490181	0.589318	0.526732	0.680335	
3180.000000	0.227121	0.613046	0.738046	0.648336	0.543261	0.553962	0.613046	0.680335	
3190.000000	0.800749	0.635725	0.647877	0.503457	0.506310	0.618824	0.635725	0.680335	
3200.000000	0.857674	0.704747	0.775424	0.629312	0.610332	0.715498	0.704747	0.715498	
3210.000000	0.837522	0.677544	0.697087	0.608972	0.543856	0.672996	0.677544	0.715498	
3220.000000	0.828295	0.635885	0.739641	0.574592	0.494600	0.654603	0.635885	0.715498	
3230.000000	0.808641	0.474272	0.556311	0.631518	0.545225	0.603194	0.556311	0.715498	
3240.000000	0.794991	0.561968	0.713062	0.684077	0.497134	0.650246	0.684077	0.715498	
3250.000000	0.830491	0.629480	0.753664	0.623217	0.550568	0.677484	0.629480	0.715498	
3260.000000	0.772276	0.594236	0.731543	0.667434	0.497881	0.652674	0.667434	0.715498	
3270.000000	0.808575	0.594752	0.680806	0.665956	0.479442	0.645907	0.665956	0.715498	
3280.000000	0.755381	0.538189	0.738121	0.633391	0.589770	0.650970	0.633391	0.715498	
3290.000000	0.751607	0.662726	0.720666	0.696290	0.582835	0.682825	0.696290	0.715498	
3300.000000	0.666045	0.586416	0.706625	0.641554	0.571499	0.634428	0.641554	0.715498	
3310.000000	0.754860	0.717970	0.514531	0.639800	0.517885	0.629009	0.639800	0.715498	
3320.000000	0.743337	0.613539	0.716887	0.649402	0.514863	0.647606	0.649402	0.715498	
3330.000000	0.683025	0.605746	0.692983	0.643339	0.514270	0.627873	0.643339	0.715498	
3340.000000	0.548324	0.639425	0.605106	0.619572	0.536191	0.589723	0.605106	0.715498	
3350.000000	0.732980	0.538906	0.690135	0.645367	0.490317	0.619541	0.645367	0.715498	
3360.000000	0.744225	0.581476	0.482156	0.647215	0.482824	0.587579	0.581476	0.715498	
3370.000000	0.685044	0.538328	0.588842	0.638914	0.474944	0.585215	0.588842	0.715498	
3380.000000	0.692718	0.497388	0.600428	0.652093	0.528887	0.594303	0.600428	0.715498	
3390.000000	0.810274	0.619088	0.634935	0.617673	0.541607	0.644715	0.619088	0.715498	
3400.000000	0.767246	0.586719	0.752120	0.636206	0.507559	0.649970	0.636206	0.715498	
3410.000000	0.773951	0.559365	0.618943	0.615931	0.486297	0.610898	0.615931	0.715498	
3420.000000	0.790679	0.561479	0.758224	0.607155	0.497789	0.643065	0.607155	0.715498	
3430.000000	0.734179	0.562640	0.721980	0.640592	0.535937	0.639066	0.640592	0.715498	
3440.000000	0.702960	0.587209	0.747330	0.625506	0.520147	0.636630	0.625506	0.715498	
3450.000000	0.792557	0.526572	0.733640	0.612126	0.559544	0.644888	0.612126	0.715498	
3460.000000	0.811636	0.661052	0.496382	0.617762	0.463012	0.609969	0.617762	0.715498	
3470.000000	0.768879	0.619804	0.713812	0.573972	0.440885	0.623470	0.619804	0.715498	
3480.000000	0.810067	0.569581	0.728688	0.616740	0.516872	0.648389	0.616740	0.715498	
3490.000000	0.696158	0.560615	0.723035	0.625470	0.505572	0.622170	0.625470	0.715498	
3500.000000	0.738478	0.628298	0.687509	0.620364	0.497686	0.634467	0.628298	0.715498	
3510.000000	0.784516	0.500214	0.663962	0.661916	0.498817	0.621885	0.661916	0.715498	
3520.000000	0.786005	0.680363	0.722706	0.647314	0.520948	0.671467	0.680363	0.715498	
3530.000000	0.676537	0.684328	0.665967	0.601741	0.513667	0.628448	0.665967	0.715498	
3540.000000	0.759945	0.664402	0.713775	0.646486	0.616277	0.680177	0.664402	0.715498	
3550.000000	0.812651	0.619532	0.755181	0.536913	0.498498	0.644555	0.619532	0.715498	
3560.000000	0.693839	0.600500	0.751246	0.597778	0.485523	0.625777	0.600500	0.715498	
3570.000000	0.682557	0.543207	0.651455	0.605028	0.509816	0.598413	0.605028	0.715498	
3580.000000	0.728343	0.583635	0.716552	0.612218	0.506289	0.629408	0.612218	0.715498	
3590.000000	0.781884	0.591891	0.615648	0.602574	0.594051	0.637210	0.602574	0.715498	
3600.000000	0.784318	0.527321	0.702871	0.623660	0.456514	0.618937	0.623660	0.715498	
3610.000000	0.830093	0.601975	0.640410	0.615098	0.501274	0.637770	0.615098	0.715498	
3620.000000	0.791089	0.572113	0.703724	0.613438	0.510337	0.638140	0.613438	0.715498	
3630.000000	0.819135	0.657366	0.644120	0.606184	0.576284	0.660618	0.644120	0.715498	
3640.000000	0.765863	0.344323	0.738935	0.603100	0.519072	0.594258	0.603100	0.715498	
3650.000000	0.585135	0.573713	0.691483	0.644805	0.505959	0.600219	0.585135	0.715498	
3660.000000	0.721732	0.707580	0.573363	0.403409	0.501673	0.581551	0.573363	0.715498	
3670.000000	0.631240	0.627372	0.605311	0.617796	0.488137	0.593971	0.617796	0.715498	
3680.000000	0.805454	0.442719	0.604734	0.597042	0.494006	0.588791	0.597042	0.715498	
3690.000000	0.756606	0.672799	0.690918	0.593920	0.544794	0.651807	0.672799	0.715498	
3700.000000	0.797012	0.618942	0.640529	0.550699	0.593680	0.640172	0.618942	0.715498	
3710.000000	0.728040	0.637442	0.730674	0.575396	0.494857	0.633282	0.637442	0.715498	
3720.000000	0.740701	0.525280	0.733661	0.617749	0.597650	0.643008	0.617749	0.715498	
3730.000000	0.720503	0.648046	0.717344	0.601979	0.488173	0.635209	0.648046	0.715498	
3740.000000	0.721299	0.631431	0.758623	0.570765	0.503073	0.637038	0.631431	0.715498	
3750.000000	0.790694	0.557181	0.692456	0.607974	0.484761	0.626613	0.607974	0.715498	
3760.000000	0.754081	0.561531	0.762284	0.577404	0.638995	0.658859	0.638995	0.715498	
3770.000000	0.812487	0.383701	0.739581	0.604076	0.489806	0.605930	0.604076	0.715498	
3780.000000	0.786537	0.621474	0.712647	0.569373	0.563333	0.650673	0.621474	0.715498	
3790.000000	0.796678	0.631906	0.775189	0.598406	0.544926	0.669421	0.631906	0.715498	
3800.000000	0.835267	0.712082	0.767133	0.611823	0.505740	0.686409	0.712082	0.715498	
3810.000000	0.729172	0.748773	0.449256	0.565085	0.498684	0.598194	0.565085	0.715498	
3820.000000	0.813045	0.642032	0.734022	0.617028	0.471128	0.655451	0.642032	0.715498	
3830.000000	0.801424	0.630161	0.567550	0.547693	0.449396	0.599245	0.567550	0.715498	
3840.000000	0.763453	0.621514	0.643756	0.637957	0.488950	0.631126	0.637957	0.715498	
3850.000000	0.800106	0.413377	0.774493	0.627318	0.489139	0.620886	0.627318	0.715498	
3860.000000	0.713863	0.594236	0.750964	0.602090	0.469232	0.626077	0.602090	0.715498	
3870.000000	0.780093	0.610707	0.715805	0.639505	0.516116	0.652445	0.639505	0.715498	
3880.000000	0.769246	0.641487	0.713980	0.584504	0.525227	0.646889	0.641487	0.715498	
3890.000000	0.809228	0.654688	0.730791	0.594634	0.517581	0.661384	0.654688	0.715498	
3900.000000	0.786926	0.589869	0.708247	0.578676	0.564479	0.645639	0.589869	0.715498	
3910.000000	0.773596	0.627325	0.735322	0.571373	0.539413	0.649406	0.627325	0.715498	
3920.000000	0.758479	0.621366	0.698538	0.602276	0.503238	0.636780	0.621366	0.715498	
3930.000000	0.737313	0.642977	0.716562	0.601177	0.554422	0.650490	0.642977	0.715498	
3940.000000	0.764968	0.615141	0.454393	0.639417	0.528275	0.600439	0.615141	0.715498	
3950.000000	0.756559	0.613861	0.690780	0.608754	0.509467	0.635884	0.613861	0.715498	
3960.000000	0.727381	0.628965	0.693609	0.641181	0.535889	0.645405	0.641181	0.715498	
3970.000000	0.740171	0.635307	0.736516	0.663712	0.446647	0.644471	0.663712	0.715498	
3980.000000	0.709672	0.550575	0.734709	0.664463	0.485080	0.628900	0.664463	0.715498	
3990.000000	0.801432	0.631991	0.647122	0.634626	0.513168	0.645668	0.634626	0.715498	
4000.000000	0.736118	0.502765	0.683738	0.601058	0.485594	0.601855	0.601058	0.715498	
4010.000000	0.758913	0.503803	0.628262	0.642224	0.506984	0.608037	0.628262	0.715498	
4020.000000	0.736684	0.542349	0.714679	0.612603	0.506824	0.622628	0.612603	0.715498	
4030.000000	0.693580	0.574136	0.624110	0.636583	0.488577	0.603397	0.624110	0.715498	
4040.000000	0.642162	0.635267	0.640561	0.642298	0.568195	0.625697	0.640561	0.715498	
4050.000000	0.759660	0.590611	0.710529	0.643143	0.472124	0.635213	0.643143	0.715498	
4060.000000	0.738639	0.635840	0.703391	0.639442	0.525889	0.648640	0.639442	0.715498	
4070.000000	0.658520	0.627690	0.672150	0.555372	0.530874	0.608921	0.627690	0.715498	
4080.000000	0.586249	0.534837	0.585134	0.607556	0.549998	0.572755	0.585134	0.715498	
4090.000000	0.668392	0.581403	0.663564	0.547804	0.526084	0.597449	0.581403	0.715498	
4100.000000	0.711557	0.589251	0.526831	0.659680	0.419800	0.581424	0.589251	0.715498	
4110.000000	0.617829	0.516766	0.638182	0.620296	0.485831	0.575781	0.617829	0.715498	
4120.000000	0.778091	0.544513	0.660454	0.658907	0.529093	0.634212	0.658907	0.715498	
4130.000000	0.758157	0.647900	0.633079	0.616973	0.473145	0.625851	0.633079	0.715498	
4140.000000	0.788966	0.562619	0.690225	0.591941	0.474209	0.621592	0.591941	0.715498	
4150.000000	0.778534	0.514747	0.716342	0.622154	0.440137	0.614383	0.622154	0.715498	
4160.000000	0.750467	0.544816	0.652630	0.589312	0.444757	0.596396	0.589312	0.715498	
4170.000000	0.705283	0.565195	0.692140	0.622178	0.504925	0.617944	0.622178	0.715498	
4180.000000	0.720258	0.545920	0.741873	0.639817	0.437878	0.617149	0.639817	0.715498	
4190.000000	0.779469	0.582874	0.688574	0.508323	0.422552	0.596358	0.582874	0.715498	
4200.000000	0.741540	0.519341	0.575972	0.642685	0.518464	0.599600	0.575972	0.715498	
4210.000000	0.727974	0.424183	0.682282	0.595270	0.518659	0.589673	0.595270	0.715498	
4220.000000	0.724463	0.451811	0.672262	0.686228	0.529217	0.612796	0.672262	0.715498	
4230.000000	0.680271	0.540654	0.613341	0.629178	0.523597	0.597408	0.613341	0.715498	
4240.000000	0.832492	0.604522	0.688792	0.614291	0.503622	0.648744	0.614291	0.715498	
4250.000000	0.774477	0.588306	0.749851	0.648351	0.459810	0.644159	0.648351	0.715498	
4260.000000	0.661140	0.676214	0.699896	0.610592	0.411406	0.611850	0.661140	0.715498	
4270.000000	0.715218	0.628664	0.675606	0.588840	0.509267	0.623519	0.628664	0.715498	
4280.000000	0.754104	0.631091	0.742941	0.579822	0.462625	0.634117	0.631091	0.715498	
4290.000000	0.678342	0.595222	0.736289	0.627059	0.522395	0.631861	0.627059	0.715498	
4300.000000	0.787428	0.563452	0.726734	0.653818	0.456355	0.637557	0.653818	0.715498	
4310.000000	0.741106	0.495246	0.687343	0.620185	0.485388	0.605853	0.620185	0.715498	
4320.000000	0.770596	0.636303	0.736751	0.595930	0.518319	0.651580	0.636303	0.715498	
4330.000000	0.743497	0.564876	0.724921	0.621895	0.495311	0.630100	0.621895	0.715498	
4340.000000	0.669660	0.686536	0.677846	0.530259	0.460023	0.604865	0.669660	0.715498	
4350.000000	0.722819	0.533116	0.722136	0.620790	0.496454	0.619063	0.620790	0.715498	
4360.000000	0.762112	0.556415	0.723495	0.643642	0.522091	0.641551	0.643642	0.715498	
4370.000000	0.759669	0.581342	0.547898	0.580964	0.424555	0.578886	0.580964	0.715498	
4380.000000	0.779698	0.684981	0.638353	0.562444	0.581529	0.649401	0.638353	0.715498	
4390.000000	0.771030	0.610133	0.652090	0.601467	0.515596	0.630063	0.610133	0.715498	
4400.000000	0.535607	0.604606	0.559999	0.629862	0.557769	0.577568	0.559999	0.715498	
4410.000000	0.736064	0.632437	0.739721	0.669844	0.472816	0.650176	0.669844	0.715498	
4420.000000	0.758705	0.535481	0.739973	0.625312	0.500362	0.631967	0.625312	0.715498	
4430.000000	0.787197	0.621801	0.740554	0.670474	0.490317	0.662068	0.670474	0.715498	
4440.000000	0.791120	0.607695	0.741673	0.502490	0.462049	0.621005	0.607695	0.715498	
4450.000000	0.789982	0.575871	0.726480	0.644977	0.475564	0.642575	0.644977	0.715498	
4460.000000	0.785107	0.613805	0.751001	0.648150	0.480246	0.655662	0.648150	0.715498	
4470.000000	0.784702	0.590960	0.707578	0.610045	0.572155	0.653088	0.610045	0.715498	
4480.000000	0.786907	0.632705	0.693933	0.570322	0.526069	0.641987	0.632705	0.715498	
4490.000000	0.802330	0.598999	0.720429	0.539823	0.500211	0.632358	0.598999	0.715498	
4500.000000	0.803437	0.612341	0.751053	0.632105	0.512309	0.662249	0.632105	0.715498	
4510.000000	0.705495	0.592958	0.578757	0.604084	0.529486	0.602156	0.592958	0.715498	
4520.000000	0.760972	0.628068	0.719806	0.636457	0.508366	0.650734	0.636457	0.715498	
4530.000000	0.786287	0.588293	0.717867	0.603849	0.535083	0.646276	0.603849	0.715498	
4540.000000	0.741134	0.557939	0.570506	0.605990	0.603500	0.615814	0.603500	0.715498	
4550.000000	0.776731	0.557768	0.484907	0.622246	0.541976	0.596726	0.557768	0.715498	
4560.000000	0.733734	0.570652	0.735727	0.632858	0.637737	0.662142	0.637737	0.715498	
4570.000000	0.747017	0.544386	0.676058	0.612477	0.477508	0.611489	0.612477	0.715498	
4580.000000	0.771607	0.597548	0.702580	0.580112	0.552774	0.640924	0.597548	0.715498	
4590.000000	0.742162	0.592152	0.720468	0.616527	0.537508	0.641763	0.616527	0.715498	
4600.000000	0.796209	0.605337	0.738102	0.615369	0.534478	0.657899	0.615369	0.715498	
4610.000000	0.772717	0.607425	0.632014	0.629249	0.508135	0.629908	0.629249	0.715498	
4620.000000	0.715562	0.604252	0.722850	0.630530	0.510368	0.636712	0.630530	0.715498	
4630.000000	0.798876	0.680884	0.730744	0.613133	0.420647	0.648857	0.680884	0.715498	
4640.000000	0.756656	0.588001	0.665440	0.668742	0.537263	0.643220	0.665440	0.715498	
4650.000000	0.786827	0.589747	0.643780	0.542908	0.528255	0.618303	0.589747	0.715498	
4660.000000	0.513974	0.619999	0.453360	0.599249	0.525304	0.542377	0.525304	0.715498	
4670.000000	0.524437	0.517131	0.713897	0.654649	0.565179	0.595059	0.565179	0.715498	
4680.000000	0.713420	0.566050	0.690560	0.637431	0.618847	0.645262	0.637431	0.715498	
4690.000000	0.782435	0.586887	0.689283	0.672312	0.587974	0.663778	0.672312	0.715498	
4700.000000	0.815078	0.579533	0.678694	0.665898	0.525706	0.652982	0.665898	0.715498	
4710.000000	0.647671	0.448948	0.504055	0.598934	0.578629	0.555647	0.578629	0.715498	
4720.000000	0.731298	0.504159	0.617104	0.586006	0.558717	0.599457	0.586006	0.715498	
4730.000000	0.769495	0.619814	0.622717	0.576360	0.488270	0.615331	0.619814	0.715498	
4740.000000	0.754375	0.633040	0.753635	0.604243	0.575965	0.664252	0.633040	0.715498	
4750.000000	0.733243	0.658474	0.659338	0.609534	0.579353	0.647988	0.658474	0.715498	
4760.000000	0.741490	0.599063	0.711230	0.594542	0.507858	0.630837	0.599063	0.715498	
4770.000000	0.758054	0.585822	0.581568	0.583063	0.559340	0.613569	0.583063	0.715498	
4780.000000	0.687325	0.658275	0.736174	0.598943	0.489455	0.634035	0.658275	0.715498	
4790.000000	0.793006	0.664740	0.637894	0.621357	0.575011	0.658401	0.637894	0.715498	
4800.000000	0.795372	0.667866	0.753679	0.573580	0.590508	0.676201	0.667866	0.715498	
4810.000000	0.718766	0.623702	0.693521	0.530029	0.561526	0.625509	0.623702	0.715498	
4820.000000	0.793101	0.549305	0.796367	0.594857	0.462194	0.639165	0.594857	0.715498	
4830.000000	0.747189	0.675652	0.696593	0.601838	0.478054	0.639865	0.675652	0.715498	
4840.000000	0.745137	0.579613	0.706481	0.589618	0.468966	0.617963	0.589618	0.715498	
4850.000000	0.745597	0.592119	0.749151	0.632945	0.571262	0.658215	0.632945	0.715498	
4860.000000	0.740300	0.509896	0.672528	0.654494	0.526887	0.620821	0.654494	0.715498	
4870.000000	0.735032	0.496944	0.723583	0.671041	0.548279	0.634976	0.671041	0.715498	
4880.000000	0.799755	0.646756	0.560637	0.608286	0.490240	0.621135	0.608286	0.715498	
4890.000000	0.595452	0.543000	0.611689	0.576377	0.481920	0.561688	0.576377	0.715498	
4900.000000	0.721030	0.571150	0.705895	0.589797	0.501588	0.617892	0.589797	0.715498	
4910.000000	0.798482	0.567709	0.676884	0.663018	0.599383	0.661095	0.663018	0.715498	
4920.000000	0.712068	0.562344	0.718812	0.638170	0.527918	0.631862	0.638170	0.715498	
4930.000000	0.606516	0.535770	0.694109	0.613087	0.587363	0.607369	0.606516	0.715498	
4940.000000	0.642325	0.520969	0.708191	0.669803	0.562645	0.620787	0.642325	0.715498	
4950.000000	0.716198	0.613034	0.744675	0.635937	0.482434	0.638456	0.635937	0.715498	
4960.000000	0.752651	0.573008	0.665420	0.616675	0.437405	0.609032	0.616675	0.715498	
4970.000000	0.758109	0.633426	0.736109	0.467292	0.543196	0.627626	0.633426	0.715498	
4980.000000	0.760070	0.676224	0.759172	0.641869	0.521058	0.671679	0.676224	0.715498	
4990.000000	0.765463	0.609152	0.737508	0.642835	0.548140	0.660620	0.642835	0.715498	
5000.000000	0.719777	0.621267	0.502259	0.650068	0.472883	0.593251	0.621267	0.715498	
