Epoch	AUC-21	AUC-22	AUC-23	AUC-24	AUC-25	AUC-26	AUC-Avg	AUC-Mid	AUC-Best	
1.000000	0.499018	0.408166	0.530810	0.478104	0.528424	0.486402	0.488487	0.492710	0.488487	
10.000000	0.494788	0.430432	0.491929	0.466651	0.450873	0.464924	0.466599	0.465787	0.488487	
20.000000	0.506173	0.476256	0.492380	0.508460	0.525656	0.474496	0.497237	0.499277	0.497237	
30.000000	0.518588	0.476866	0.506820	0.488120	0.563542	0.484897	0.506472	0.497470	0.506472	
40.000000	0.569919	0.490243	0.560854	0.475950	0.548926	0.513630	0.526587	0.531278	0.526587	
50.000000	0.595664	0.521014	0.571232	0.597377	0.676777	0.564358	0.587737	0.583448	0.587737	
60.000000	0.596255	0.535035	0.576772	0.581590	0.691830	0.560634	0.590353	0.579181	0.590353	
70.000000	0.585343	0.541550	0.564693	0.595133	0.706252	0.554556	0.591254	0.575018	0.591254	
80.000000	0.582856	0.534536	0.563430	0.597791	0.717383	0.564278	0.593379	0.573567	0.593379	
90.000000	0.608597	0.544451	0.573289	0.608791	0.717877	0.584931	0.606323	0.596764	0.606323	
100.000000	0.576064	0.503949	0.564559	0.597916	0.700593	0.573179	0.586043	0.574622	0.606323	
110.000000	0.602012	0.535488	0.558365	0.581979	0.695111	0.569947	0.590484	0.575963	0.606323	
120.000000	0.618757	0.530622	0.551196	0.582351	0.716461	0.589702	0.598182	0.586027	0.606323	
130.000000	0.641113	0.533702	0.590106	0.596160	0.743216	0.601467	0.617627	0.598814	0.617627	
140.000000	0.625219	0.533771	0.595173	0.606622	0.745499	0.584233	0.615086	0.600898	0.617627	
150.000000	0.617958	0.542870	0.556211	0.610299	0.745810	0.572849	0.607666	0.591574	0.617627	
160.000000	0.544165	0.545846	0.559411	0.558949	0.724576	0.572291	0.584206	0.559180	0.617627	
170.000000	0.631981	0.538265	0.610693	0.628446	0.762956	0.599826	0.628694	0.619569	0.628694	
180.000000	0.587692	0.542765	0.602305	0.610056	0.717713	0.607039	0.611262	0.604672	0.628694	
190.000000	0.650882	0.553290	0.595037	0.616493	0.750802	0.606768	0.628879	0.611630	0.628879	
200.000000	0.621876	0.552825	0.610189	0.620780	0.754199	0.589731	0.624933	0.615485	0.628879	
210.000000	0.650434	0.529202	0.600871	0.621777	0.754381	0.604753	0.626903	0.613265	0.628879	
220.000000	0.641291	0.535748	0.590718	0.618189	0.749255	0.605782	0.623497	0.611986	0.628879	
230.000000	0.649239	0.526345	0.593918	0.619621	0.744499	0.613647	0.624545	0.616634	0.628879	
240.000000	0.656599	0.519532	0.594105	0.604445	0.720641	0.605829	0.616858	0.605137	0.628879	
250.000000	0.646810	0.537316	0.599247	0.625239	0.742467	0.596014	0.624515	0.612243	0.628879	
260.000000	0.654121	0.556080	0.599968	0.638083	0.746801	0.606578	0.633605	0.622331	0.633605	
270.000000	0.632617	0.562371	0.624020	0.635241	0.751167	0.609448	0.635811	0.628318	0.635811	
280.000000	0.637306	0.560831	0.628620	0.648201	0.769504	0.606543	0.641834	0.632963	0.641834	
290.000000	0.651098	0.549072	0.613676	0.642715	0.775826	0.612337	0.640787	0.628195	0.641834	
300.000000	0.651541	0.550110	0.624991	0.641125	0.776078	0.606810	0.641776	0.633058	0.641834	
310.000000	0.647436	0.557251	0.614499	0.653851	0.779616	0.604784	0.642906	0.630968	0.642906	
320.000000	0.663354	0.562991	0.608380	0.651957	0.765843	0.589953	0.640413	0.630169	0.642906	
330.000000	0.667146	0.548920	0.611200	0.662096	0.781488	0.616162	0.647835	0.639129	0.647835	
340.000000	0.663600	0.551536	0.612707	0.658155	0.794466	0.621983	0.650408	0.640069	0.650408	
350.000000	0.671554	0.555739	0.624573	0.647807	0.785445	0.625794	0.651819	0.636800	0.651819	
360.000000	0.664771	0.554307	0.618514	0.637208	0.762578	0.619669	0.642841	0.628439	0.651819	
370.000000	0.674706	0.559960	0.616651	0.662716	0.794384	0.620938	0.654892	0.641827	0.654892	
380.000000	0.673014	0.566060	0.614768	0.659713	0.788584	0.623058	0.654199	0.641385	0.654892	
390.000000	0.676772	0.570262	0.619538	0.668119	0.787879	0.618605	0.656862	0.643829	0.656862	
400.000000	0.651599	0.595026	0.630556	0.681191	0.792440	0.613596	0.660735	0.641078	0.660735	
410.000000	0.657125	0.598584	0.632318	0.682053	0.799945	0.616844	0.664478	0.644721	0.664478	
420.000000	0.647878	0.578652	0.637561	0.676914	0.810878	0.619583	0.661911	0.642719	0.664478	
430.000000	0.666307	0.573027	0.641468	0.681072	0.808852	0.617804	0.664755	0.653888	0.664755	
440.000000	0.655851	0.581742	0.640242	0.666051	0.794975	0.606916	0.657629	0.648046	0.664755	
450.000000	0.657414	0.591642	0.629572	0.675947	0.756684	0.616100	0.654560	0.643493	0.664755	
460.000000	0.657994	0.578029	0.621210	0.668498	0.757715	0.618245	0.650282	0.639602	0.664755	
470.000000	0.673386	0.588136	0.623613	0.669912	0.788313	0.623840	0.661200	0.646876	0.664755	
480.000000	0.667829	0.589956	0.615319	0.663842	0.770407	0.623534	0.655148	0.643688	0.664755	
490.000000	0.664801	0.588214	0.621749	0.669105	0.784426	0.628836	0.659522	0.646818	0.664755	
500.000000	0.668776	0.591146	0.621785	0.671767	0.776852	0.632161	0.660414	0.650468	0.664755	
510.000000	0.672365	0.602880	0.620861	0.670389	0.786168	0.623322	0.662664	0.646855	0.664755	
520.000000	0.670258	0.598578	0.628812	0.671469	0.790534	0.632187	0.665306	0.651223	0.665306	
530.000000	0.669307	0.593591	0.629752	0.673072	0.790043	0.632134	0.664650	0.650720	0.665306	
540.000000	0.674271	0.603277	0.631967	0.679040	0.789043	0.632872	0.668411	0.653571	0.668411	
550.000000	0.681376	0.596694	0.632031	0.686727	0.798900	0.627145	0.670479	0.656703	0.670479	
560.000000	0.687844	0.590222	0.619633	0.686401	0.777625	0.637328	0.666509	0.661865	0.670479	
570.000000	0.619059	0.592621	0.624388	0.658920	0.708466	0.635959	0.639902	0.630174	0.670479	
580.000000	0.671892	0.595020	0.620198	0.665091	0.770234	0.624976	0.657902	0.645034	0.670479	
590.000000	0.683326	0.586125	0.620705	0.667388	0.769731	0.627679	0.659159	0.647533	0.670479	
600.000000	0.687132	0.582641	0.622617	0.667282	0.788496	0.631421	0.663265	0.649351	0.670479	
610.000000	0.680993	0.576684	0.626782	0.634086	0.782299	0.636157	0.656167	0.635121	0.670479	
620.000000	0.689416	0.583862	0.621412	0.670629	0.785942	0.631301	0.663760	0.650965	0.670479	
630.000000	0.691819	0.597382	0.637111	0.680749	0.739957	0.620492	0.661252	0.658930	0.670479	
640.000000	0.676106	0.593836	0.637123	0.685052	0.789087	0.625181	0.667731	0.656614	0.670479	
650.000000	0.693377	0.589819	0.648908	0.686678	0.787892	0.637066	0.673957	0.667793	0.673957	
660.000000	0.690823	0.594350	0.645889	0.686678	0.781664	0.631687	0.671848	0.666283	0.673957	
670.000000	0.665167	0.593662	0.647904	0.699351	0.789144	0.626532	0.670293	0.656535	0.673957	
680.000000	0.691958	0.583118	0.648142	0.691124	0.803744	0.637383	0.675912	0.669633	0.675912	
690.000000	0.691772	0.585350	0.650173	0.699206	0.798416	0.634116	0.676505	0.670972	0.676505	
700.000000	0.695892	0.591338	0.641549	0.691423	0.799083	0.632063	0.675225	0.666486	0.676505	
710.000000	0.699883	0.598153	0.648314	0.690772	0.805524	0.646327	0.681496	0.669543	0.681496	
720.000000	0.695749	0.610814	0.643634	0.689963	0.798240	0.650925	0.681554	0.670444	0.681554	
730.000000	0.698617	0.605359	0.646950	0.685235	0.746908	0.649300	0.672062	0.667267	0.681554	
740.000000	0.697056	0.590538	0.646059	0.688364	0.794208	0.645620	0.676974	0.667212	0.681554	
750.000000	0.682354	0.600227	0.645988	0.648994	0.811840	0.642354	0.671960	0.647491	0.681554	
760.000000	0.702445	0.605614	0.653624	0.692341	0.802643	0.642119	0.683131	0.672982	0.683131	
770.000000	0.696017	0.593656	0.657373	0.684918	0.803172	0.645807	0.680157	0.671145	0.683131	
780.000000	0.702422	0.620292	0.658477	0.687032	0.799800	0.632965	0.683498	0.672754	0.683498	
790.000000	0.701726	0.630855	0.649822	0.695866	0.813268	0.648931	0.690078	0.672844	0.690078	
800.000000	0.708093	0.622115	0.652281	0.694640	0.799511	0.651492	0.688022	0.673460	0.690078	
810.000000	0.699047	0.612668	0.653561	0.702870	0.804763	0.652061	0.687495	0.676304	0.690078	
820.000000	0.702104	0.617441	0.664445	0.708740	0.793522	0.646995	0.688874	0.683274	0.690078	
830.000000	0.700344	0.603506	0.662349	0.704462	0.788458	0.642148	0.683544	0.681347	0.690078	
840.000000	0.697401	0.611589	0.660954	0.705336	0.801700	0.642692	0.686612	0.679177	0.690078	
850.000000	0.688808	0.602285	0.660355	0.696521	0.791138	0.640483	0.679932	0.674582	0.690078	
860.000000	0.681903	0.599601	0.652637	0.705593	0.696482	0.643647	0.663311	0.667270	0.690078	
870.000000	0.688234	0.614484	0.648064	0.698861	0.778450	0.642176	0.678378	0.668149	0.690078	
880.000000	0.686952	0.609829	0.659020	0.679904	0.775518	0.642257	0.675580	0.669462	0.690078	
890.000000	0.701564	0.608130	0.660421	0.704619	0.794623	0.643832	0.685531	0.680992	0.690078	
900.000000	0.693993	0.610740	0.657498	0.709354	0.791264	0.646545	0.684899	0.675746	0.690078	
910.000000	0.695092	0.626255	0.628278	0.707145	0.797806	0.629841	0.680736	0.662467	0.690078	
920.000000	0.702106	0.618966	0.643039	0.654520	0.814904	0.645955	0.679915	0.650237	0.690078	
930.000000	0.700512	0.612575	0.657381	0.682382	0.776254	0.647216	0.679387	0.669882	0.690078	
940.000000	0.691070	0.627210	0.657389	0.694103	0.814036	0.642800	0.687768	0.674230	0.690078	
950.000000	0.700933	0.626026	0.667538	0.714135	0.804109	0.635170	0.691318	0.684235	0.691318	
960.000000	0.710203	0.632764	0.662705	0.700934	0.791402	0.656438	0.692408	0.681820	0.692408	
970.000000	0.684985	0.591958	0.651857	0.716865	0.796695	0.650944	0.682217	0.668421	0.692408	
980.000000	0.706273	0.626249	0.665263	0.699981	0.811815	0.645714	0.692549	0.682622	0.692549	
990.000000	0.701850	0.615748	0.661596	0.702745	0.805745	0.656268	0.690659	0.681723	0.692549	
1000.000000	0.696240	0.619858	0.654316	0.699315	0.807487	0.656050	0.688878	0.676145	0.692549	
1010.000000	0.712856	0.619864	0.666784	0.711068	0.812048	0.659003	0.696937	0.688926	0.696937	
1020.000000	0.716780	0.597512	0.671146	0.714885	0.809066	0.650004	0.693232	0.693015	0.696937	
1030.000000	0.710319	0.597301	0.669967	0.708875	0.803555	0.660465	0.691747	0.689421	0.696937	
1040.000000	0.681210	0.601522	0.665921	0.706823	0.813042	0.655763	0.687380	0.673565	0.696937	
1050.000000	0.701191	0.614664	0.669475	0.702944	0.812343	0.657674	0.693048	0.685333	0.696937	
1060.000000	0.719595	0.621234	0.672495	0.712847	0.821239	0.663413	0.701804	0.692671	0.701804	
1070.000000	0.723066	0.609959	0.677642	0.711275	0.796107	0.664614	0.697111	0.694459	0.701804	
1080.000000	0.714518	0.610963	0.666399	0.701908	0.796560	0.660413	0.691794	0.684153	0.701804	
1090.000000	0.709224	0.600704	0.663670	0.706884	0.792761	0.654478	0.687953	0.685277	0.701804	
1100.000000	0.715922	0.622499	0.665289	0.706696	0.783797	0.649376	0.690596	0.685993	0.701804	
1110.000000	0.703395	0.637215	0.659896	0.703433	0.782702	0.658249	0.690815	0.681646	0.701804	
1120.000000	0.707413	0.605917	0.635847	0.679240	0.790244	0.659916	0.679763	0.669578	0.701804	
1130.000000	0.702686	0.605328	0.654819	0.687629	0.801398	0.658289	0.685025	0.672959	0.701804	
1140.000000	0.709696	0.610015	0.646658	0.700594	0.808060	0.657738	0.688793	0.679166	0.701804	
1150.000000	0.711222	0.618674	0.657298	0.700559	0.809582	0.658651	0.692664	0.679605	0.701804	
1160.000000	0.706714	0.611490	0.666969	0.698235	0.804619	0.662189	0.691703	0.682602	0.701804	
1170.000000	0.701568	0.614199	0.661183	0.687888	0.799775	0.640659	0.684212	0.674536	0.701804	
1180.000000	0.715487	0.607355	0.674108	0.702116	0.798101	0.663810	0.693496	0.688112	0.701804	
1190.000000	0.723706	0.616362	0.672495	0.691810	0.790672	0.664870	0.693319	0.682153	0.701804	
1200.000000	0.703935	0.620261	0.667708	0.693002	0.792644	0.662808	0.690060	0.680355	0.701804	
1210.000000	0.722785	0.624730	0.668941	0.683453	0.805927	0.658710	0.694091	0.676197	0.701804	
1220.000000	0.706310	0.620937	0.660440	0.694566	0.809054	0.663139	0.692408	0.678853	0.701804	
1230.000000	0.718854	0.625394	0.670193	0.704739	0.806128	0.668574	0.698980	0.687466	0.701804	
1240.000000	0.716543	0.622270	0.676016	0.707809	0.809572	0.653461	0.697612	0.691913	0.701804	
1250.000000	0.713076	0.636077	0.675103	0.696486	0.803656	0.652491	0.696148	0.685794	0.701804	
1260.000000	0.697533	0.629435	0.673688	0.702366	0.802782	0.668067	0.695645	0.685611	0.701804	
1270.000000	0.714021	0.621482	0.669472	0.692880	0.808953	0.660787	0.694599	0.681176	0.701804	
1280.000000	0.714651	0.607969	0.664076	0.691966	0.788980	0.655933	0.687262	0.678021	0.701804	
1290.000000	0.716547	0.631146	0.667575	0.695600	0.783174	0.656640	0.691780	0.681588	0.701804	
1300.000000	0.723062	0.636558	0.678168	0.685517	0.790219	0.655551	0.694846	0.681842	0.701804	
1310.000000	0.730244	0.636824	0.682490	0.698390	0.801782	0.662725	0.702076	0.690440	0.702076	
1320.000000	0.719661	0.646885	0.680255	0.702990	0.793679	0.661446	0.700819	0.691623	0.702076	
1330.000000	0.714857	0.644975	0.667928	0.713340	0.814017	0.663840	0.703159	0.690634	0.703159	
1340.000000	0.714841	0.657147	0.677817	0.712968	0.813576	0.665397	0.706958	0.695392	0.706958	
1350.000000	0.725343	0.648031	0.671552	0.713886	0.807531	0.659706	0.704341	0.692719	0.706958	
1360.000000	0.722490	0.640909	0.668003	0.704240	0.804298	0.668490	0.701405	0.686365	0.706958	
1370.000000	0.699381	0.624110	0.664747	0.698117	0.810563	0.674940	0.695310	0.686529	0.706958	
1380.000000	0.730029	0.624433	0.684376	0.718165	0.815866	0.664616	0.706248	0.701270	0.706958	
1390.000000	0.724253	0.635578	0.675846	0.705278	0.804034	0.673301	0.703048	0.690562	0.706958	
1400.000000	0.729973	0.651375	0.679541	0.704920	0.802801	0.673736	0.707058	0.692230	0.707058	
1410.000000	0.739088	0.625722	0.684061	0.706826	0.802473	0.681184	0.706559	0.695443	0.707058	
1420.000000	0.738446	0.631642	0.686837	0.714611	0.806380	0.680220	0.709689	0.700724	0.709689	
1430.000000	0.738927	0.636867	0.689758	0.713791	0.825107	0.680417	0.714144	0.701774	0.714144	
1440.000000	0.737913	0.655749	0.683401	0.717587	0.825774	0.688591	0.718169	0.703089	0.718169	
1450.000000	0.745484	0.629510	0.691935	0.729842	0.831580	0.677928	0.717713	0.710889	0.718169	
1460.000000	0.735969	0.631977	0.684620	0.722632	0.830165	0.677324	0.713781	0.703626	0.718169	
1470.000000	0.719281	0.634369	0.683413	0.721325	0.815174	0.674841	0.708067	0.701347	0.718169	
1480.000000	0.730952	0.638510	0.686402	0.728051	0.822251	0.666063	0.712038	0.707227	0.718169	
1490.000000	0.732726	0.629187	0.692115	0.727686	0.811878	0.666748	0.710057	0.709901	0.718169	
1500.000000	0.728014	0.637748	0.690857	0.724952	0.805348	0.675798	0.710453	0.707905	0.718169	
1510.000000	0.731157	0.634146	0.689557	0.734262	0.822597	0.670426	0.713691	0.710357	0.718169	
1520.000000	0.735417	0.647275	0.693073	0.728098	0.824535	0.666440	0.715806	0.710585	0.718169	
1530.000000	0.731881	0.622406	0.688230	0.724179	0.809519	0.669564	0.707630	0.706205	0.718169	
1540.000000	0.732820	0.629578	0.687342	0.722077	0.826812	0.677760	0.712731	0.704709	0.718169	
1550.000000	0.736446	0.634692	0.692264	0.723874	0.819244	0.667768	0.712381	0.708069	0.718169	
1560.000000	0.742584	0.658399	0.687047	0.729800	0.817753	0.674842	0.718404	0.708424	0.718404	
1570.000000	0.733793	0.637227	0.698492	0.728058	0.826674	0.680035	0.717380	0.713275	0.718404	
1580.000000	0.736682	0.630929	0.666259	0.719205	0.808362	0.678071	0.706585	0.698638	0.718404	
1590.000000	0.734015	0.635305	0.685780	0.728091	0.813696	0.677163	0.712342	0.706935	0.718404	
1600.000000	0.730620	0.649060	0.681767	0.721891	0.819156	0.682345	0.714140	0.702118	0.718404	
1610.000000	0.736539	0.643066	0.680922	0.718826	0.802429	0.679766	0.710258	0.699874	0.718404	
1620.000000	0.754578	0.640587	0.690701	0.728269	0.792647	0.612469	0.703209	0.709485	0.718404	
1630.000000	0.735854	0.610269	0.690691	0.726472	0.816300	0.687992	0.711263	0.708581	0.718404	
1640.000000	0.742138	0.635597	0.678652	0.726723	0.808733	0.679989	0.711972	0.703356	0.718404	
1650.000000	0.745435	0.645577	0.673869	0.717193	0.814935	0.679890	0.712816	0.698542	0.718404	
1660.000000	0.745123	0.648843	0.678656	0.720298	0.797793	0.680084	0.711799	0.700191	0.718404	
1670.000000	0.736063	0.632665	0.689308	0.733952	0.813683	0.681488	0.714527	0.711630	0.718404	
1680.000000	0.740900	0.666342	0.676250	0.735574	0.806952	0.690578	0.719433	0.713076	0.719433	
1690.000000	0.730485	0.659133	0.628410	0.725134	0.812771	0.676477	0.705402	0.700806	0.719433	
1700.000000	0.738242	0.636334	0.691975	0.728958	0.820509	0.678228	0.715708	0.710467	0.719433	
1710.000000	0.743378	0.620323	0.677972	0.730355	0.802562	0.672388	0.707830	0.704164	0.719433	
1720.000000	0.721824	0.622356	0.682391	0.717682	0.819439	0.678662	0.707059	0.700036	0.719433	
1730.000000	0.731335	0.635386	0.691876	0.730145	0.764465	0.675419	0.704771	0.711010	0.719433	
1740.000000	0.745469	0.659518	0.692872	0.724491	0.811979	0.687996	0.720387	0.708682	0.720387	
1750.000000	0.743647	0.639954	0.702112	0.732477	0.795711	0.684228	0.716355	0.717294	0.720387	
1760.000000	0.739885	0.641188	0.678395	0.727368	0.810714	0.686989	0.714090	0.707178	0.720387	
1770.000000	0.746724	0.628295	0.702960	0.723578	0.813860	0.683177	0.716432	0.713269	0.720387	
1780.000000	0.746873	0.632844	0.698268	0.725456	0.808292	0.681016	0.715458	0.711862	0.720387	
1790.000000	0.747927	0.627049	0.694921	0.733917	0.774895	0.684950	0.710610	0.714419	0.720387	
1800.000000	0.721487	0.633818	0.698020	0.732638	0.814545	0.678937	0.713241	0.709754	0.720387	
1810.000000	0.739270	0.645732	0.690732	0.731896	0.816256	0.682705	0.717765	0.711314	0.720387	
1820.000000	0.748377	0.635938	0.702597	0.727089	0.815624	0.683673	0.718883	0.714843	0.720387	
1830.000000	0.746269	0.645006	0.689787	0.727633	0.809513	0.687421	0.717605	0.708710	0.720387	
1840.000000	0.727554	0.643202	0.695204	0.723280	0.808204	0.684414	0.713643	0.709242	0.720387	
1850.000000	0.739411	0.655389	0.705403	0.724568	0.815810	0.678256	0.719806	0.714985	0.720387	
1860.000000	0.732009	0.649178	0.703731	0.707927	0.807632	0.686205	0.714447	0.705829	0.720387	
1870.000000	0.735498	0.652054	0.691051	0.714466	0.809261	0.685877	0.714701	0.702759	0.720387	
1880.000000	0.739389	0.634171	0.694995	0.717228	0.803423	0.688474	0.712947	0.706111	0.720387	
1890.000000	0.744797	0.644262	0.684679	0.714570	0.806682	0.686193	0.713531	0.700381	0.720387	
1900.000000	0.738679	0.635051	0.697430	0.727765	0.826057	0.679958	0.717490	0.712597	0.720387	
1910.000000	0.735374	0.647610	0.700261	0.726957	0.825353	0.683492	0.719841	0.713609	0.720387	
1920.000000	0.748954	0.640816	0.699301	0.720883	0.800939	0.681334	0.715371	0.710092	0.720387	
1930.000000	0.744176	0.649302	0.646709	0.730085	0.825705	0.684603	0.713430	0.707344	0.720387	
1940.000000	0.754094	0.638659	0.696805	0.728727	0.819672	0.682491	0.720075	0.712766	0.720387	
1950.000000	0.748478	0.650009	0.698478	0.724723	0.802952	0.667192	0.715305	0.711600	0.720387	
1960.000000	0.694411	0.633235	0.695912	0.716411	0.805694	0.686111	0.705296	0.695161	0.720387	
1970.000000	0.726999	0.650207	0.703253	0.728637	0.817647	0.683739	0.718414	0.715126	0.720387	
1980.000000	0.755265	0.640097	0.698210	0.734006	0.825220	0.681442	0.722373	0.716108	0.722373	
1990.000000	0.734488	0.622586	0.697108	0.725194	0.819867	0.678627	0.712978	0.711151	0.722373	
2000.000000	0.735071	0.635950	0.705316	0.739889	0.825302	0.672436	0.718994	0.720193	0.722373	
2010.000000	0.747381	0.637270	0.697751	0.728232	0.825434	0.681656	0.719621	0.712991	0.722373	
2020.000000	0.748373	0.626125	0.697838	0.737677	0.812859	0.687634	0.718418	0.717757	0.722373	
2030.000000	0.748691	0.651025	0.689072	0.736411	0.815759	0.691442	0.722067	0.713927	0.722373	
2040.000000	0.742356	0.653294	0.702877	0.741382	0.804021	0.682789	0.721120	0.722129	0.722373	
2050.000000	0.740173	0.664576	0.700717	0.743457	0.819251	0.679720	0.724649	0.720445	0.724649	
2060.000000	0.746404	0.653492	0.698472	0.734598	0.822251	0.677831	0.722175	0.716535	0.724649	
2070.000000	0.748916	0.671115	0.675539	0.720844	0.815892	0.683607	0.719319	0.702225	0.724649	
2080.000000	0.750759	0.640388	0.689722	0.727133	0.822320	0.646019	0.712723	0.708428	0.724649	
2090.000000	0.751561	0.662914	0.692316	0.720645	0.813136	0.681980	0.720425	0.706480	0.724649	
2100.000000	0.756411	0.655315	0.687651	0.723143	0.812903	0.684735	0.720026	0.705397	0.724649	
2110.000000	0.753550	0.660175	0.690235	0.722504	0.820141	0.671196	0.719633	0.706370	0.724649	
2120.000000	0.746561	0.652637	0.686760	0.710152	0.771838	0.689253	0.709533	0.699702	0.724649	
2130.000000	0.753381	0.660745	0.685381	0.724279	0.812834	0.683779	0.720066	0.704830	0.724649	
2140.000000	0.754919	0.642415	0.694880	0.737385	0.807852	0.682288	0.719957	0.716132	0.724649	
2150.000000	0.735995	0.658681	0.695214	0.733885	0.801939	0.679436	0.717525	0.714550	0.724649	
2160.000000	0.714958	0.657552	0.690689	0.724207	0.801134	0.671248	0.709965	0.702823	0.724649	
2170.000000	0.742554	0.643711	0.689009	0.738734	0.809082	0.673265	0.716059	0.713871	0.724649	
2180.000000	0.751047	0.660732	0.698384	0.732463	0.813841	0.676510	0.722163	0.715423	0.724649	
2190.000000	0.740888	0.628164	0.697178	0.738944	0.816697	0.676603	0.716412	0.718061	0.724649	
2200.000000	0.740873	0.643798	0.699041	0.684284	0.772649	0.673867	0.702419	0.691662	0.724649	
2210.000000	0.750407	0.620552	0.694895	0.726911	0.803235	0.679969	0.712662	0.710903	0.724649	
2220.000000	0.762631	0.654803	0.687663	0.733744	0.835940	0.675591	0.725062	0.710704	0.725062	
2230.000000	0.757525	0.640804	0.693096	0.722574	0.822182	0.679879	0.719343	0.707835	0.725062	
2240.000000	0.750302	0.656951	0.696992	0.732738	0.830027	0.688124	0.725856	0.714865	0.725856	
2250.000000	0.754220	0.655482	0.702827	0.715554	0.822192	0.688045	0.723053	0.709191	0.725856	
2260.000000	0.756268	0.654366	0.690689	0.733982	0.812878	0.682845	0.721838	0.712336	0.725856	
2270.000000	0.736300	0.634400	0.696356	0.720635	0.810186	0.674001	0.711980	0.708496	0.725856	
2280.000000	0.744780	0.646351	0.701208	0.734137	0.820861	0.686023	0.722227	0.717673	0.725856	
2290.000000	0.743051	0.651819	0.687968	0.738468	0.817477	0.681045	0.719971	0.713218	0.725856	
2300.000000	0.752184	0.654701	0.696316	0.735345	0.820012	0.687299	0.724310	0.715831	0.725856	
2310.000000	0.749212	0.652934	0.685541	0.735477	0.815137	0.684716	0.720503	0.710509	0.725856	
2320.000000	0.742074	0.669882	0.705577	0.736143	0.803933	0.687017	0.724104	0.720860	0.725856	
2330.000000	0.749329	0.642638	0.699841	0.740665	0.814721	0.688144	0.722556	0.720253	0.725856	
2340.000000	0.753114	0.652879	0.699752	0.721297	0.812306	0.688133	0.721247	0.710524	0.725856	
2350.000000	0.742981	0.649550	0.700863	0.708237	0.802203	0.685712	0.714924	0.704550	0.725856	
2360.000000	0.752818	0.644920	0.695893	0.715965	0.802807	0.685287	0.716281	0.705929	0.725856	
2370.000000	0.755743	0.654645	0.677078	0.726780	0.807235	0.676171	0.716276	0.701929	0.725856	
2380.000000	0.746546	0.646209	0.701585	0.728304	0.816558	0.682941	0.720357	0.714944	0.725856	
2390.000000	0.736217	0.648639	0.695105	0.730670	0.814224	0.688000	0.718809	0.712888	0.725856	
2400.000000	0.759965	0.662009	0.702316	0.739326	0.822308	0.687723	0.728941	0.720821	0.728941	
2410.000000	0.748753	0.623553	0.699457	0.721008	0.818175	0.688479	0.716571	0.710232	0.728941	
2420.000000	0.758026	0.658656	0.649476	0.722754	0.814583	0.687568	0.715177	0.705161	0.728941	
2430.000000	0.762401	0.649060	0.701186	0.716930	0.820307	0.694078	0.723994	0.709058	0.728941	
2440.000000	0.763813	0.623726	0.705544	0.734112	0.814885	0.693155	0.722539	0.719828	0.728941	
2450.000000	0.747846	0.653424	0.705577	0.729925	0.811142	0.696559	0.724079	0.717751	0.728941	
2460.000000	0.762232	0.655197	0.704169	0.723668	0.822069	0.698761	0.727683	0.713918	0.728941	
2470.000000	0.761867	0.648440	0.712020	0.735958	0.825592	0.698230	0.730351	0.723989	0.730351	
2480.000000	0.757275	0.664545	0.711300	0.733936	0.814746	0.680743	0.727091	0.722618	0.730351	
2490.000000	0.760002	0.650746	0.710901	0.747283	0.826636	0.691014	0.731097	0.729092	0.731097	
2500.000000	0.743896	0.673855	0.719352	0.741766	0.835323	0.688501	0.733782	0.730559	0.733782	
2510.000000	0.755587	0.660441	0.702106	0.747124	0.823667	0.689960	0.729814	0.724615	0.733782	
2520.000000	0.745006	0.684325	0.686431	0.734746	0.822107	0.697681	0.728382	0.716213	0.733782	
2530.000000	0.756513	0.677531	0.701444	0.742000	0.819565	0.685866	0.730487	0.721722	0.733782	
2540.000000	0.739292	0.668301	0.711916	0.750707	0.816187	0.690522	0.729487	0.725604	0.733782	
2550.000000	0.744344	0.662183	0.696550	0.733668	0.811192	0.687510	0.722575	0.715109	0.733782	
2560.000000	0.744583	0.658972	0.703509	0.740469	0.818452	0.678296	0.724047	0.721989	0.733782	
2570.000000	0.753016	0.678833	0.713885	0.742465	0.821931	0.691642	0.733629	0.728175	0.733782	
2580.000000	0.751533	0.692377	0.701232	0.735581	0.814206	0.687328	0.730376	0.718406	0.733782	
2590.000000	0.754341	0.677804	0.707224	0.734593	0.803706	0.695800	0.728911	0.720908	0.733782	
2600.000000	0.749015	0.684381	0.707533	0.745763	0.816086	0.691755	0.732422	0.726648	0.733782	
2610.000000	0.736392	0.688527	0.704719	0.745569	0.817470	0.689301	0.730330	0.720556	0.733782	
2620.000000	0.724677	0.690368	0.712290	0.743633	0.820723	0.667143	0.726472	0.718484	0.733782	
2630.000000	0.751194	0.687145	0.712839	0.737980	0.816703	0.685719	0.731930	0.725409	0.733782	
2640.000000	0.736876	0.675864	0.711504	0.740952	0.821301	0.691955	0.729742	0.724190	0.733782	
2650.000000	0.740883	0.680733	0.712296	0.743390	0.821824	0.690357	0.731581	0.726590	0.733782	
2660.000000	0.765349	0.670520	0.697259	0.734081	0.825038	0.687877	0.730021	0.715670	0.733782	
2670.000000	0.754443	0.675144	0.702128	0.732671	0.825032	0.689588	0.729834	0.717399	0.733782	
2680.000000	0.758547	0.666200	0.704287	0.733897	0.827888	0.695088	0.730984	0.719092	0.733782	
2690.000000	0.758269	0.655321	0.701163	0.743533	0.809500	0.693340	0.726854	0.722348	0.733782	
2700.000000	0.763736	0.662356	0.703509	0.729393	0.819899	0.689188	0.728013	0.716451	0.733782	
2710.000000	0.756795	0.671431	0.709790	0.742893	0.821773	0.692879	0.732594	0.726341	0.733782	
2720.000000	0.763429	0.675343	0.706047	0.745280	0.821798	0.692745	0.734107	0.725663	0.734107	
2730.000000	0.760260	0.661805	0.716869	0.745472	0.825850	0.688948	0.733201	0.731171	0.734107	
2740.000000	0.766871	0.664935	0.709831	0.748405	0.834304	0.689564	0.735652	0.729118	0.735652	
2750.000000	0.757145	0.655247	0.715330	0.729941	0.830486	0.690752	0.729817	0.722636	0.735652	
2760.000000	0.764108	0.668010	0.713075	0.741001	0.829121	0.693743	0.734843	0.727038	0.735652	
2770.000000	0.757757	0.664985	0.705397	0.721632	0.816193	0.691189	0.726192	0.713515	0.735652	
2780.000000	0.758538	0.656300	0.718344	0.736129	0.831511	0.687685	0.731418	0.727236	0.735652	
2790.000000	0.756576	0.658061	0.716342	0.734769	0.825466	0.686966	0.729697	0.725556	0.735652	
2800.000000	0.737984	0.677519	0.717377	0.741657	0.813275	0.693320	0.730188	0.727680	0.735652	
2810.000000	0.749280	0.677072	0.718588	0.750145	0.827491	0.693805	0.736064	0.733934	0.736064	
2820.000000	0.748438	0.651261	0.719493	0.741472	0.825101	0.693417	0.729864	0.730483	0.736064	
2830.000000	0.741915	0.644219	0.718342	0.728165	0.831241	0.693437	0.726220	0.723253	0.736064	
2840.000000	0.764406	0.653089	0.714367	0.748870	0.824812	0.696973	0.733753	0.731618	0.736064	
2850.000000	0.754930	0.664092	0.721665	0.743480	0.832587	0.701975	0.736455	0.732572	0.736455	
2860.000000	0.764801	0.655098	0.714938	0.736282	0.828246	0.694118	0.732247	0.725610	0.736455	
2870.000000	0.759277	0.664402	0.709475	0.721639	0.832952	0.690311	0.729676	0.715557	0.736455	
2880.000000	0.760028	0.647455	0.714888	0.729666	0.819383	0.694943	0.727727	0.722277	0.736455	
2890.000000	0.763196	0.663063	0.705686	0.730244	0.826535	0.696308	0.730839	0.717965	0.736455	
2900.000000	0.762580	0.672262	0.723228	0.736474	0.826045	0.695860	0.736075	0.729851	0.736455	
2910.000000	0.758096	0.681393	0.714450	0.738990	0.827171	0.701364	0.736911	0.726720	0.736911	
2920.000000	0.761282	0.670886	0.711139	0.740737	0.822742	0.699284	0.734345	0.725938	0.736911	
2930.000000	0.742714	0.658321	0.709245	0.734062	0.826913	0.697326	0.728097	0.721654	0.736911	
2940.000000	0.751544	0.684690	0.724615	0.747975	0.815929	0.685730	0.735080	0.736295	0.736911	
2950.000000	0.760885	0.649897	0.721918	0.743092	0.828315	0.699713	0.733970	0.732505	0.736911	
2960.000000	0.765162	0.667911	0.716279	0.744517	0.824183	0.703869	0.736987	0.730398	0.736987	
2970.000000	0.772306	0.667762	0.710907	0.736333	0.812318	0.701210	0.733473	0.723620	0.736987	
2980.000000	0.766156	0.660311	0.687731	0.735750	0.827686	0.692937	0.728428	0.714343	0.736987	
2990.000000	0.753304	0.673700	0.724201	0.749427	0.827724	0.697864	0.737703	0.736814	0.737703	
3000.000000	0.761758	0.656400	0.723773	0.748666	0.815369	0.686170	0.732023	0.736220	0.737703	
3010.000000	0.758575	0.663757	0.727429	0.746175	0.828529	0.696091	0.736759	0.736802	0.737703	
3020.000000	0.753976	0.662499	0.692411	0.746797	0.827642	0.680363	0.727281	0.719604	0.737703	
3030.000000	0.764746	0.661179	0.723652	0.746046	0.821364	0.694559	0.735258	0.734849	0.737703	
3040.000000	0.768358	0.665090	0.718558	0.746242	0.819722	0.698631	0.736100	0.732400	0.737703	
3050.000000	0.763228	0.665251	0.723398	0.742460	0.758024	0.704890	0.726209	0.732929	0.737703	
3060.000000	0.762479	0.674890	0.726194	0.736666	0.830121	0.696488	0.737806	0.731430	0.737806	
3070.000000	0.768612	0.660348	0.721130	0.756198	0.817936	0.700035	0.737377	0.738664	0.737806	
3080.000000	0.768620	0.655290	0.719832	0.753080	0.835172	0.707072	0.739844	0.736456	0.739844	
3090.000000	0.764852	0.683792	0.719140	0.751965	0.808223	0.704850	0.738804	0.735553	0.739844	
3100.000000	0.760081	0.671624	0.717555	0.741225	0.821754	0.704777	0.736169	0.729390	0.739844	
3110.000000	0.766598	0.686011	0.715282	0.733122	0.826604	0.708717	0.739389	0.724202	0.739844	
3120.000000	0.771433	0.667446	0.704157	0.742648	0.834027	0.706737	0.737741	0.724692	0.739844	
3130.000000	0.772852	0.689928	0.717028	0.753385	0.828731	0.704381	0.744384	0.735207	0.744384	
3140.000000	0.768040	0.683891	0.716864	0.734652	0.828485	0.704171	0.739350	0.725758	0.744384	
3150.000000	0.751535	0.680556	0.724847	0.743640	0.819200	0.704469	0.737374	0.734243	0.744384	
3160.000000	0.752901	0.682230	0.725871	0.744776	0.830599	0.707544	0.740653	0.735323	0.744384	
3170.000000	0.753311	0.669119	0.725239	0.664363	0.801555	0.710633	0.720703	0.717936	0.744384	
3180.000000	0.758327	0.690970	0.726242	0.740811	0.819339	0.706933	0.740437	0.733526	0.744384	
3190.000000	0.756227	0.678424	0.720077	0.746326	0.826881	0.701797	0.738289	0.733201	0.744384	
3200.000000	0.767039	0.686063	0.715875	0.732817	0.828127	0.697174	0.737849	0.724346	0.744384	
3210.000000	0.744946	0.701917	0.713408	0.747459	0.807858	0.703834	0.736570	0.729177	0.744384	
3220.000000	0.770808	0.701446	0.714753	0.722413	0.827787	0.706321	0.740588	0.718583	0.744384	
3230.000000	0.767959	0.696096	0.719457	0.737249	0.830580	0.699991	0.741889	0.728353	0.744384	
3240.000000	0.770063	0.676446	0.715366	0.727494	0.824554	0.704482	0.736401	0.721430	0.744384	
3250.000000	0.769382	0.667954	0.708692	0.723046	0.819980	0.705218	0.732379	0.715869	0.744384	
3260.000000	0.773249	0.692005	0.709223	0.749471	0.836405	0.703468	0.743970	0.729347	0.744384	
3270.000000	0.758592	0.696369	0.723979	0.741704	0.825780	0.695249	0.740279	0.732841	0.744384	
3280.000000	0.762718	0.688106	0.724793	0.741428	0.820087	0.699641	0.739462	0.733111	0.744384	
3290.000000	0.749715	0.696356	0.719408	0.741597	0.822937	0.694647	0.737443	0.730503	0.744384	
3300.000000	0.761859	0.685974	0.724668	0.740723	0.818942	0.696977	0.738191	0.732696	0.744384	
3310.000000	0.754657	0.696108	0.726851	0.743631	0.816011	0.712050	0.741551	0.735241	0.744384	
3320.000000	0.760209	0.691890	0.721632	0.742754	0.823610	0.703668	0.740627	0.732193	0.744384	
3330.000000	0.768324	0.703442	0.720633	0.734760	0.836820	0.698574	0.743759	0.727696	0.744384	
3340.000000	0.762746	0.670787	0.694319	0.749469	0.832121	0.710377	0.736637	0.729923	0.744384	
3350.000000	0.769186	0.699102	0.727954	0.754054	0.820446	0.707945	0.746448	0.741004	0.746448	
3360.000000	0.766615	0.686866	0.710840	0.756497	0.801014	0.708472	0.738384	0.733668	0.746448	
3370.000000	0.770296	0.704687	0.707840	0.731447	0.822050	0.671724	0.734674	0.719644	0.746448	
3380.000000	0.770136	0.691596	0.722412	0.741349	0.831385	0.712881	0.744960	0.731880	0.746448	
3390.000000	0.748456	0.698197	0.718752	0.742368	0.817540	0.707498	0.738802	0.730560	0.746448	
3400.000000	0.760030	0.668140	0.715368	0.731644	0.835392	0.690780	0.733559	0.723506	0.746448	
3410.000000	0.766414	0.705059	0.713757	0.732016	0.832304	0.698492	0.741340	0.722886	0.746448	
3420.000000	0.762507	0.681411	0.704533	0.734623	0.828932	0.695593	0.734600	0.719578	0.746448	
3430.000000	0.750605	0.683612	0.714971	0.736705	0.824195	0.693093	0.733864	0.725838	0.746448	
3440.000000	0.753558	0.677568	0.719546	0.735579	0.819722	0.696869	0.733807	0.727562	0.746448	
3450.000000	0.760548	0.698644	0.726804	0.743022	0.815571	0.697213	0.740300	0.734913	0.746448	
3460.000000	0.754890	0.700937	0.711672	0.737502	0.805993	0.694045	0.734173	0.724587	0.746448	
3470.000000	0.767033	0.687182	0.717832	0.735292	0.807563	0.696854	0.735293	0.726562	0.746448	
3480.000000	0.771697	0.687003	0.719642	0.721059	0.802895	0.707090	0.734898	0.720350	0.746448	
3490.000000	0.763683	0.675405	0.716725	0.737901	0.813709	0.704045	0.735245	0.727313	0.746448	
3500.000000	0.769346	0.683352	0.723260	0.740156	0.822295	0.701272	0.739947	0.731708	0.746448	
3510.000000	0.770099	0.697063	0.729779	0.735066	0.826453	0.708554	0.744502	0.732422	0.746448	
3520.000000	0.759396	0.674531	0.725536	0.736146	0.809374	0.711971	0.736159	0.730841	0.746448	
3530.000000	0.768830	0.685335	0.721844	0.740758	0.812299	0.710333	0.739900	0.731301	0.746448	
3540.000000	0.756085	0.681386	0.726522	0.742708	0.817326	0.710077	0.739017	0.734615	0.746448	
3550.000000	0.762213	0.678089	0.727228	0.740906	0.812388	0.711744	0.738761	0.734067	0.746448	
3560.000000	0.777418	0.683897	0.724212	0.737136	0.819093	0.713168	0.742487	0.730674	0.746448	
3570.000000	0.763766	0.697212	0.729957	0.718715	0.809236	0.703214	0.737017	0.724336	0.746448	
3580.000000	0.775163	0.701557	0.729941	0.745058	0.820031	0.709151	0.746817	0.737499	0.746817	
3590.000000	0.763124	0.690139	0.731294	0.757394	0.813117	0.708124	0.743865	0.744344	0.746817	
3600.000000	0.744675	0.678225	0.722898	0.739428	0.811526	0.701025	0.732963	0.731163	0.746817	
3610.000000	0.769278	0.672801	0.723840	0.728262	0.823251	0.708801	0.737706	0.726051	0.746817	
3620.000000	0.767445	0.680246	0.730865	0.738081	0.821157	0.698743	0.739423	0.734473	0.746817	
3630.000000	0.762966	0.690368	0.727668	0.742985	0.818666	0.705399	0.741342	0.735327	0.746817	
3640.000000	0.774326	0.694850	0.733628	0.758708	0.832467	0.713225	0.751201	0.746168	0.751201	
3650.000000	0.773319	0.677134	0.736766	0.762851	0.822000	0.701876	0.745658	0.749808	0.751201	
3660.000000	0.763544	0.702859	0.737258	0.756767	0.831926	0.717485	0.751640	0.747013	0.751640	
3670.000000	0.768064	0.701377	0.736220	0.738306	0.816193	0.712015	0.745363	0.737263	0.751640	
3680.000000	0.769655	0.693338	0.725118	0.751139	0.825202	0.706667	0.745186	0.738129	0.751640	
3690.000000	0.765605	0.700510	0.732594	0.759913	0.823950	0.714361	0.749489	0.746254	0.751640	
3700.000000	0.760267	0.696443	0.732905	0.751653	0.824113	0.711475	0.746143	0.742279	0.751640	
3710.000000	0.770810	0.686655	0.736702	0.739990	0.826214	0.707963	0.744722	0.738346	0.751640	
3720.000000	0.771633	0.685757	0.731451	0.746837	0.833040	0.709627	0.746391	0.739144	0.751640	
3730.000000	0.774527	0.683947	0.727454	0.746629	0.821805	0.710065	0.744071	0.737041	0.751640	
3740.000000	0.773334	0.684622	0.740876	0.765580	0.827296	0.713183	0.750816	0.753228	0.751640	
3750.000000	0.764078	0.698266	0.732031	0.758118	0.824076	0.715452	0.748670	0.745075	0.751640	
3760.000000	0.764366	0.696505	0.726123	0.766598	0.832147	0.710238	0.749329	0.745244	0.751640	
3770.000000	0.773733	0.690418	0.741120	0.759692	0.823792	0.715325	0.750680	0.750406	0.751640	
3780.000000	0.749201	0.674314	0.735380	0.744503	0.814023	0.713301	0.738454	0.739941	0.751640	
3790.000000	0.770268	0.689445	0.740754	0.752944	0.807682	0.715959	0.746175	0.746849	0.751640	
3800.000000	0.769928	0.674636	0.727892	0.743614	0.836185	0.698860	0.741853	0.735753	0.751640	
3810.000000	0.777467	0.681957	0.729158	0.758821	0.839557	0.712853	0.749969	0.743990	0.751640	
3820.000000	0.777591	0.670204	0.734508	0.737413	0.834512	0.713904	0.744689	0.735960	0.751640	
3830.000000	0.755114	0.692829	0.733232	0.753001	0.824837	0.708900	0.744652	0.743117	0.751640	
3840.000000	0.768313	0.683624	0.734272	0.757420	0.818669	0.705974	0.744712	0.745846	0.751640	
3850.000000	0.764216	0.677333	0.732467	0.760966	0.837884	0.700121	0.745498	0.746716	0.751640	
3860.000000	0.770167	0.693679	0.726628	0.759666	0.832096	0.704480	0.747786	0.743147	0.751640	
3870.000000	0.775122	0.691056	0.731736	0.750627	0.832845	0.715840	0.749538	0.741181	0.751640	
3880.000000	0.783527	0.689488	0.723093	0.737383	0.831543	0.712804	0.746306	0.730238	0.751640	
3890.000000	0.761396	0.673260	0.723331	0.762557	0.837343	0.712026	0.744985	0.742363	0.751640	
3900.000000	0.763813	0.683854	0.725134	0.744778	0.826592	0.713441	0.742935	0.734956	0.751640	
3910.000000	0.771874	0.675008	0.729273	0.758595	0.836833	0.714676	0.747710	0.743934	0.751640	
3920.000000	0.785260	0.678256	0.730357	0.755740	0.836217	0.715994	0.750304	0.743049	0.751640	
3930.000000	0.776364	0.681504	0.727619	0.752263	0.832562	0.715970	0.747714	0.739941	0.751640	
3940.000000	0.790677	0.677983	0.723466	0.751253	0.835135	0.707599	0.747685	0.737359	0.751640	
3950.000000	0.780243	0.680847	0.724328	0.755254	0.828995	0.715869	0.747589	0.739791	0.751640	
3960.000000	0.777789	0.686345	0.727498	0.755400	0.837468	0.717568	0.750345	0.741449	0.751640	
3970.000000	0.786832	0.672454	0.722305	0.750450	0.800989	0.707793	0.740137	0.736377	0.751640	
3980.000000	0.764532	0.662511	0.727666	0.733818	0.832128	0.723000	0.740609	0.730742	0.751640	
3990.000000	0.775784	0.680556	0.729006	0.753973	0.831039	0.718027	0.748064	0.741489	0.751640	
4000.000000	0.784637	0.681343	0.733926	0.765046	0.834902	0.720672	0.753421	0.749486	0.753421	
4010.000000	0.790626	0.679762	0.736087	0.750654	0.829850	0.722513	0.751582	0.743370	0.753421	
4020.000000	0.784513	0.673347	0.731704	0.754889	0.833153	0.718477	0.749347	0.743297	0.753421	
4030.000000	0.765183	0.676415	0.738927	0.753799	0.826441	0.715807	0.746095	0.746363	0.753421	
4040.000000	0.775018	0.668301	0.731530	0.752738	0.832373	0.715628	0.745931	0.742134	0.753421	
4050.000000	0.772527	0.666051	0.736876	0.748639	0.838450	0.714352	0.746149	0.742757	0.753421	
4060.000000	0.770325	0.669665	0.742444	0.757917	0.828561	0.713210	0.747020	0.750180	0.753421	
4070.000000	0.781302	0.661327	0.735757	0.748252	0.836122	0.711620	0.745730	0.742004	0.753421	
4080.000000	0.778065	0.662908	0.730119	0.741454	0.831876	0.713856	0.743046	0.735787	0.753421	
4090.000000	0.783299	0.678684	0.738091	0.751361	0.824308	0.713219	0.748160	0.744726	0.753421	
4100.000000	0.775570	0.683630	0.731231	0.760697	0.816357	0.720035	0.747920	0.745964	0.753421	
4110.000000	0.776430	0.676093	0.735913	0.753681	0.827479	0.713796	0.747232	0.744797	0.753421	
4120.000000	0.774698	0.671655	0.726394	0.759610	0.829404	0.710514	0.745379	0.743002	0.753421	
4130.000000	0.784276	0.680277	0.740978	0.757630	0.827347	0.711219	0.750288	0.749304	0.753421	
4140.000000	0.771742	0.638901	0.723105	0.753767	0.826982	0.719526	0.739004	0.738436	0.753421	
4150.000000	0.783444	0.683432	0.734410	0.760991	0.833166	0.706501	0.750324	0.747701	0.753421	
4160.000000	0.779138	0.675956	0.737433	0.749409	0.820314	0.715683	0.746322	0.743421	0.753421	
4170.000000	0.774715	0.686098	0.731568	0.745761	0.827957	0.714989	0.746848	0.738664	0.753421	
4180.000000	0.775594	0.688465	0.732408	0.757991	0.831134	0.703878	0.748245	0.745199	0.753421	
4190.000000	0.755210	0.684480	0.734887	0.753452	0.823642	0.708589	0.743377	0.744170	0.753421	
4200.000000	0.754034	0.680345	0.731064	0.746538	0.835147	0.708986	0.742686	0.738801	0.753421	
4210.000000	0.768787	0.688949	0.729891	0.752851	0.830630	0.710794	0.746984	0.741371	0.753421	
4220.000000	0.768953	0.686631	0.720466	0.745111	0.840343	0.711403	0.745485	0.732788	0.753421	
4230.000000	0.778824	0.684157	0.737423	0.761019	0.828724	0.713342	0.750582	0.749221	0.753421	
4240.000000	0.779407	0.690381	0.729838	0.760103	0.838796	0.716054	0.752430	0.744970	0.753421	
4250.000000	0.761643	0.685081	0.726026	0.753411	0.823579	0.715628	0.744228	0.739718	0.753421	
4260.000000	0.774520	0.670613	0.730989	0.748657	0.811482	0.712813	0.741512	0.739823	0.753421	
4270.000000	0.766395	0.688093	0.728518	0.749178	0.830152	0.720551	0.747148	0.738848	0.753421	
4280.000000	0.785667	0.662902	0.725302	0.749689	0.822541	0.719083	0.744197	0.737496	0.753421	
4290.000000	0.782420	0.678727	0.723461	0.771632	0.837343	0.715752	0.751556	0.747546	0.753421	
4300.000000	0.784068	0.680345	0.724577	0.760017	0.818383	0.714131	0.746920	0.742297	0.753421	
4310.000000	0.777130	0.677704	0.726987	0.759946	0.834550	0.724112	0.750071	0.743466	0.753421	
4320.000000	0.791488	0.682261	0.724399	0.761699	0.825919	0.719753	0.750920	0.743049	0.753421	
4330.000000	0.777260	0.689581	0.730611	0.759323	0.824384	0.719052	0.750035	0.744967	0.753421	
4340.000000	0.782629	0.686060	0.730702	0.746039	0.827020	0.710174	0.747104	0.738370	0.753421	
4350.000000	0.772227	0.702332	0.728782	0.761494	0.698665	0.715401	0.729817	0.722092	0.753421	
4360.000000	0.786514	0.691751	0.728510	0.754757	0.831499	0.713228	0.751043	0.741634	0.753421	
4370.000000	0.777196	0.695420	0.727436	0.751206	0.828989	0.717280	0.749588	0.739321	0.753421	
4380.000000	0.784334	0.677518	0.725647	0.754824	0.823899	0.716404	0.747105	0.740236	0.753421	
4390.000000	0.784931	0.689972	0.728392	0.755361	0.831291	0.712163	0.750351	0.741876	0.753421	
4400.000000	0.783167	0.688800	0.720902	0.732736	0.828938	0.721376	0.745986	0.727056	0.753421	
4410.000000	0.786350	0.683841	0.719693	0.752638	0.831027	0.718344	0.748649	0.736166	0.753421	
4420.000000	0.773533	0.689085	0.731306	0.753790	0.826573	0.713236	0.747921	0.742548	0.753421	
4430.000000	0.779592	0.695972	0.720933	0.737182	0.832084	0.720600	0.747727	0.729057	0.753421	
4440.000000	0.759537	0.691769	0.734714	0.756344	0.802332	0.715243	0.743323	0.745529	0.753421	
4450.000000	0.766233	0.710874	0.725851	0.751426	0.821006	0.716023	0.748569	0.738639	0.753421	
4460.000000	0.774942	0.675851	0.727698	0.742157	0.829693	0.713849	0.744032	0.734928	0.753421	
4470.000000	0.781935	0.700119	0.724143	0.752738	0.829064	0.707372	0.749229	0.738440	0.753421	
4480.000000	0.785194	0.704303	0.728966	0.756834	0.831725	0.721488	0.754752	0.742900	0.754752	
4490.000000	0.774188	0.709901	0.729020	0.742259	0.818540	0.715714	0.748270	0.735639	0.754752	
4500.000000	0.768175	0.711463	0.731812	0.748507	0.827403	0.712555	0.749986	0.740160	0.754752	
4510.000000	0.772385	0.707464	0.728312	0.752631	0.823849	0.712028	0.749445	0.740472	0.754752	
4520.000000	0.770586	0.707000	0.734191	0.744246	0.831511	0.722626	0.751693	0.739219	0.754752	
4530.000000	0.769696	0.688279	0.728065	0.744621	0.831706	0.712396	0.745794	0.736343	0.754752	
4540.000000	0.781528	0.713273	0.730155	0.743966	0.825890	0.718677	0.752248	0.737061	0.754752	
4550.000000	0.778837	0.698359	0.725364	0.744729	0.833153	0.717976	0.749736	0.735047	0.754752	
4560.000000	0.785938	0.694683	0.735162	0.744008	0.829467	0.707962	0.749537	0.739585	0.754752	
4570.000000	0.767003	0.692501	0.742440	0.753804	0.834575	0.721918	0.752040	0.748122	0.754752	
4580.000000	0.774290	0.708568	0.731746	0.758921	0.823050	0.721982	0.753093	0.745333	0.754752	
4590.000000	0.780032	0.714574	0.734114	0.750729	0.823038	0.719676	0.753694	0.742421	0.754752	
4600.000000	0.768170	0.723894	0.731508	0.753686	0.808569	0.721230	0.751176	0.742597	0.754752	
4610.000000	0.784125	0.713328	0.732774	0.752671	0.820213	0.722525	0.754273	0.742722	0.754752	
4620.000000	0.771544	0.716961	0.730234	0.745988	0.817993	0.721023	0.750624	0.738111	0.754752	
4630.000000	0.743282	0.704675	0.719659	0.747265	0.834298	0.705813	0.742499	0.731471	0.754752	
4640.000000	0.777736	0.710818	0.726683	0.752282	0.819320	0.716967	0.750634	0.739483	0.754752	
4650.000000	0.772190	0.715362	0.703433	0.755705	0.821257	0.717798	0.747624	0.736752	0.754752	
4660.000000	0.766182	0.688428	0.728106	0.751144	0.820968	0.712551	0.744563	0.739625	0.754752	
4670.000000	0.761726	0.710589	0.723587	0.752425	0.818074	0.706526	0.745488	0.738006	0.754752	
4680.000000	0.763638	0.700578	0.726284	0.752381	0.806606	0.716431	0.744320	0.739333	0.754752	
4690.000000	0.770104	0.719478	0.726892	0.757144	0.813158	0.718752	0.750921	0.742018	0.754752	
4700.000000	0.786948	0.698483	0.722128	0.754773	0.815118	0.714530	0.748663	0.738451	0.754752	
4710.000000	0.785224	0.681634	0.723844	0.757415	0.819565	0.718045	0.747621	0.740630	0.754752	
4720.000000	0.769585	0.722081	0.724080	0.751768	0.817766	0.705635	0.748486	0.737924	0.754752	
4730.000000	0.758348	0.705723	0.726393	0.748997	0.821094	0.716673	0.746205	0.737695	0.754752	
4740.000000	0.781694	0.705952	0.726550	0.749145	0.819364	0.710908	0.748936	0.737848	0.754752	
4750.000000	0.774847	0.721566	0.725301	0.752009	0.726973	0.720071	0.736794	0.726137	0.754752	
4760.000000	0.777559	0.690827	0.730535	0.755384	0.821091	0.724775	0.750029	0.742960	0.754752	
4770.000000	0.784009	0.707031	0.734607	0.762738	0.829265	0.723840	0.756915	0.748672	0.756915	
4780.000000	0.787942	0.699629	0.737829	0.651404	0.828171	0.715537	0.736752	0.726683	0.756915	
4790.000000	0.776705	0.701179	0.742452	0.767197	0.832977	0.716351	0.756144	0.754825	0.756915	
4800.000000	0.763561	0.706801	0.732333	0.753698	0.801190	0.716814	0.745733	0.743015	0.756915	
4810.000000	0.775946	0.700788	0.712382	0.754549	0.822465	0.720287	0.747736	0.737418	0.756915	
4820.000000	0.774656	0.684120	0.708855	0.753443	0.819502	0.717870	0.743074	0.735657	0.756915	
4830.000000	0.763504	0.740032	0.735019	0.739883	0.811331	0.718918	0.751448	0.739958	0.756915	
4840.000000	0.777518	0.681820	0.738063	0.754944	0.822484	0.710650	0.747580	0.746504	0.756915	
4850.000000	0.773727	0.698086	0.739111	0.760387	0.827051	0.698311	0.749446	0.749749	0.756915	
4860.000000	0.774429	0.667731	0.734516	0.756679	0.801014	0.715401	0.741628	0.745598	0.756915	
4870.000000	0.786965	0.682577	0.733930	0.761192	0.835889	0.701797	0.750392	0.747561	0.756915	
4880.000000	0.778150	0.699772	0.738299	0.756668	0.831083	0.720723	0.754116	0.747483	0.756915	
4890.000000	0.782127	0.702320	0.736381	0.757810	0.825359	0.727890	0.755315	0.747096	0.756915	
4900.000000	0.778788	0.700107	0.742428	0.758953	0.806883	0.726770	0.752322	0.750691	0.756915	
4910.000000	0.778890	0.694633	0.739599	0.757092	0.826925	0.725417	0.753759	0.748345	0.756915	
4920.000000	0.783149	0.699735	0.737629	0.760406	0.822799	0.727771	0.755248	0.749017	0.756915	
4930.000000	0.777068	0.693995	0.736591	0.747087	0.825478	0.723955	0.750696	0.741839	0.756915	
4940.000000	0.778600	0.706894	0.741970	0.745144	0.808487	0.717033	0.749688	0.743557	0.756915	
4950.000000	0.778297	0.693220	0.732469	0.761252	0.829756	0.720893	0.752648	0.746861	0.756915	
4960.000000	0.771288	0.690449	0.731338	0.753036	0.748953	0.715553	0.735103	0.740145	0.756915	
4970.000000	0.781541	0.680289	0.731756	0.753540	0.822383	0.719634	0.748191	0.742648	0.756915	
4980.000000	0.782960	0.687753	0.713031	0.733170	0.819590	0.713918	0.741737	0.723544	0.756915	
4990.000000	0.778074	0.687455	0.736914	0.763716	0.831640	0.724380	0.753697	0.750315	0.756915	
5000.000000	0.767993	0.698985	0.722318	0.761706	0.830121	0.722566	0.750615	0.742136	0.756915	
